[48;2;106;104;106m[38;2;112;110;112m▊[48;2;116;114;116m[38;2;110;109;111m▁[48;2;119;117;119m[38;2;117;116;117m▄[48;2;122;121;122m[38;2;141;139;141m▁[48;2;131;129;131m[38;2;149;148;149m▂[48;2;140;138;140m[38;2;163;161;163m▃[48;2;142;140;142m[38;2;162;161;163m▅[48;2;152;151;152m[38;2;167;165;167m▅[48;2;170;167;170m[38;2;160;158;160m▄[48;2;160;157;160m[38;2;180;177;180m▄[48;2;159;157;159m[38;2;187;185;187m▄[48;2;169;167;169m[38;2;190;187;190m▄[48;2;176;174;176m[38;2;204;202;204m▆[48;2;179;176;179m[38;2;202;200;202m▆[48;2;193;190;193m[38;2;156;154;156m▁[48;2;189;187;189m[38;2;129;127;129m▁[48;2;186;183;186m[38;2;119;118;119m▁[48;2;199;197;199m[38;2;181;179;181m▖[48;2;192;190;192m[38;2;187;185;187m▄[48;2;189;187;189m[38;2;172;170;172m▃[48;2;196;194;196m[38;2;180;177;180m▆[48;2;197;194;197m[38;2;190;189;190m━[48;2;191;188;191m[38;2;182;181;182m━[48;2;179;177;179m[38;2;192;191;192m▄[48;2;167;165;167m[38;2;181;178;181m▖[48;2;154;152;154m[38;2;129;128;129m▗[48;2;104;102;104m[38;2;128;126;128m▘[48;2;106;105;106m[38;2;167;165;167m▂[48;2;186;184;186m[38;2;127;126;127m▘[48;2;176;173;176m[38;2;198;196;198m▇[48;2;187;183;187m[38;2;196;194;196m▇[48;2;191;189;191m[38;2;198;196;198m▄[48;2;190;188;190m[38;2;198;195;198m▄[48;2;193;192;194m[38;2;0;0;0m [48;2;191;190;193m[38;2;199;197;200m▃[48;2;185;184;187m[38;2;0;0;0m [48;2;177;177;179m[38;2;114;113;115m▂[48;2;165;164;166m[38;2;118;117;120m▃[48;2;162;160;162m[38;2;120;119;119m▅[48;2;155;154;155m[38;2;124;123;124m━[48;2;146;143;146m[38;2;185;183;185m▄[48;2;192;190;192m[38;2;171;169;171m▘[48;2;175;172;175m[38;2;191;189;191m▇[48;2;170;168;170m[38;2;186;184;186m▇[48;2;160;158;160m[38;2;170;167;170m▌[48;2;160;157;160m[38;2;158;155;158m▄[48;2;174;173;174m[38;2;165;163;165m▊[48;2;177;174;177m[38;2;192;190;192m▆[48;2;158;155;158m[38;2;59;58;59m▝[48;2;73;71;73m[38;2;143;141;143m▆[48;2;134;132;134m[38;2;108;106;108m▂[48;2;111;109;111m[38;2;73;71;73m▂[48;2;89;87;89m[38;2;56;54;56m▅[48;2;64;63;64m[38;2;44;42;44m▆[48;2;45;43;45m[38;2;33;32;33m▂[48;2;27;26;27m[38;2;35;34;35m▎[48;2;25;24;25m[38;2;30;29;30m▁[48;2;43;40;43m[38;2;31;29;31m▊[48;2;52;50;52m[38;2;59;58;59m▄[48;2;66;64;66m[38;2;58;58;58m▌[48;2;54;52;54m[38;2;66;65;66m▅[48;2;41;39;41m[38;2;50;49;50m▎[48;2;46;45;46m[38;2;63;62;63m▃[48;2;52;50;52m[38;2;67;65;67m▂[48;2;52;51;52m[38;2;68;66;68m▂[48;2;56;55;56m[38;2;67;66;67m▃[48;2;56;54;56m[38;2;64;63;64m▖[48;2;53;52;53m[38;2;48;47;48m▖[48;2;49;47;49m[38;2;0;0;0m [48;2;44;42;44m[38;2;48;47;48m▅[48;2;57;55;57m[38;2;49;48;49m▌[48;2;58;57;58m[38;2;55;54;55m▄[48;2;53;51;53m[38;2;43;41;43m▂[48;2;55;53;55m[38;2;47;46;47m▖[48;2;65;63;65m[38;2;58;56;58m▄[48;2;62;61;62m[38;2;56;55;56m┃[48;2;68;66;68m[38;2;66;65;66m▄[48;2;51;49;51m[38;2;47;46;47m▃[48;2;53;53;53m[38;2;45;43;45m▊[48;2;1;0;1m[38;2;53;50;53m▊[0m
[48;2;100;99;100m[38;2;112;110;112m▊[48;2;112;111;112m[38;2;126;126;126m▗[48;2;144;143;145m[38;2;127;126;127m▘[48;2;157;156;158m[38;2;195;192;195m▗[48;2;169;167;169m[38;2;192;190;193m▅[48;2;177;174;177m[38;2;159;157;159m▁[48;2;173;171;173m[38;2;128;127;128m▂[48;2;162;160;162m[38;2;116;116;116m▂[48;2;148;146;148m[38;2;107;106;107m▂[48;2;161;159;161m[38;2;90;89;91m▄[48;2;160;158;160m[38;2;65;63;65m▄[48;2;155;153;155m[38;2;68;67;68m▅[48;2;145;144;145m[38;2;58;58;58m▅[48;2;128;127;128m[38;2;57;57;58m▆[48;2;98;96;98m[38;2;50;49;50m▆[48;2;92;90;92m[38;2;54;53;54m▇[48;2;98;96;98m[38;2;67;66;67m▚[48;2;161;158;161m[38;2;85;84;85m▅[48;2;162;160;162m[38;2;104;103;105m▃[48;2;153;151;153m[38;2;104;103;104m▆[48;2;182;180;182m[38;2;133;132;133m▆[48;2;172;169;172m[38;2;106;105;106m▄[48;2;165;163;165m[38;2;121;120;121m▄[48;2;170;167;170m[38;2;135;134;135m▅[48;2;151;149;151m[38;2;121;120;121m▄[48;2;118;117;118m[38;2;0;0;0m [48;2;129;127;129m[38;2;154;152;154m▝[48;2;187;184;187m[38;2;96;94;96m▅[48;2;192;190;192m▅[48;2;181;179;181m[38;2;150;148;150m▄[48;2;197;195;197m[38;2;107;106;107m▃[48;2;200;198;200m[38;2;64;63;64m▃[48;2;205;203;205m[38;2;85;83;85m▃[48;2;195;193;196m[38;2;113;112;115m▂[48;2;191;190;194m[38;2;144;144;145m━[48;2;138;138;140m[38;2;199;198;202m▃[48;2;114;113;116m[38;2;184;183;186m▆[48;2;180;179;182m[38;2;0;0;0m [48;2;169;166;168m[38;2;149;147;149m▂[48;2;173;170;172m[38;2;160;157;160m▖[48;2;176;173;176m[38;2;173;171;173m▄[48;2;181;179;181m[38;2;169;167;169m▃[48;2;192;190;192m[38;2;181;179;181m▅[48;2;183;181;183m[38;2;193;191;193m▄[48;2;176;174;176m[38;2;186;183;186m▅[48;2;165;163;165m[38;2;174;172;174m▂[48;2;183;181;183m[38;2;172;170;172m▘[48;2;178;175;178m[38;2;142;140;142m▗[48;2;166;164;166m[38;2;128;127;128m▅[48;2;113;111;113m[38;2;129;127;129m▘[48;2;70;68;70m[38;2;96;94;96m▌[48;2;56;55;56m[38;2;50;49;50m▄[48;2;45;44;45m[38;2;56;54;56m▃[48;2;40;39;40m[38;2;35;34;35m▄[48;2;31;29;31m[38;2;33;33;33m▘[38;2;39;38;39m▃[48;2;36;34;36m[38;2;49;48;49m▁[48;2;52;51;52m[38;2;75;73;75m▃[48;2;66;65;66m[38;2;78;76;78m▖[48;2;65;64;65m[38;2;60;59;60m▊[48;2;66;64;66m[38;2;73;71;73m▘[48;2;55;54;55m[38;2;42;40;42m▁[48;2;81;79;81m[38;2;68;67;68m▎[48;2;79;77;79m[38;2;82;82;82m▎[48;2;78;76;78m[38;2;75;74;75m▅[48;2;77;76;77m[38;2;74;72;74m▃[48;2;73;71;73m[38;2;69;67;69m▝[48;2;63;61;63m[38;2;74;73;74m▅[48;2;51;49;51m[38;2;73;71;73m▃[48;2;42;40;42m[38;2;60;57;60m▖[48;2;37;36;37m[38;2;45;45;45m▖[48;2;46;45;46m[38;2;34;32;34m▖[48;2;45;43;45m[38;2;39;38;39m▝[48;2;41;40;41m[38;2;31;29;31m▂[48;2;46;45;46m[38;2;31;30;31m▃[48;2;50;49;50m[38;2;40;38;40m▃[48;2;53;51;53m[38;2;43;41;43m▄[48;2;42;41;42m[38;2;32;31;32m▂[48;2;44;42;44m[38;2;32;30;32m▄[48;2;1;0;1m[38;2;43;41;43m▊[0m
[48;2;111;109;111m[38;2;145;143;145m▁[48;2;138;137;138m[38;2;163;161;163m▅[48;2;165;164;166m[38;2;153;152;153m▘[48;2;165;162;165m[38;2;130;127;129m▂[48;2;158;154;157m[38;2;111;107;110m▄[48;2;126;122;125m[38;2;78;74;77m▅[48;2;100;95;99m[38;2;59;56;58m▆[48;2;94;91;93m[38;2;48;45;47m▅[48;2;86;81;84m[38;2;41;39;41m▆[48;2;44;42;44m[38;2;0;0;0m [48;2;45;42;45m[38;2;57;53;56m▃[48;2;48;44;47m[38;2;58;54;57m▄[48;2;43;40;43m[38;2;57;53;56m▅[48;2;64;59;63m[38;2;47;44;46m▂[48;2;60;55;58m[38;2;45;42;43m▂[48;2;66;62;64m[38;2;73;69;72m┃[48;2;74;69;74m[38;2;60;56;59m▆[48;2;48;44;47m[38;2;76;71;74m▘[48;2;76;71;74m[38;2;44;41;43m▅[48;2;83;78;81m[38;2;43;41;42m▆[48;2;91;87;90m[38;2;50;47;49m▇[48;2;83;81;83m[38;2;69;69;70m▆[48;2;111;109;111m[38;2;85;83;85m▅[48;2;112;111;112m[38;2;80;78;80m▆[48;2;106;104;106m[38;2;88;86;88m▆[48;2;111;109;111m[38;2;113;111;113m▄[48;2;109;107;109m[38;2;77;76;77m▗[48;2;101;99;101m[38;2;66;64;66m▝[48;2;113;111;113m[38;2;84;81;84m▌[48;2;142;142;142m[38;2;102;100;102m▇[48;2;103;101;103m[38;2;142;140;142m▚[48;2;84;82;84m[38;2;121;119;121m▃[48;2;64;62;64m[38;2;117;116;117m▖[48;2;103;102;102m[38;2;63;62;63m▆[48;2;177;174;176m[38;2;179;177;179m▄[48;2;196;193;195m[38;2;159;157;159m▃[48;2;200;197;199m[38;2;140;138;140m▁[48;2;195;192;195m[38;2;161;158;160m▝[48;2;155;153;155m[38;2;163;161;163m▄[48;2;152;149;152m[38;2;164;162;164m▃[48;2;164;162;164m[38;2;147;145;147m▘[48;2;180;178;180m[38;2;117;116;117m▁[48;2;186;184;186m[38;2;116;115;116m▂[48;2;179;177;179m[38;2;90;89;90m▃[48;2;192;190;192m[38;2;89;88;89m▃[48;2;185;183;185m[38;2;90;89;90m▄[48;2;177;175;177m[38;2;85;84;85m▄[48;2;141;139;141m[38;2;107;106;107m▅[48;2;124;122;124m[38;2;128;127;128m▄[48;2;100;99;100m[38;2;120;118;119m▌[48;2;62;62;62m[38;2;80;77;80m▎[48;2;43;42;43m[38;2;54;53;54m▘[48;2;41;41;41m[38;2;35;34;35m▅[48;2;39;38;39m[38;2;56;55;56m▗[48;2;43;41;43m[38;2;55;53;55m▅[48;2;47;45;47m[38;2;64;63;64m▃[48;2;74;72;74m[38;2;0;0;0m [48;2;81;80;81m[38;2;76;74;76m▃[48;2;76;74;76m[38;2;70;68;70m▝[48;2;65;63;65m[38;2;69;68;69m▖[48;2;63;61;63m[38;2;59;59;59m▃[48;2;40;39;40m[38;2;61;60;61m▃[48;2;67;65;67m[38;2;47;46;47m▎[48;2;71;69;71m[38;2;0;0;0m [48;2;73;71;73m[38;2;74;73;74m▁[48;2;75;74;75m[38;2;74;72;74m▅▅[48;2;79;78;79m▄[48;2;71;70;71m[38;2;76;74;76m▘[48;2;69;67;69m[38;2;0;0;0m [48;2;61;59;61m[38;2;75;74;75m▖[48;2;46;44;46m[38;2;56;55;56m▆[48;2;48;47;48m[38;2;57;55;57m▃[48;2;35;33;35m[38;2;51;50;51m▃[48;2;27;26;27m[38;2;42;40;42m▁[48;2;35;33;35m[38;2;29;27;29m▄[48;2;34;33;34m[38;2;40;39;40m▄[48;2;25;24;25m▄[48;2;28;26;28m[38;2;40;38;40m▄[48;2;1;0;1m[38;2;32;31;32m▊[0m
[48;2;190;187;190m[38;2;152;150;152m▘[48;2;173;170;173m[38;2;0;0;0m [48;2;140;139;141m[38;2;88;87;88m▂[48;2;110;109;110m[38;2;59;57;58m▅[48;2;78;74;77m[38;2;46;43;45m▇[48;2;50;47;50m[38;2;35;33;35m▇[48;2;30;28;30m[38;2;38;36;37m▘[48;2;32;30;32m[38;2;45;42;44m▂[48;2;36;33;35m[38;2;47;44;47m▅[48;2;42;39;41m[38;2;44;41;44m▌[48;2;51;48;50m[38;2;42;40;42m▇[48;2;45;42;44m[38;2;36;33;35m▅[48;2;48;45;48m[38;2;29;26;28m▅[48;2;43;40;43m[38;2;30;28;30m▅[48;2;37;35;36m[38;2;35;32;34m▘[48;2;51;48;50m[38;2;41;38;40m▅[48;2;46;43;46m[38;2;37;34;36m▅[48;2;34;31;33m[38;2;42;39;41m▂[48;2;33;31;33m[38;2;38;34;37m▂[48;2;31;29;31m[38;2;39;36;38m▝[48;2;48;45;47m[38;2;56;53;56m▝[48;2;52;50;52m[38;2;43;42;44m▅[48;2;62;60;62m[38;2;40;40;40m▂[48;2;74;72;74m[38;2;57;56;57m▌[48;2;90;88;90m[38;2;72;70;72m▂[48;2;101;99;101m[38;2;87;86;87m▁[48;2;93;91;93m[38;2;66;65;66m▝[48;2;81;80;81m[38;2;54;53;54m▘[48;2;89;88;89m[38;2;67;65;67m▂[48;2;88;86;88m[38;2;64;62;64m▃[48;2;93;92;93m[38;2;50;49;50m▆[48;2;107;104;107m[38;2;48;47;48m▆[48;2;112;110;112m[38;2;68;67;68m▖[48;2;121;119;121m[38;2;66;65;66m▝[48;2;118;116;118m[38;2;69;68;69m▇[48;2;146;144;146m[38;2;73;71;73m▆[48;2;138;137;138m[38;2;80;79;81m▄[48;2;179;177;179m[38;2;110;109;111m▂[48;2;158;156;158m[38;2;114;112;114m▄[48;2;131;129;131m[38;2;90;89;90m━[48;2;95;94;95m[38;2;134;132;134m▄[48;2;91;89;91m[38;2;128;127;128m▅[48;2;91;90;91m[38;2;146;144;146m▃[48;2;87;86;87m[38;2;152;150;152m▅[48;2;116;115;116m[38;2;171;169;171m▅[48;2;122;120;122m[38;2;174;172;174m▅[48;2;134;133;134m[38;2;168;166;168m▇[48;2;153;152;153m[38;2;175;172;174m▆[48;2;159;157;159m[38;2;172;169;171m▄[48;2;130;129;130m[38;2;171;168;170m▅[48;2;90;88;90m[38;2;175;172;175m▅[48;2;54;53;54m[38;2;100;98;99m▎[48;2;43;42;43m[38;2;64;63;64m▁[48;2;75;73;75m[38;2;54;52;54m▘[48;2;69;67;69m[38;2;82;81;82m▅[48;2;73;72;73m[38;2;80;78;80m━[48;2;70;68;70m[38;2;74;72;74m▘[48;2;72;71;72m[38;2;70;69;70m▅[48;2;72;70;72m[38;2;70;68;70m▖[48;2;70;69;70m[38;2;72;70;72m▌[48;2;69;67;69m[38;2;70;69;70m▃[48;2;67;65;67m[38;2;73;72;73m▃[48;2;71;70;71m[38;2;77;75;77m▄[48;2;74;73;74m▂[38;2;76;74;76m▝[48;2;77;75;77m[38;2;75;74;75m▅[48;2;75;74;75m[38;2;74;73;74m▝[48;2;74;72;74m[38;2;75;74;75m▂[38;2;76;75;76m▘[48;2;70;69;70m[38;2;64;63;64m▝[48;2;63;62;63m[38;2;58;57;58m▄[48;2;57;56;57m[38;2;44;42;44m▂[48;2;54;52;54m[38;2;36;34;36m▂[48;2;56;54;56m[38;2;33;32;33m▂[48;2;52;50;52m[38;2;40;38;40m▂[48;2;42;41;42m[38;2;49;48;49m▆[48;2;45;43;45m[38;2;51;50;51m▅[48;2;46;44;46m[38;2;52;51;52m▁[48;2;47;46;47m[38;2;51;49;51m▝[48;2;1;0;1m[38;2;53;51;53m▊[0m
[48;2;182;180;182m[38;2;119;118;119m▗[48;2;129;127;129m[38;2;65;63;65m▅[48;2;44;43;44m[38;2;0;0;0m [48;2;42;41;42m[38;2;30;29;30m▇[48;2;35;32;34m[38;2;28;25;27m▇[48;2;29;27;28m[38;2;0;0;0m [48;2;47;43;46m[38;2;33;31;32m▘[48;2;44;41;43m[38;2;39;36;39m▃[48;2;42;39;41m[38;2;37;34;36m▃[48;2;39;37;38m[38;2;36;33;35m▃[48;2;38;35;37m[38;2;34;31;34m▗[48;2;31;28;30m[38;2;37;34;36m▂[48;2;28;26;27m[38;2;35;32;34m▅[48;2;35;32;34m[38;2;33;30;32m▗[48;2;36;34;35m[38;2;30;27;29m▆[48;2;38;36;38m[38;2;32;29;32m▆[38;2;32;30;32m▃[48;2;38;37;38m[38;2;35;34;35m▂[48;2;33;31;32m[38;2;31;29;31m▁[48;2;39;37;39m[38;2;32;31;32m▊[48;2;41;39;41m[38;2;30;29;30m▗[48;2;38;36;38m[38;2;27;26;27m▆[48;2;30;29;30m[38;2;33;32;33m▗[48;2;42;41;42m[38;2;35;33;35m▊[48;2;47;45;47m[38;2;60;58;60m▝[48;2;74;72;74m[38;2;49;46;49m▂[48;2;91;90;91m[38;2;64;62;64m▄[48;2;53;51;53m[38;2;70;68;70m▘[48;2;50;49;50m[38;2;72;71;72m▂[48;2;66;64;66m[38;2;84;82;84m▄[48;2;54;53;54m[38;2;88;87;88m▇[48;2;74;72;74m[38;2;50;49;50m▗[48;2;52;51;52m[38;2;73;72;73m▁[48;2;108;105;107m[38;2;84;81;83m▆[48;2;124;121;124m[38;2;106;102;105m▄[48;2;75;75;76m[38;2;106;103;106m▇[48;2;102;98;101m[38;2;88;85;86m▃[48;2;104;101;103m[38;2;77;74;76m▄[48;2;126;125;126m[38;2;78;76;78m▆[48;2;138;137;138m[38;2;95;93;95m▆[48;2;149;147;149m[38;2;119;118;119m▁[48;2;163;161;163m[38;2;139;138;139m▃[48;2;173;171;173m[38;2;157;156;157m▇[48;2;168;166;168m[38;2;153;151;153m▂[48;2;178;175;178m[38;2;122;120;122m▂[48;2;174;171;174m[38;2;86;84;85m▂[48;2;170;170;172m[38;2;103;102;105m▃[48;2;182;181;183m[38;2;125;124;127m▃[48;2;186;185;188m[38;2;142;142;144m▄[48;2;185;184;186m[38;2;156;156;158m▅[48;2;180;179;181m[38;2;208;206;209m▚[48;2;100;98;99m[38;2;158;155;157m▎[48;2;76;75;76m[38;2;80;77;79m▄[48;2;84;83;84m[38;2;65;64;65m▂[48;2;77;75;76m[38;2;71;69;71m▃[48;2;65;64;65m[38;2;59;57;59m▗[38;2;62;60;62m▎[48;2;71;69;71m[38;2;72;71;72m▂[38;2;69;68;69m▄[48;2;70;69;70m▎[48;2;69;67;69m[38;2;70;69;70m▁[48;2;73;73;73m[38;2;68;66;68m▇[48;2;73;71;73m[38;2;68;67;68m▅[48;2;74;72;74m[38;2;70;68;70m▅[48;2;71;69;71m[38;2;0;0;0m [48;2;72;70;72m [48;2;73;71;73m[38;2;75;74;75m▗[48;2;76;75;76m[38;2;82;81;82m▃[38;2;83;81;83m▃[48;2;75;73;75m[38;2;81;80;81m▄[48;2;61;58;61m[38;2;74;72;74m▇[48;2;48;48;48m[38;2;72;70;72m▆[48;2;47;46;47m[38;2;71;70;71m▆[48;2;44;43;44m[38;2;70;69;70m▅[48;2;52;50;52m[38;2;71;69;71m▄[48;2;58;56;58m[38;2;70;69;70m▄[48;2;58;57;58m[38;2;66;64;66m▄[48;2;56;55;56m[38;2;60;59;60m▇[48;2;56;54;56m[38;2;65;63;65m▗[48;2;1;0;1m[38;2;58;56;58m▊[0m
[48;2;59;58;59m[38;2;121;118;121m▘[48;2;35;35;35m[38;2;0;0;0m [48;2;30;29;30m[38;2;26;25;26m▄[48;2;24;23;24m[38;2;28;26;28m▁[48;2;27;24;27m[38;2;32;29;31m▅[48;2;36;33;35m[38;2;33;30;33m▅[48;2;40;38;40m[38;2;35;32;34m▆[48;2;37;34;37m[38;2;34;31;33m▆[48;2;34;31;33m[38;2;33;30;32m▄[48;2;34;30;33m[38;2;34;31;33m▄[48;2;34;31;33m[38;2;36;33;35m▂[48;2;38;35;37m▚[38;2;35;32;34m▄[48;2;30;27;30m[38;2;25;22;24m▗[48;2;32;29;31m[38;2;27;24;26m▖[48;2;30;27;29m[38;2;34;31;33m▄[48;2;32;29;31m[38;2;30;27;29m▆[48;2;32;31;32m[38;2;32;30;32m▄[48;2;33;32;33m[38;2;36;35;36m▄[48;2;35;34;35m[38;2;38;37;38m▇[48;2;34;33;34m[38;2;37;36;37m▄[48;2;36;34;36m[38;2;39;38;39m▂[48;2;40;39;40m▄[48;2;41;40;41m[38;2;36;34;36m▂[48;2;37;35;37m[38;2;38;36;38m▄[48;2;37;36;37m[38;2;40;38;40m▄[48;2;56;55;56m[38;2;40;39;40m▘[48;2;71;70;71m[38;2;58;56;58m▂[48;2;79;78;79m[38;2;59;58;59m▃[48;2;75;74;75m[38;2;64;62;64m▃[48;2;83;82;83m[38;2;70;69;70m▘[48;2;107;105;107m[38;2;89;87;89m▃[48;2;88;87;88m[38;2;110;108;110m▘[48;2;105;102;104m[38;2;83;81;83m▂[48;2;103;99;101m[38;2;94;91;94m▂[48;2;100;97;99m[38;2;113;109;112m▘[48;2;92;89;91m[38;2;82;78;82m▗[48;2;93;90;93m[38;2;69;65;68m▃[48;2;93;91;93m[38;2;59;58;59m▂[48;2;78;77;78m[38;2;85;83;86m▘[48;2;74;72;74m[38;2;107;106;107m▝[48;2;166;165;166m[38;2;94;92;94m▅[48;2;119;118;119m[38;2;159;157;159m▚[48;2;94;93;94m[38;2;175;173;175m▂[48;2;88;87;88m[38;2;154;152;154m▅[48;2;111;108;110m[38;2;164;162;164m▄[48;2;131;130;133m[38;2;177;177;179m▃[48;2;137;136;139m[38;2;178;178;180m▃[48;2;155;155;157m[38;2;180;180;182m▃[48;2;166;166;168m[38;2;180;179;182m▂[48;2;214;211;213m[38;2;186;186;189m▌[48;2;129;127;128m[38;2;186;183;185m▊[48;2;62;61;62m[38;2;93;92;93m▎[48;2;45;44;45m[38;2;52;51;52m▎[48;2;53;52;53m[38;2;63;62;63m▝[48;2;62;61;62m[38;2;66;65;66m▄[48;2;72;71;72m[38;2;68;67;68m▘[38;2;73;71;73m▄[48;2;73;72;73m[38;2;72;71;72m▄[48;2;70;69;70m[38;2;72;70;72m▊[38;2;69;67;69m▄[38;2;71;69;71m▄[48;2;72;70;72m[38;2;73;71;73m▝[38;2;73;72;73m▄[38;2;78;77;78m▄[48;2;75;74;75m[38;2;82;80;82m▃[48;2;77;75;77m[38;2;83;82;83m▃[48;2;80;79;80m[38;2;82;81;82m▖[48;2;84;82;84m[38;2;89;88;89m▂[38;2;91;89;91m▂[48;2;83;82;83m[38;2;89;87;89m▂[48;2;81;80;81m[38;2;79;77;79m┃[48;2;76;74;76m[38;2;81;79;81m▄[48;2;76;75;76m[38;2;62;60;62m▁[48;2;73;71;73m[38;2;54;52;54m▃[48;2;68;67;68m[38;2;54;53;54m▅[48;2;56;54;56m[38;2;73;71;73m▃[48;2;57;55;57m[38;2;69;68;69m▅[48;2;72;70;72m[38;2;68;67;68m▂[48;2;1;0;1m[38;2;76;75;76m▊[0m
[48;2;41;40;41m[38;2;76;75;76m▎[48;2;29;28;29m[38;2;24;23;24m▄[48;2;23;22;23m[38;2;29;28;29m▗[48;2;30;28;29m[38;2;0;0;0m [48;2;31;28;31m[38;2;27;24;27m▂[48;2;30;27;30m[38;2;28;25;27m▆[48;2;28;25;27m[38;2;28;25;28m┃[48;2;32;29;31m▌[48;2;33;30;32m[38;2;35;32;34m▃[48;2;34;31;34m[38;2;0;0;0m [48;2;33;30;32m[38;2;24;20;23m▃[48;2;31;27;30m[38;2;32;29;31m▄[48;2;36;33;35m[38;2;37;34;36m▃[48;2;34;31;33m[38;2;38;35;37m▄[48;2;35;32;34m[38;2;37;35;37m▂[38;2;32;29;31m▝[48;2;30;27;29m[38;2;29;26;28m▘[48;2;29;26;28m[38;2;24;20;23m▗[48;2;30;27;29m[38;2;34;30;33m▗[48;2;36;33;35m[38;2;40;38;39m▝[48;2;44;42;44m[38;2;50;48;50m━[48;2;44;43;44m[38;2;52;51;52m▄[48;2;41;40;41m[38;2;48;47;48m▃[48;2;36;35;37m[38;2;44;42;44m▅[48;2;44;43;44m[38;2;47;46;47m━[48;2;48;46;48m[38;2;42;41;42m▃[48;2;51;49;51m[38;2;43;42;44m▆[48;2;48;47;48m[38;2;43;41;43m▊[48;2;59;58;59m[38;2;50;49;50m▆[48;2;60;57;59m[38;2;59;55;58m▄[48;2;80;78;80m[38;2;67;64;67m▅[48;2;78;76;78m[38;2;72;68;72m▅[48;2;73;70;72m[38;2;82;78;81m▃[48;2;73;71;73m[38;2;94;93;94m▃[48;2;85;82;85m[38;2;102;101;103m▄[48;2;88;86;88m[38;2;71;71;72m▗[48;2;79;75;78m[38;2;62;62;63m▆[48;2;65;63;65m[38;2;187;184;187m▂[48;2;63;62;63m[38;2;0;0;0m [48;2;63;61;63m[38;2;103;101;103m▁[48;2;81;79;81m[38;2;67;66;67m▆[48;2;62;61;62m[38;2;94;92;94m▅[48;2;93;92;93m[38;2;0;0;0m [48;2;152;150;152m[38;2;92;91;92m▖[48;2;179;176;179m[38;2;162;160;161m━[48;2;187;185;187m[38;2;176;173;175m▄[48;2;194;192;195m[38;2;189;187;190m▄[48;2;184;182;185m[38;2;189;187;191m▌[48;2;180;180;183m[38;2;184;182;186m▄[48;2;184;182;185m[38;2;191;190;193m▃[48;2;195;193;196m[38;2;162;161;163m▆[48;2;181;178;181m[38;2;140;138;139m▄[48;2;131;130;131m[38;2;86;85;86m▝[48;2;55;54;55m[38;2;91;88;91m▖[48;2;46;45;46m[38;2;0;0;0m [48;2;68;67;68m[38;2;55;54;55m▎[48;2;75;74;75m[38;2;71;70;71m▊[48;2;73;72;73m[38;2;75;73;75m▄[48;2;71;70;71m[38;2;70;68;70m▂[48;2;69;68;69m[38;2;64;62;64m▂[48;2;65;63;65m[38;2;57;56;57m▂[48;2;64;63;64m▂[48;2;66;64;66m[38;2;58;56;58m▃[38;2;55;53;55m▃[48;2;71;70;71m[38;2;54;53;54m▃[48;2;80;78;80m[38;2;61;60;61m▃[48;2;84;82;84m[38;2;66;64;66m▃[48;2;78;77;78m▃[48;2;85;83;85m[38;2;50;48;50m▂[48;2;90;89;90m[38;2;52;51;52m▂[48;2;91;89;91m[38;2;57;55;57m▃[48;2;80;79;80m[38;2;55;53;55m▄[48;2;68;67;68m[38;2;57;55;57m━[48;2;51;49;51m[38;2;75;74;75m▅[48;2;61;59;61m[38;2;76;74;76m▆[48;2;71;69;71m[38;2;67;66;67m▄[48;2;71;70;71m[38;2;68;66;68m▅[48;2;67;65;67m[38;2;68;67;68m▌[48;2;69;67;69m[38;2;72;69;72m▗[48;2;1;0;1m[38;2;77;75;77m▊[0m
[48;2;31;29;31m[38;2;51;50;51m▘[48;2;23;21;23m[38;2;0;0;0m [48;2;26;24;26m[38;2;23;21;23m▃[38;2;23;20;23m▂[48;2;25;21;24m[38;2;27;24;26m▝[48;2;27;23;26m[38;2;28;25;27m▊[38;2;29;26;29m▂[48;2;33;30;32m[38;2;29;26;28m▘[38;2;0;0;0m [48;2;28;25;27m[38;2;22;18;21m▅[48;2;24;20;23m[38;2;32;28;31m▄[48;2;37;35;37m[38;2;45;41;44m▄[48;2;39;37;39m[38;2;42;39;41m▄[48;2;37;34;36m[38;2;39;37;39m▎[48;2;38;36;38m[38;2;45;42;44m▗[38;2;46;43;45m▖[48;2;29;26;29m[38;2;35;32;34m▊[48;2;28;25;27m[38;2;22;19;22m▊[48;2;36;33;35m[38;2;32;29;31m▎[38;2;39;36;38m▗[48;2;37;35;37m[38;2;0;0;0m [48;2;39;38;39m[38;2;34;32;34m▂[48;2;48;46;48m[38;2;41;39;41m▅[48;2;46;45;46m[38;2;43;41;43m▄[48;2;43;42;43m[38;2;45;44;45m▆[48;2;42;41;42m[38;2;51;49;51m▃[48;2;48;47;48m[38;2;55;54;55m▃[48;2;58;56;58m[38;2;49;48;49m▘[48;2;61;59;61m[38;2;65;64;65m━[48;2;64;61;63m[38;2;70;66;69m━[48;2;61;58;61m[38;2;66;62;65m▄[48;2;67;63;66m[38;2;58;55;58m▄[48;2;75;72;74m[38;2;64;59;63m▅[48;2;83;81;83m[38;2;67;64;66m▆[48;2;95;93;95m[38;2;66;65;66m▆[48;2;115;113;115m[38;2;60;58;60m▄[48;2;97;95;97m[38;2;96;94;96m▄[48;2;174;172;174m[38;2;122;120;122m▌[48;2;137;135;137m[38;2;219;216;219m▇[48;2;185;183;185m[38;2;146;145;146m▘[48;2;129;127;129m[38;2;203;201;203m▆[48;2;69;68;69m[38;2;126;124;126m▖[38;2;85;83;84m▘[48;2;139;137;138m[38;2;72;71;72m▊[48;2;178;176;178m[38;2;180;177;180m▄[48;2;192;190;192m[38;2;186;184;186m▆[48;2;188;188;191m[38;2;193;190;191m▎[48;2;186;184;187m[38;2;185;184;187m▄[48;2;186;184;188m[38;2;183;182;185m▎[48;2;187;185;188m[38;2;193;192;195m▝[48;2;190;188;191m[38;2;0;0;0m [48;2;121;120;121m[38;2;186;184;185m▃[48;2;127;125;127m[38;2;97;95;97m▇[48;2;75;73;75m[38;2;106;104;106m▘[48;2;51;50;51m[38;2;63;62;63m▎[48;2;60;58;60m[38;2;53;52;53m▊[48;2;71;69;71m[38;2;59;57;59m▃[38;2;66;64;66m▃[48;2;65;64;65m[38;2;58;57;58m▂[48;2;58;57;58m[38;2;44;43;44m▂[48;2;49;48;49m[38;2;34;33;34m▃[48;2;46;44;46m▄[48;2;47;46;47m[38;2;36;35;36m▅[48;2;35;34;35m[38;2;44;42;44m▁[48;2;34;32;34m[38;2;39;38;39m▁[48;2;48;46;48m[38;2;32;31;32m▆[48;2;44;42;44m[38;2;30;29;30m▅[48;2;48;47;48m[38;2;34;33;34m▄[48;2;45;43;45m[38;2;35;33;35m▃[48;2;48;46;48m[38;2;33;32;33m▂[48;2;54;53;54m[38;2;39;37;39m▂[48;2;66;65;66m[38;2;46;44;46m▄[48;2;65;64;65m[38;2;44;42;44m▄[48;2;62;60;62m[38;2;51;50;51m▃[48;2;62;61;62m[38;2;52;49;52m▃[48;2;63;62;63m[38;2;59;58;59m▃[48;2;66;64;66m[38;2;65;63;65m▊[48;2;67;64;67m[38;2;66;64;66m▌[48;2;70;70;70m[38;2;67;65;67m▊[48;2;1;0;1m[38;2;75;73;75m▊[0m
[48;2;20;18;20m[38;2;28;26;28m▎[48;2;22;20;22m[38;2;18;17;18m▅[48;2;21;18;21m[38;2;19;17;19m▃[48;2;21;19;21m[38;2;21;18;21m▃[48;2;20;18;20m[38;2;22;19;22m▝[48;2;24;22;24m[38;2;27;24;26m▝[48;2;30;28;30m[38;2;33;30;32m▝[48;2;32;29;31m[38;2;25;24;25m▃[48;2;27;25;26m[38;2;24;21;24m▖[48;2;30;28;30m[38;2;22;19;22m▘[48;2;37;34;36m[38;2;39;37;39m▆[48;2;44;42;43m[38;2;48;45;47m┃[48;2;38;35;37m[38;2;42;40;41m▘[48;2;40;37;39m[38;2;35;32;34m▌[48;2;46;43;45m[38;2;42;39;41m▎[48;2;41;39;41m[38;2;50;46;49m▘[48;2;34;31;33m[38;2;0;0;0m [48;2;28;25;26m[38;2;36;33;35m▅[48;2;38;35;37m[38;2;41;38;40m▂[48;2;43;40;43m[38;2;40;38;39m▊[48;2;39;37;38m[38;2;42;39;42m▌[48;2;31;31;32m[38;2;39;38;39m▄[48;2;42;40;42m▎[48;2;43;42;43m[38;2;50;48;50m▗[48;2;53;51;53m[38;2;47;45;47m▘[48;2;54;53;54m[38;2;56;55;56m▄[48;2;59;57;59m[38;2;57;55;57m▚[48;2;61;60;61m[38;2;62;61;62m▄[38;2;66;64;66m▆[48;2;59;55;59m[38;2;69;66;69m▅[48;2;55;51;54m[38;2;72;68;71m▄[48;2;52;49;52m[38;2;61;57;60m▄[48;2;53;49;51m[38;2;73;69;72m▃[48;2;46;43;45m[38;2;80;78;80m▃[48;2;57;56;57m[38;2;79;78;80m▂[48;2;66;65;66m[38;2;74;73;74m▝[48;2;85;83;85m[38;2;81;80;81m▄[48;2;96;93;96m[38;2;69;68;69m▇[48;2;165;164;165m[38;2;72;71;72m▆[48;2;194;192;194m[38;2;103;102;103m▂[48;2;212;209;212m[38;2;0;0;0m [48;2;58;57;58m[38;2;162;160;161m▌[48;2;61;60;62m[38;2;70;69;71m┃[48;2;176;174;177m[38;2;88;87;89m▌[48;2;199;197;200m[38;2;208;206;209m▌[48;2;188;184;186m[38;2;193;191;194m▅[48;2;188;187;189m[38;2;189;188;191m▄[48;2;188;186;189m▄[48;2;187;186;189m[38;2;190;188;191m▂[48;2;187;185;188m[38;2;0;0;0m [48;2;189;186;189m [48;2;191;189;192m [48;2;198;196;199m [48;2;96;95;96m[38;2;207;205;208m▆[48;2;72;71;73m[38;2;188;187;190m▖[48;2;49;48;49m[38;2;67;65;66m▗[48;2;54;53;54m[38;2;89;87;89m▂[48;2;58;56;58m[38;2;47;46;47m▅[48;2;48;47;48m[38;2;40;39;40m▅[48;2;37;35;37m[38;2;44;43;44m▁[48;2;35;35;35m[38;2;34;32;34m▄[48;2;39;38;39m[38;2;39;38;39m▄[48;2;46;44;46m[38;2;37;36;37m▂[48;2;48;46;48m[38;2;29;28;29m▂[48;2;45;44;45m[38;2;0;0;0m [48;2;36;34;36m[38;2;47;46;47m▂[48;2;30;29;30m[38;2;41;40;41m▂[48;2;30;28;30m[38;2;43;41;43m▂[48;2;33;31;33m[38;2;56;54;56m▂[48;2;30;30;30m[38;2;53;52;53m▃[48;2;29;28;29m[38;2;43;42;43m▄[48;2;35;34;35m[38;2;26;25;26m▇[48;2;34;33;34m[38;2;42;41;42m▁[48;2;41;40;41m[38;2;52;51;52m▃[48;2;48;47;48m[38;2;57;55;57m▅[48;2;63;61;63m[38;2;59;58;59m▘[48;2;64;63;64m[38;2;65;63;65m▃[48;2;67;66;67m[38;2;0;0;0m [38;2;73;71;73m▗[48;2;1;0;1m[38;2;75;73;75m▊[0m
[48;2;17;15;17m[38;2;0;0;0m [48;2;13;11;13m[38;2;16;14;16m▘[48;2;17;14;17m[38;2;12;9;12m▅[48;2;17;15;17m[38;2;14;12;14m▅[48;2;19;17;19m[38;2;23;21;23m▗[48;2;27;25;27m[38;2;0;0;0m [48;2;23;22;23m[38;2;31;30;31m▘[48;2;24;22;24m[38;2;23;22;23m▄[48;2;30;28;30m[38;2;26;24;26m▘[48;2;36;34;36m[38;2;33;31;33m▌[48;2;38;37;38m[38;2;0;0;0m [48;2;39;38;39m[38;2;34;32;34m▗[48;2;31;28;30m[38;2;35;32;34m▚[48;2;44;41;43m[38;2;40;37;39m▌[48;2;47;44;46m[38;2;46;43;45m▄[48;2;39;37;39m[38;2;42;39;41m▌[48;2;38;35;37m[38;2;41;38;40m▃[48;2;41;38;40m[38;2;36;33;35m▁[48;2;43;40;43m[38;2;31;28;30m▂[48;2;48;44;47m[38;2;35;31;34m▃[48;2;44;41;43m▖[48;2;43;42;43m[38;2;46;44;46m▗[48;2;48;46;48m[38;2;55;54;55m▁[48;2;52;51;52m[38;2;63;62;63m▂[48;2;55;54;55m[38;2;61;60;61m▄[38;2;63;61;63m▄[48;2;57;55;57m[38;2;68;67;68m▃[48;2;55;54;56m[38;2;80;79;80m▃[48;2;61;60;61m[38;2;95;94;95m▂[48;2;62;59;63m[38;2;87;84;86m▃[48;2;83;79;82m[38;2;80;77;80m▄[48;2;101;98;100m[38;2;96;93;95m▄[48;2;94;91;93m[38;2;116;113;115m▆[48;2;93;91;93m[38;2;115;112;114m▆[48;2;76;76;77m[38;2;105;103;105m▌[48;2;76;75;76m[38;2;65;63;65m▌[48;2;93;91;93m[38;2;77;76;77m▄[38;2;87;86;87m▃[48;2;83;81;83m[38;2;77;76;77m▁[48;2;76;75;76m[38;2;0;0;0m [48;2;154;152;154m[38;2;75;73;74m▄[48;2;70;69;70m[38;2;0;0;0m [48;2;98;97;100m[38;2;194;193;196m▃[48;2;203;201;204m[38;2;0;0;0m [48;2;194;193;196m[38;2;201;199;202m▘[48;2;195;192;195m[38;2;191;191;194m▇[48;2;192;191;194m[38;2;190;189;192m▇[48;2;192;192;195m▇[48;2;191;190;193m[38;2;189;187;191m▄[48;2;190;188;191m[38;2;185;184;187m▝[48;2;188;187;190m[38;2;184;181;184m▘[38;2;190;188;191m━[48;2;191;190;193m[38;2;184;183;186m▁[48;2;189;187;190m[38;2;203;202;205m▝[48;2;176;172;174m▊[48;2;74;72;73m[38;2;138;136;137m▃[48;2;69;68;69m[38;2;136;134;136m▂[48;2;76;75;76m[38;2;145;143;145m▃[48;2;46;44;46m[38;2;0;0;0m [48;2;52;51;52m[38;2;60;58;60m▁[48;2;44;43;44m[38;2;53;51;53m▆[48;2;44;42;44m[38;2;52;51;52m▄[48;2;35;33;35m[38;2;57;56;57m▆[48;2;29;28;29m[38;2;56;54;56m▆[48;2;56;54;56m[38;2;44;42;44m▘[48;2;51;50;51m[38;2;39;37;39m▂[48;2;45;43;45m[38;2;30;29;30m▂[48;2;41;40;41m[38;2;26;24;26m▃[48;2;47;45;47m[38;2;24;23;24m▄▅[48;2;27;26;27m[38;2;36;34;36m▁[48;2;44;43;44m[38;2;33;32;33m▌[48;2;55;53;55m[38;2;46;44;46m▘[48;2;59;57;59m[38;2;63;61;63m▗[48;2;62;61;62m[38;2;65;63;65m▗[48;2;67;66;67m[38;2;69;67;69m▂[38;2;71;70;71m▂[48;2;68;67;68m▂[48;2;71;70;71m[38;2;74;73;74m▆[48;2;1;0;1m[38;2;75;73;75m▊[0m
[48;2;13;11;13m[38;2;10;8;10m▄[48;2;11;8;11m▆[48;2;12;10;12m▌[48;2;16;14;16m[38;2;17;16;17m▂[48;2;24;21;24m[38;2;21;18;20m▌[48;2;25;23;25m[38;2;21;18;21m▆[48;2;21;19;21m[38;2;25;21;24m▗[48;2;23;21;23m[38;2;29;26;28m▅[48;2;29;28;29m[38;2;31;29;31m▅[48;2;31;29;31m[38;2;34;32;34m▗[48;2;32;30;32m[38;2;32;31;32m▄[48;2;30;29;30m[38;2;33;32;33m▄[48;2;40;38;40m[38;2;38;36;38m▌[48;2;45;42;44m[38;2;49;46;48m▗[48;2;44;41;43m[38;2;47;44;46m▎[48;2;41;39;40m[38;2;40;38;40m▊[48;2;43;40;42m[38;2;40;38;39m▝[48;2;37;34;36m[38;2;44;42;44m▗[48;2;43;40;42m[38;2;58;55;57m▃[38;2;52;49;52m▄[48;2;43;40;43m[38;2;51;48;50m▄[48;2;47;46;47m[38;2;52;51;53m▄[48;2;55;54;55m[38;2;48;46;48m▃[48;2;60;59;60m[38;2;37;35;37m▄[48;2;59;58;59m[38;2;34;33;34m▃[48;2;60;58;60m[38;2;44;43;44m▁[48;2;70;68;70m[38;2;55;53;55m▆[48;2;88;86;88m[38;2;50;48;50m▆[38;2;44;42;44m▄[48;2;96;93;95m[38;2;46;43;46m▃[48;2;103;100;102m[38;2;66;63;67m▁[48;2;82;77;80m[38;2;105;102;104m▄[48;2;88;85;87m[38;2;111;108;109m▝[48;2;110;108;110m[38;2;91;87;90m▂[48;2;69;67;69m[38;2;91;89;91m▌[48;2;87;85;87m[38;2;66;64;66m▌[48;2;71;70;72m[38;2;83;80;83m▆[48;2;80;79;80m[38;2;51;48;51m▃[48;2;58;55;58m[38;2;80;78;80m▘[48;2;56;54;55m[38;2;77;74;77m▃[48;2;63;61;63m[38;2;135;131;134m▗[48;2;211;206;209m[38;2;116;114;115m▘[48;2;210;209;213m[38;2;204;203;206m▆[48;2;194;193;196m[38;2;197;196;199m▘[48;2;189;187;190m[38;2;192;191;194m▄[38;2;191;191;194m▄[48;2;185;185;188m[38;2;190;188;191m▎[48;2;188;187;190m[38;2;187;186;189m▄[48;2;188;186;189m[38;2;186;185;188m▄[48;2;189;187;190m▄[48;2;187;186;189m[38;2;185;183;186m▘[48;2;184;182;185m[38;2;188;187;190m▄[48;2;179;178;181m▄[48;2;181;180;183m▆[48;2;194;191;194m[38;2;0;0;0m [48;2;178;175;178m[38;2;193;192;194m▇[48;2;160;158;159m[38;2;117;116;119m▅[48;2;167;164;166m[38;2;165;165;167m▄[48;2;56;55;56m[38;2;68;67;71m▗[48;2;71;69;70m[38;2;86;84;86m▂[48;2;58;57;58m[38;2;74;72;73m▌[48;2;52;50;52m[38;2;50;49;50m▄[48;2;58;57;58m[38;2;49;48;49m▎[48;2;65;63;65m[38;2;73;71;73m▗[48;2;59;58;59m[38;2;70;69;70m▅[48;2;42;41;42m[38;2;67;65;67m▄[48;2;34;33;34m[38;2;60;58;60m▄[48;2;26;25;26m[38;2;53;51;53m▄[48;2;27;26;27m[38;2;49;47;49m▅[48;2;36;34;36m[38;2;50;49;50m▆[48;2;45;44;45m[38;2;51;49;51m▆[48;2;52;50;52m[38;2;55;53;55m▆[48;2;60;59;60m[38;2;58;57;58m▊[48;2;62;60;62m[38;2;64;62;64m▄[48;2;69;67;69m[38;2;65;63;65m▘[48;2;70;69;70m[38;2;69;67;69m [48;2;73;71;73m[38;2;72;70;72m▎[48;2;72;70;72m[38;2;75;73;75m▝[48;2;75;73;75m[38;2;0;0;0m [48;2;1;0;1m[38;2;75;74;75m▊[0m
[48;2;6;3;6m[38;2;5;3;5m▝[48;2;8;5;8m▅[48;2;11;9;11m[38;2;9;7;9m▌[48;2;17;15;16m[38;2;14;12;14m▄[48;2;20;17;19m[38;2;17;14;16m▄[48;2;21;18;20m[38;2;18;15;17m▖[48;2;25;21;24m[38;2;24;20;22m▌[48;2;28;25;27m[38;2;26;22;25m▄[48;2;28;26;28m[38;2;25;23;25m▅[48;2;32;31;32m[38;2;29;27;29m▌[48;2;34;32;34m[38;2;36;35;36m▅[48;2;39;38;39m[38;2;39;37;39m▌[48;2;43;41;43m[38;2;41;39;40m▌[48;2;49;46;48m[38;2;62;58;61m▗[48;2;51;48;50m[38;2;62;59;61m▅[48;2;40;37;39m[38;2;44;41;43m▌[48;2;41;38;41m[38;2;40;38;40m▄[48;2;43;40;42m[38;2;51;48;51m▆[48;2;70;66;69m[38;2;57;54;56m▌[48;2;61;58;60m[38;2;73;69;73m▅[48;2;53;51;52m[38;2;66;63;65m▄[48;2;70;68;70m[38;2;58;57;58m▘[48;2;66;64;66m[38;2;80;78;80m▗[48;2;54;53;54m[38;2;78;77;78m▅[48;2;49;48;49m[38;2;78;76;78m▂[48;2;52;51;52m[38;2;70;68;70m▅[48;2;61;59;61m[38;2;82;80;82m▃[48;2;63;61;63m[38;2;81;79;81m▃[48;2;64;63;64m[38;2;76;75;76m▅[48;2;51;47;49m[38;2;81;77;80m▆[48;2;53;50;52m[38;2;84;81;84m▃[48;2;73;69;72m[38;2;74;71;74m▄[48;2;81;77;80m[38;2;0;0;0m [48;2;59;56;59m[38;2;71;67;70m▌[48;2;55;51;53m[38;2;81;77;79m▗[48;2;60;57;60m[38;2;102;99;101m▃[48;2;61;57;60m[38;2;103;100;103m▄[48;2;71;66;69m[38;2;100;97;99m▆[48;2;92;89;91m[38;2;107;104;106m▄[48;2;87;84;87m[38;2;103;99;102m▆[48;2;94;90;92m[38;2;0;0;0m [48;2;177;172;175m[38;2;125;121;123m▃[48;2;200;199;202m[38;2;111;111;113m▂[48;2;186;184;187m[38;2;0;0;0m [48;2;193;192;195m [48;2;188;186;189m[38;2;190;188;191m▘[48;2;187;186;189m[38;2;188;187;190m▆[48;2;188;187;190m[38;2;187;186;189m▃[48;2;185;185;188m[38;2;187;186;188m▂[48;2;185;184;187m[38;2;188;186;189m▂[48;2;188;187;190m[38;2;186;185;188m▌[38;2;189;187;190m [38;2;187;185;188m▄[48;2;187;187;190m[38;2;189;187;190m▌[48;2;189;188;191m[38;2;0;0;0m [48;2;197;196;199m [48;2;113;112;114m[38;2;175;174;176m▖[48;2;105;103;106m[38;2;180;180;182m┃[48;2;80;78;83m[38;2;57;56;58m▊[48;2;93;90;92m[38;2;101;99;101m▝[48;2;88;86;88m[38;2;69;69;69m▝[48;2;60;58;60m[38;2;80;78;80m▅[48;2;62;60;62m[38;2;77;75;77m▂[48;2;73;71;73m[38;2;66;64;66m▚[48;2;71;70;71m[38;2;64;62;64m▄[48;2;72;71;72m[38;2;68;66;68m▆[48;2;64;63;64m▖[48;2;61;60;61m[38;2;62;60;62m▄[48;2;58;56;58m▂[48;2;56;55;56m[38;2;59;57;59m▄[38;2;58;57;58m▄[48;2;59;58;59m[38;2;59;57;59m▊[48;2;60;59;60m[38;2;62;61;62m▄[48;2;65;63;65m[38;2;69;66;69m━[48;2;68;67;68m[38;2;67;65;67m▎[48;2;70;69;70m[38;2;69;67;69m▗[38;2;71;70;71m▝[38;2;67;66;67m▄[48;2;72;71;72m[38;2;66;65;66m▄[48;2;1;0;1m[38;2;69;68;69m▊[0m
[48;2;6;3;6m[38;2;6;4;6m▅▖[48;2;9;7;9m[38;2;5;4;5m▖[48;2;11;8;11m[38;2;12;9;12m▄[48;2;14;9;12m[38;2;12;10;12m▄[48;2;17;15;17m[38;2;20;16;19m▝[48;2;21;18;21m[38;2;18;16;18m▂[48;2;22;19;22m[38;2;19;17;19m▖[48;2;27;25;27m[38;2;24;22;24m▊[48;2;34;33;34m[38;2;31;29;31m▌[48;2;37;36;37m[38;2;36;35;36m▎[48;2;40;39;40m[38;2;38;36;38m▌[48;2;44;41;43m[38;2;41;40;41m▌[48;2;60;57;60m[38;2;52;49;51m▊[48;2;45;42;44m[38;2;61;58;60m▊[48;2;37;34;36m[38;2;32;29;31m▆[48;2;49;47;49m[38;2;39;36;39m▌[48;2;57;54;56m[38;2;60;60;60m▁[48;2;67;65;67m[38;2;64;62;64m▌[48;2;70;66;69m[38;2;60;58;60m▅[48;2;71;68;71m[38;2;64;62;64m▃[48;2;70;69;70m[38;2;65;64;65m▖[48;2;76;74;76m[38;2;81;80;81m▝[48;2;94;92;94m[38;2;79;77;79m▖[48;2;93;92;93m[38;2;107;105;107m▆[48;2;82;80;82m[38;2;95;94;95m▖[48;2;99;97;99m[38;2;77;76;77m▂[48;2;94;92;94m[38;2;77;75;77m▂[48;2;71;70;71m[38;2;82;81;82m▆[48;2;73;70;73m[38;2;75;73;75m▄[48;2;91;87;90m[38;2;97;96;96m▗[48;2;92;88;91m[38;2;98;96;97m▇[48;2;85;81;84m[38;2;66;66;66m▂[48;2;72;68;71m[38;2;104;103;104m▂[48;2;113;110;112m[38;2;92;88;91m▘[48;2;110;107;109m[38;2;115;111;114m▝[48;2;117;114;116m[38;2;106;104;106m▖[48;2;109;106;109m[38;2;115;111;114m▊[48;2;104;101;104m[38;2;96;94;96m▁[48;2;101;98;101m[38;2;94;93;95m▁[48;2;92;89;92m[38;2;80;79;80m▁[48;2;93;89;92m[38;2;61;60;61m▂[48;2;62;62;64m[38;2;0;0;0m [48;2;181;181;183m[38;2;103;102;104m▌[48;2;199;197;200m[38;2;0;0;0m [48;2;190;188;191m[38;2;192;192;195m▃[48;2;189;187;190m[38;2;192;191;194m▃[48;2;190;189;192m[38;2;192;190;193m━[48;2;191;189;192m[38;2;0;0;0m [48;2;191;190;193m[38;2;190;189;192m▅[48;2;190;189;192m[38;2;192;191;194m▗[48;2;189;187;190m[38;2;190;188;191m▅[38;2;188;187;190m▄[48;2;188;187;190m[38;2;189;187;190m▘[48;2;187;186;189m[38;2;188;187;190m▃[48;2;195;193;196m[38;2;0;0;0m [48;2;197;195;198m[38;2;140;140;142m▝[48;2;117;115;118m[38;2;183;182;185m┃[48;2;66;65;68m[38;2;53;53;54m▌[48;2;80;78;79m[38;2;71;70;70m▄[48;2;84;82;83m[38;2;79;79;79m━[48;2;84;82;84m[38;2;87;86;87m▂[48;2;84;83;84m[38;2;89;87;89m▄[48;2;58;57;58m[38;2;74;72;74m▌[48;2;62;60;62m[38;2;53;52;53m▌[48;2;66;65;66m[38;2;58;58;58m▄[48;2;65;63;65m[38;2;63;62;63m▄[48;2;63;61;63m[38;2;68;66;68m▃[48;2;64;62;64m[38;2;69;66;69m▖[48;2;62;61;62m[38;2;60;59;60m [48;2;60;59;60m[38;2;58;56;58m▗[48;2;59;58;59m[38;2;59;57;59m▅[48;2;60;59;60m[38;2;57;56;57m▅[48;2;63;61;63m[38;2;58;57;58m▅[48;2;64;62;64m[38;2;60;59;60m▄[48;2;65;64;65m[38;2;62;61;62m▅[38;2;61;60;61m▃[38;2;63;62;63m▇[48;2;65;63;65m[38;2;64;63;64m▄[48;2;1;0;1m[38;2;64;62;64m▊[0m
[48;2;4;3;4m[38;2;3;1;3m━▌[48;2;6;4;6m[38;2;5;4;5m▎[48;2;11;8;11m[38;2;8;5;8m▊[38;2;10;8;10m▖[48;2;14;12;14m[38;2;11;9;11m▆[48;2;12;10;12m[38;2;11;8;11m▃[48;2;20;18;20m[38;2;13;11;13m▌[48;2;23;21;23m[38;2;26;25;26m▝[48;2;31;30;31m▅[48;2;33;31;33m[38;2;29;27;29m▄[48;2;38;36;38m[38;2;35;33;35m▊[48;2;42;40;41m[38;2;38;37;38m▎[48;2;52;49;52m[38;2;46;43;46m▌[48;2;32;29;32m[38;2;51;48;50m▊[48;2;40;37;39m[38;2;31;28;30m▌[48;2;48;47;48m[38;2;44;41;43m▌[48;2;57;55;57m[38;2;58;57;59m▄[48;2;60;59;60m[38;2;55;53;55m▆[48;2;59;57;59m[38;2;57;56;57m▄[48;2;63;62;63m[38;2;59;57;59m▎[48;2;71;69;71m[38;2;66;64;66m▌[48;2;79;77;79m[38;2;83;82;83m▄[48;2;53;52;53m[38;2;71;69;71m▌[48;2;78;77;78m[38;2;59;58;59m▁[48;2;80;78;80m[38;2;72;71;72m▝[48;2;62;61;62m[38;2;78;77;78m▄[48;2;71;70;71m[38;2;87;85;87m▇[48;2;88;86;88m[38;2;96;94;96m▆[48;2;92;90;92m[38;2;97;96;97m▆[48;2;94;94;94m[38;2;96;95;96m▄[48;2;93;92;93m[38;2;79;77;79m▝[48;2;78;78;78m[38;2;103;101;103m▆[48;2;113;111;113m[38;2;120;119;120m▝[48;2;111;110;111m[38;2;105;103;105m▆[48;2;105;104;106m[38;2;93;91;93m▂[48;2;107;106;108m[38;2;89;88;89m▄[48;2;107;105;107m[38;2;86;85;86m▅[48;2;92;91;92m[38;2;84;82;84m▄[48;2;86;85;86m[38;2;72;71;72m▗[48;2;70;70;70m[38;2;58;57;58m▅[48;2;51;50;51m[38;2;0;0;0m [48;2;203;202;205m[38;2;74;73;75m▘[48;2;203;201;204m[38;2;219;217;221m▘[48;2;195;194;197m[38;2;0;0;0m [48;2;192;191;194m[38;2;191;190;193m▗[48;2;191;190;193m[38;2;191;191;194m [38;2;191;190;193m [48;2;190;189;192m▂[38;2;190;188;191m▗▆[48;2;190;188;191m[38;2;188;186;189m━[48;2;187;186;189m[38;2;191;188;191m▂[48;2;188;187;190m[38;2;189;187;190m▂[38;2;192;190;193m [48;2;188;188;191m[38;2;190;188;191m▄[48;2;209;207;210m[38;2;198;196;199m▌[48;2;75;75;76m[38;2;206;205;208m▊[48;2;72;71;74m[38;2;55;54;55m▌[48;2;78;76;77m[38;2;85;83;84m▅[48;2;86;85;86m[38;2;89;88;89m▄[48;2;89;88;89m[38;2;0;0;0m [48;2;93;91;93m[38;2;89;87;89m▂[48;2;92;90;92m[38;2;63;62;63m▝[48;2;42;41;42m[38;2;75;74;75m▖[48;2;50;49;50m[38;2;38;37;38m▅[48;2;58;57;58m[38;2;47;45;47m▖[48;2;63;61;63m[38;2;61;60;61m▄[48;2;64;62;64m[38;2;63;61;63m▆[48;2;62;61;62m[38;2;61;59;61m▗[48;2;56;55;56m[38;2;57;55;57m▊[38;2;55;54;55m▃[48;2;55;54;55m[38;2;55;53;55m▄[48;2;57;56;57m[38;2;56;55;56m▄[38;2;55;54;55m▂[48;2;59;58;59m[38;2;55;53;55m▃[48;2;60;59;60m[38;2;56;54;56m▃[48;2;64;63;64m[38;2;58;57;58m▆[48;2;63;62;63m[38;2;60;58;60m▊[48;2;1;0;1m[38;2;62;61;62m▊[0m
[48;2;3;1;3m[38;2;5;4;5m▊[38;2;3;0;3m▃▖[48;2;6;4;6m[38;2;5;4;5m▆[48;2;8;6;8m▄[48;2;10;8;10m[38;2;7;5;7m▆[48;2;9;7;9m[38;2;8;5;8m▖[48;2;17;15;17m[38;2;12;11;12m▌[48;2;20;18;20m[38;2;18;14;17m▂[48;2;22;21;22m[38;2;22;18;21m▂[48;2;28;25;28m[38;2;25;22;24m▎[48;2;32;29;31m[38;2;34;33;34m▝[48;2;37;35;37m[38;2;43;41;43m▝[48;2;47;43;46m[38;2;40;38;40m▄[48;2;38;35;37m[38;2;44;42;44m▚[48;2;41;39;41m[38;2;0;0;0m [48;2;48;47;48m[38;2;45;42;44m▊[48;2;53;52;53m[38;2;44;41;43m▂[48;2;51;49;51m[38;2;35;31;34m▂[48;2;53;51;53m[38;2;37;34;36m▃[48;2;50;50;51m[38;2;47;43;45m▃[48;2;68;66;68m[38;2;55;53;55m▌[48;2;75;74;75m[38;2;92;91;92m▃[48;2;88;87;88m[38;2;54;52;54m▝[48;2;93;91;93m[38;2;46;45;46m▊[48;2;87;86;87m[38;2;98;96;98m▆[48;2;92;91;92m[38;2;76;75;76m▝[48;2;90;88;90m[38;2;77;75;77m▌[48;2;98;97;98m[38;2;105;103;105m▂[48;2;101;99;101m[38;2;97;96;97m▄[48;2;101;100;101m[38;2;94;91;94m▁[48;2;106;104;106m[38;2;79;78;79m▂[48;2;97;95;97m[38;2;58;56;58m▂[48;2;86;85;86m[38;2;57;56;57m▃[48;2;82;81;82m[38;2;60;58;60m▃[48;2;79;78;79m[38;2;63;61;63m▃[48;2;81;80;81m[38;2;69;67;69m▂[48;2;83;82;83m[38;2;82;81;82m▅[48;2;83;81;83m[38;2;95;93;95m▃[48;2;79;77;79m[38;2;111;109;111m▖[48;2;58;57;58m[38;2;68;66;67m▘[48;2;55;53;55m[38;2;0;0;0m [48;2;188;187;190m[38;2;88;85;86m▂[48;2;207;205;208m[38;2;0;0;0m [48;2;193;192;195m[38;2;201;200;203m▖[48;2;191;190;193m[38;2;195;191;194m▂[38;2;190;190;193m [38;2;193;190;193m [48;2;191;191;194m[38;2;191;190;193m▊[48;2;190;188;191m[38;2;190;189;192m▌[48;2;187;186;188m[38;2;189;187;190m▌[48;2;189;187;190m[38;2;187;186;189m▆[48;2;188;187;189m[38;2;186;185;188m▃[48;2;188;186;189m[38;2;0;0;0m [48;2;190;189;192m [48;2;193;191;194m[38;2;195;194;197m▄[48;2;207;206;209m[38;2;200;198;201m▎[48;2;86;85;87m[38;2;186;186;188m▘[48;2;85;84;88m[38;2;64;63;65m▊[48;2;92;89;91m[38;2;80;78;78m▁[48;2;93;91;93m[38;2;83;82;83m▁[48;2;85;84;85m[38;2;90;88;90m▆[48;2;92;91;92m▄[48;2;102;100;102m[38;2;91;90;91m▂[48;2;47;46;47m[38;2;93;91;93m▌[48;2;29;28;29m[38;2;34;33;34m▘[48;2;54;53;54m[38;2;38;37;38m▘[48;2;61;60;61m[38;2;63;61;63m [48;2;62;60;62m[38;2;61;60;61m▆[48;2;58;57;58m[38;2;60;59;60m▘[48;2;55;54;55m[38;2;56;55;56m▎[48;2;51;49;51m[38;2;53;51;53m▊[38;2;51;49;51m▄[38;2;51;50;51m▃[38;2;52;50;52m▄[48;2;49;48;49m[38;2;51;50;51m▄[48;2;52;50;52m[38;2;47;45;47m▅[48;2;53;52;53m[38;2;49;47;49m▖[48;2;61;60;61m[38;2;58;57;58m▊[48;2;1;0;1m[38;2;63;61;63m▊[0m
[48;2;3;0;3m[38;2;3;1;3m▊▁[48;2;3;1;3m[38;2;3;0;3m▌[48;2;5;4;5m[38;2;3;2;3m▂[48;2;6;4;6m[38;2;5;4;5m▊[48;2;8;5;8m[38;2;7;4;7m▎[48;2;10;8;10m[38;2;8;6;8m▊[48;2;12;12;12m[38;2;10;8;10m▆[48;2;17;13;16m[38;2;14;10;13m▆[48;2;21;17;20m[38;2;0;0;0m [48;2;23;19;22m[38;2;22;18;22m▎[48;2;31;28;30m[38;2;27;23;27m▄[48;2;34;31;34m[38;2;28;24;27m▄[48;2;37;34;37m[38;2;32;29;31m▆[48;2;35;32;34m[38;2;33;30;31m▝[48;2;39;37;39m[38;2;31;28;30m▘[48;2;43;41;43m[38;2;42;40;41m▊[48;2;45;42;44m[38;2;39;36;38m▝[48;2;39;35;38m[38;2;49;47;49m▇[48;2;46;43;45m[38;2;49;45;47m▄[48;2;62;58;61m[38;2;76;73;75m▗[48;2;75;74;75m[38;2;83;82;83m▝[48;2;87;85;87m[38;2;75;74;75m▅[38;2;77;76;77m▄[48;2;62;61;62m[38;2;33;32;33m┃[48;2;104;103;104m[38;2;84;82;84m▂[48;2;93;92;93m[38;2;69;68;69m▁[48;2;87;86;87m[38;2;53;52;53m▂[48;2;98;96;98m[38;2;40;39;40m▂[48;2;95;93;95m[38;2;45;44;45m▄[48;2;71;70;71m[38;2;39;38;39m▅[48;2;43;42;43m[38;2;0;0;0m [48;2;39;38;39m[38;2;51;50;51m▂[38;2;49;48;49m▂[48;2;46;45;46m[38;2;41;39;41m▚[48;2;47;46;47m[38;2;44;42;44m▄[48;2;62;60;62m[38;2;51;50;51m▎[48;2;86;84;86m[38;2;74;73;74m▊[48;2;106;104;106m[38;2;90;89;90m▊[48;2;77;75;77m[38;2;158;156;158m▌[48;2;35;34;35m[38;2;47;46;47m▃[48;2;48;46;48m[38;2;96;95;96m▗[48;2;46;46;46m[38;2;61;61;61m▎[48;2;189;186;188m[38;2;84;82;84m▌[48;2;203;201;202m[38;2;211;209;211m▌[48;2;196;193;195m[38;2;200;197;199m▖[48;2;192;191;194m[38;2;195;191;194m▎[48;2;190;190;193m[38;2;189;188;191m▅[48;2;188;186;189m▎[48;2;185;184;187m[38;2;187;186;189m▃[48;2;189;187;190m[38;2;185;184;187m▌[48;2;188;186;189m[38;2;190;188;191m▄[38;2;191;190;193m▂[48;2;190;189;192m[38;2;188;186;189m▘[48;2;192;192;195m[38;2;192;191;194m▌[48;2;195;194;197m▎[48;2;196;194;197m[38;2;205;204;207m▝[48;2;185;183;186m[38;2;74;73;75m▝[48;2;66;65;67m[38;2;181;181;183m▂[48;2;68;66;67m[38;2;192;190;192m▁[48;2;54;53;54m[38;2;175;172;175m▂[48;2;53;52;53m[38;2;171;168;171m▂[48;2;62;61;61m[38;2;39;38;39m▇[48;2;61;60;61m[38;2;36;35;36m▇[48;2;31;30;31m[38;2;57;56;57m▃[48;2;37;36;37m[38;2;61;59;61m▅[48;2;67;65;67m[38;2;63;62;63m▄[48;2;61;60;61m[38;2;62;60;62m━[48;2;59;58;59m━[48;2;58;57;58m[38;2;58;56;58m▄[48;2;55;54;55m[38;2;56;55;56m▆[48;2;52;51;52m[38;2;0;0;0m [48;2;52;50;52m[38;2;52;51;52m▄[48;2;55;54;55m[38;2;54;52;54m▌[48;2;54;53;54m[38;2;58;56;58m▃[48;2;53;52;53m[38;2;61;58;61m▂[48;2;52;50;52m[38;2;44;43;44m▝[48;2;46;44;46m[38;2;43;42;43m▚[48;2;55;53;55m[38;2;48;46;48m▆[48;2;1;0;1m[38;2;54;52;54m▊[0m
[48;2;3;1;3m[38;2;3;1;3m   [38;2;3;0;3m▗[48;2;5;4;5m▅[48;2;6;4;6m[38;2;5;4;5m▆[48;2;8;5;8m[38;2;7;4;7m▅[48;2;12;9;12m[38;2;8;5;8m▊[48;2;17;12;15m[38;2;12;8;12m▌[48;2;20;16;20m[38;2;17;13;16m▎[48;2;22;18;22m[38;2;23;19;22m┃[48;2;24;20;23m[38;2;20;16;19m▅[48;2;26;22;25m[38;2;29;25;28m▝[48;2;33;30;32m[38;2;30;27;30m▌[48;2;34;31;33m[38;2;38;35;37m▝[48;2;39;36;38m[38;2;34;31;33m▆[48;2;41;39;41m[38;2;39;36;38m▎[48;2;46;43;45m[38;2;47;44;46m┃[48;2;48;45;47m[38;2;39;36;38m▄[48;2;50;47;49m[38;2;68;65;68m▗[48;2;69;66;68m[38;2;41;39;41m▁[48;2;66;65;66m[38;2;31;30;32m▁[48;2;72;70;72m[38;2;46;46;46m▂[48;2;71;70;71m[38;2;40;39;40m▂[48;2;41;39;41m[38;2;29;28;29m▊[48;2;70;68;70m[38;2;35;33;35m▅[48;2;51;50;51m[38;2;33;33;33m▆[48;2;37;35;37m[38;2;50;49;50m▂[48;2;37;36;37m[38;2;61;59;61m▃[48;2;46;44;46m[38;2;71;70;71m▃[48;2;54;53;54m[38;2;84;82;84m▃[48;2;66;65;66m[38;2;93;92;93m▅[48;2;69;67;69m[38;2;86;85;86m▅[48;2;58;56;58m[38;2;79;77;79m▂[48;2;50;49;50m[38;2;73;72;73m▁[48;2;42;40;42m[38;2;0;0;0m [48;2;52;51;52m[38;2;43;42;43m▅[48;2;67;65;67m[38;2;76;73;76m▁[48;2;99;97;99m[38;2;91;89;91m▊[48;2;107;105;107m[38;2;169;167;169m▝[48;2;87;85;87m[38;2;162;161;162m▃[48;2;75;74;75m[38;2;0;0;0m [48;2;55;54;55m[38;2;73;71;73m▆[48;2;99;98;99m[38;2;57;56;57m▊[48;2;202;200;202m[38;2;141;139;140m▖[48;2;200;198;200m[38;2;208;206;208m▎[48;2;191;189;192m[38;2;0;0;0m [48;2;188;186;189m[38;2;189;187;190m▊[38;2;189;188;191m▄[48;2;190;188;191m[38;2;190;190;193m▄▄[48;2;190;190;193m[38;2;190;189;192m▄[48;2;190;188;191m[38;2;187;185;188m▗[48;2;191;191;194m[38;2;189;187;190m▇[48;2;190;188;191m[38;2;194;193;196m▁[38;2;188;187;190m▄[48;2;188;186;189m[38;2;179;178;182m▁[48;2;196;195;198m[38;2;183;181;184m▄[48;2;207;205;208m[38;2;191;189;193m▆[48;2;210;207;209m[38;2;195;192;195m▄[48;2;214;212;214m[38;2;198;196;198m▄[48;2;142;140;141m[38;2;199;196;199m▊[48;2;55;54;55m[38;2;0;0;0m [48;2;60;59;60m[38;2;49;48;49m▘[48;2;68;66;68m[38;2;60;59;60m▂[48;2;71;69;71m[38;2;66;65;66m▝[48;2;64;63;64m[38;2;71;69;71m▄[48;2;61;59;61m[38;2;69;67;69m▃[48;2;56;54;56m[38;2;0;0;0m [48;2;49;47;49m[38;2;35;33;35m▗[48;2;50;48;50m[38;2;28;26;28m▃[48;2;49;48;49m[38;2;0;0;0m [48;2;51;49;51m[38;2;50;49;50m▄[48;2;55;53;55m[38;2;51;50;51m▌[48;2;61;60;61m[38;2;55;54;55m▃[48;2;62;60;62m▃[48;2;53;51;53m▌[48;2;39;38;39m[38;2;47;45;47m▎[48;2;47;45;47m[38;2;55;54;55m▗[48;2;1;0;1m[38;2;59;57;59m▊[0m
[48;2;3;1;3m[38;2;3;1;3m   [48;2;5;4;5m▊[38;2;5;4;5m  [48;2;6;4;6m┃[48;2;9;7;9m[38;2;7;5;7m▌[48;2;15;13;15m[38;2;12;9;12m▊[48;2;17;15;17m[38;2;12;11;12m▁[48;2;16;14;16m[38;2;11;9;11m▄[48;2;20;19;20m[38;2;15;12;15m▌[48;2;31;28;31m[38;2;26;23;26m▌[48;2;34;31;34m[38;2;37;34;36m▆[48;2;33;30;33m[38;2;36;33;35m▎[48;2;36;33;35m[38;2;33;30;32m▊[48;2;41;40;41m[38;2;38;35;38m▌[48;2;44;42;44m[38;2;44;42;44m▄[48;2;40;39;41m[38;2;50;49;50m▂[48;2;54;53;54m[38;2;68;66;68m▝[48;2;71;69;71m[38;2;48;47;48m▄[48;2;72;71;72m[38;2;47;46;47m▄[48;2;69;68;69m[38;2;44;42;44m▅[48;2;49;47;49m[38;2;37;36;37m▆[48;2;34;33;34m[38;2;44;43;44m▄[48;2;41;40;41m[38;2;49;47;49m▄[48;2;54;52;54m[38;2;42;41;42m▁[48;2;61;59;61m[38;2;35;33;35m▃[48;2;64;62;64m[38;2;49;48;49m▖[48;2;78;77;78m[38;2;88;86;88m▃[48;2;108;106;108m[38;2;66;64;66m▁[48;2;93;91;93m[38;2;40;38;40m▂[48;2;71;70;71m[38;2;36;36;36m▅[48;2;84;83;84m[38;2;58;56;58m▌[48;2;76;74;76m[38;2;94;93;94m▘[48;2;74;73;74m[38;2;46;44;46m▝[48;2;52;51;52m[38;2;77;75;77m▄[48;2;78;77;78m[38;2;75;74;75m▎[48;2;86;86;86m[38;2;76;75;76m▆[48;2;96;93;96m[38;2;86;84;86m▌[48;2;113;112;113m[38;2;0;0;0m [48;2;108;106;108m[38;2;184;182;184m▚[48;2;77;75;77m[38;2;0;0;0m [48;2;64;63;64m[38;2;74;72;74m▌[48;2;75;74;75m[38;2;160;158;160m▝[48;2;200;197;199m[38;2;0;0;0m [48;2;194;192;195m[38;2;200;199;201m▖[48;2;190;189;192m[38;2;192;192;195m▁[48;2;189;188;191m[38;2;194;193;196m▁[48;2;190;188;191m[38;2;0;0;0m [48;2;191;189;192m[38;2;198;196;199m▁[48;2;191;188;191m[38;2;191;189;192m▄[48;2;191;189;192m[38;2;0;0;0m [48;2;188;186;189m[38;2;134;134;135m▁[48;2;182;181;184m[38;2;155;155;157m▃[48;2;177;176;178m[38;2;162;162;164m━[48;2;178;176;179m[38;2;169;169;170m━[48;2;181;179;182m[38;2;174;174;176m▘[48;2;187;185;189m[38;2;177;176;179m▃[48;2;188;187;191m[38;2;180;179;182m▃[48;2;187;186;189m[38;2;175;174;176m▃[48;2;191;191;193m[38;2;177;176;179m▄[48;2;176;175;178m[38;2;0;0;0m [48;2;78;77;79m[38;2;187;185;187m▅[48;2;69;68;69m[38;2;0;0;0m [48;2;46;44;46m[38;2;73;72;73m▃[48;2;43;42;43m[38;2;83;81;83m▄[48;2;47;45;47m[38;2;82;80;82m▄[48;2;39;38;39m[38;2;69;67;69m▅[48;2;31;30;31m[38;2;57;56;57m▆[48;2;39;38;39m[38;2;54;52;54m▇[48;2;57;55;57m▄[48;2;50;49;50m[38;2;48;47;48m▂[48;2;47;45;47m[38;2;45;43;45m▁[48;2;52;51;52m[38;2;50;48;50m▅[48;2;56;54;56m[38;2;0;0;0m [38;2;61;59;61m▆[48;2;49;47;49m[38;2;50;48;50m▄[48;2;57;55;57m▌[48;2;1;0;1m[38;2;63;62;63m▊[0m
[48;2;3;1;3m[38;2;3;1;3m   [48;2;5;4;5m▊[38;2;4;3;4m▁[38;2;6;4;6m ▄[48;2;8;6;8m[38;2;11;8;11m▗[48;2;14;12;14m[38;2;9;7;9m▆[48;2;8;6;8m[38;2;8;7;8m▚[48;2;16;14;16m[38;2;11;9;11m▌[48;2;19;17;19m[38;2;21;19;21m▄[48;2;34;30;33m[38;2;28;25;28m▊[48;2;40;36;39m[38;2;52;48;51m▗[48;2;41;38;40m[38;2;52;49;51m▂[48;2;36;33;36m[38;2;44;41;43m▖[48;2;38;36;38m[38;2;33;31;33m▄[48;2;45;44;45m[38;2;36;35;36m▖[48;2;55;53;55m[38;2;66;64;66m▗[48;2;73;71;73m[38;2;67;66;67m▎[48;2;72;70;72m[38;2;87;86;87m▂[48;2;64;63;64m[38;2;106;105;106m▃[48;2;55;54;55m[38;2;104;102;104m▖[48;2;43;42;43m[38;2;83;82;83m▁[48;2;48;47;48m[38;2;94;92;94m▄[48;2;61;60;61m[38;2;104;103;104m▃[48;2;42;41;42m[38;2;78;76;78m▖[48;2;28;27;28m[38;2;24;23;24m▆[48;2;55;54;55m[38;2;28;27;28m▇[48;2;61;60;61m[38;2;32;31;32m▇[48;2;39;38;39m[38;2;0;0;0m [48;2;43;42;43m[38;2;79;78;79m▂[48;2;56;54;56m[38;2;91;90;91m▄[48;2;75;73;75m[38;2;87;86;87m▇[48;2;80;78;80m[38;2;96;94;96m▂[48;2;87;86;87m[38;2;99;97;99m▄[48;2;90;88;90m[38;2;100;98;100m▆[48;2;93;91;93m[38;2;99;97;99m▂[48;2;87;86;87m[38;2;97;95;97m▆[48;2;92;90;92m[38;2;99;97;99m▃[48;2;107;105;107m[38;2;98;96;98m▌[48;2;101;100;101m[38;2;0;0;0m [48;2;116;115;116m[38;2;203;201;203m▚[48;2;87;85;87m[38;2;190;190;191m▁[48;2;54;53;54m[38;2;0;0;0m [48;2;200;198;200m[38;2;115;114;115m▌[48;2;196;195;197m[38;2;174;175;177m▂[48;2;186;185;188m[38;2;159;159;161m▂[48;2;183;182;185m[38;2;155;156;158m▂[48;2;183;182;184m[38;2;125;125;128m▂[48;2;175;174;176m[38;2;112;112;113m▃[48;2;160;160;163m[38;2;96;95;98m━[48;2;119;119;121m[38;2;171;171;173m▄[48;2;125;126;127m[38;2;173;172;175m▆[48;2;165;165;166m[38;2;178;178;180m▇[48;2;183;182;185m[38;2;172;172;174m▃[48;2;182;181;183m▆[48;2;174;173;176m[38;2;0;0;0m [48;2;175;174;176m [48;2;172;172;174m[38;2;167;166;169m▄[48;2;169;168;170m[38;2;164;163;165m▄[48;2;170;169;172m[38;2;163;162;165m▄[48;2;172;171;174m[38;2;162;162;164m▄[48;2;162;161;162m[38;2;0;0;0m [48;2;85;83;84m[38;2;142;140;141m▃[48;2;83;81;83m[38;2;0;0;0m [48;2;82;81;82m[38;2;46;45;46m▄[48;2;74;72;74m[38;2;48;46;48m▄[48;2;64;63;64m[38;2;47;45;47m▃[48;2;59;58;59m[38;2;52;51;52m▂[48;2;55;54;55m[38;2;50;48;50m▗[48;2;53;51;53m[38;2;46;45;46m▃[48;2;50;48;50m[38;2;44;42;44m▝[48;2;43;42;43m[38;2;49;48;49m▅[48;2;50;49;50m[38;2;51;49;51m▂[48;2;55;53;55m[38;2;52;51;52m▌[48;2;57;57;57m[38;2;53;52;53m▆[48;2;52;50;52m[38;2;48;47;48m▝[48;2;61;60;61m[38;2;52;50;52m▊[48;2;1;0;1m[38;2;63;62;63m▊[0m
[48;2;5;4;5m[38;2;6;4;6m▎[48;2;3;1;3m[38;2;3;1;3m   [48;2;5;4;5m▌[48;2;6;4;6m[38;2;5;4;5m▎[48;2;6;5;6m[38;2;10;8;10m▂[48;2;12;9;12m[38;2;13;10;13m▄[48;2;8;6;8m[38;2;10;8;10m▎[48;2;12;10;12m[38;2;8;6;8m▌[48;2;21;18;21m[38;2;17;14;17m▌[48;2;23;22;23m[38;2;22;20;22m▌[48;2;27;26;27m[38;2;31;29;31m▝[48;2;34;32;34m[38;2;42;41;42m▝[48;2;50;48;50m[38;2;41;39;41m▅[48;2;41;40;41m[38;2;42;41;42m▌[48;2;36;35;36m[38;2;27;26;27m▗[48;2;46;45;46m[38;2;33;32;33m▅[48;2;60;59;60m▃[48;2;77;76;77m[38;2;34;33;34m▂[48;2;99;98;99m[38;2;64;62;64m▂[48;2;107;105;107m[38;2;63;62;63m▁[48;2;57;56;57m[38;2;89;88;89m▗[48;2;107;106;107m[38;2;0;0;0m [48;2;115;113;115m[38;2;100;98;100m▄[48;2;106;105;106m[38;2;124;121;124m▂[48;2;69;69;69m[38;2;114;112;114m▆[48;2;50;49;50m[38;2;109;107;109m▆[48;2;54;53;54m[38;2;104;103;104m▆[48;2;57;57;57m[38;2;106;104;106m▆[48;2;74;72;74m▆[48;2;95;93;95m[38;2;109;107;109m▅[48;2;97;95;97m▅[48;2;96;95;96m[38;2;111;109;111m▅[48;2;105;103;105m[38;2;115;112;115m▆[48;2;103;101;103m[38;2;111;109;111m▆[48;2;104;102;104m[38;2;86;86;87m▂[48;2;95;93;95m[38;2;65;64;64m▁[48;2;102;99;101m[38;2;78;74;78m▃[48;2;105;102;103m[38;2;85;82;86m▃[48;2;102;99;102m[38;2;100;97;99m▄[48;2;114;108;112m[38;2;102;99;101m▅[48;2;93;90;92m[38;2;0;0;0m [48;2;172;168;171m[38;2;91;87;91m▅[48;2;76;73;75m[38;2;0;0;0m [48;2;177;173;176m[38;2;128;125;127m▎[48;2;162;159;161m[38;2;175;172;174m▃[48;2;143;140;142m[38;2;170;168;170m▄[48;2;137;135;137m[38;2;171;169;171m▅[48;2;136;134;136m[38;2;173;171;173m▇[48;2;174;171;173m[38;2;169;167;169m▄[48;2;172;169;171m[38;2;163;160;162m▄[48;2;169;166;168m[38;2;159;157;159m▅[38;2;158;156;158m▅[48;2;170;167;169m▅[48;2;170;166;169m[38;2;162;159;162m▆[48;2;169;167;169m[38;2;162;160;162m▄[48;2;170;167;170m[38;2;165;163;165m▂[48;2;167;164;166m[38;2;169;167;169m▄[48;2;168;165;167m[38;2;162;159;162m▄[48;2;163;160;163m[38;2;154;152;153m▄[48;2;154;151;153m[38;2;124;121;124m▁[48;2;146;144;146m[38;2;124;123;124m▖[48;2;145;143;145m[38;2;0;0;0m [48;2;157;156;157m[38;2;147;146;147m▄[48;2;190;188;190m[38;2;0;0;0m [48;2;86;85;86m[38;2;173;171;173m▅[48;2;72;71;72m[38;2;115;112;115m▖[48;2;48;47;48m[38;2;67;66;67m▆[48;2;58;57;58m[38;2;71;69;71m▅[48;2;57;56;57m[38;2;68;67;68m▃[48;2;53;52;53m[38;2;64;62;64m▅[48;2;59;57;59m[38;2;69;67;69m▗[48;2;52;51;52m[38;2;67;65;67m▂[48;2;48;46;48m[38;2;50;49;50m▄[48;2;49;47;49m[38;2;52;51;52m▌[48;2;46;45;46m[38;2;42;41;42m▄[48;2;51;50;51m[38;2;0;0;0m [48;2;57;55;57m[38;2;64;63;64m▅[48;2;1;0;1m[38;2;62;60;62m▊[0m
[48;2;5;4;5m[38;2;6;4;6m▖[48;2;3;1;3m[38;2;3;0;3m▝[48;2;3;0;3m[38;2;5;4;5m▂▂[48;2;3;1;3m▄[48;2;7;5;7m[38;2;13;10;13m▃[38;2;13;11;13m▂[48;2;10;8;10m[38;2;12;10;12m▖[48;2;8;6;8m[38;2;9;8;9m▚[48;2;12;10;12m[38;2;10;8;10m▎[48;2;19;17;19m[38;2;15;13;15m▌[48;2;24;23;24m[38;2;22;20;22m▎[48;2;26;24;26m[38;2;26;24;26m▄[48;2;31;29;31m[38;2;35;33;35m▂[48;2;36;35;36m[38;2;34;32;34m▄[48;2;41;39;41m[38;2;44;43;44m▘[48;2;36;34;36m[38;2;31;30;31m▝[48;2;40;38;40m[38;2;30;29;30m▖[48;2;42;41;42m[38;2;49;47;49m▆[48;2;45;43;45m[38;2;64;63;64m▅[48;2;39;37;39m[38;2;71;70;71m▅[48;2;30;29;30m[38;2;43;43;44m▎[48;2;46;45;46m[38;2;61;61;61m▁[48;2;74;73;74m[38;2;50;49;50m▆[48;2;97;96;97m[38;2;48;47;48m▆[48;2;99;98;99m[38;2;49;48;49m▆[48;2;93;91;93m[38;2;46;45;46m▅[48;2;98;97;98m[38;2;49;49;49m▅[48;2;106;104;106m[38;2;53;52;53m▅[48;2;109;107;109m[38;2;63;62;63m▅[48;2;93;91;93m[38;2;56;55;56m━[48;2;100;98;100m[38;2;58;56;58m━[48;2;76;75;76m[38;2;112;109;112m▃[48;2;78;77;78m[38;2;112;110;112m▃[48;2;72;71;72m[38;2;115;113;115m▄[48;2;75;74;75m[38;2;106;104;106m▄[48;2;60;60;61m[38;2;82;81;82m▅[48;2;95;94;95m[38;2;86;85;86m▁[48;2;106;102;105m[38;2;84;80;83m▂[48;2;93;90;92m[38;2;72;68;71m▂[48;2;89;86;89m[38;2;56;53;55m▃[48;2;98;96;98m[38;2;52;49;51m▃[48;2;103;100;102m[38;2;56;54;56m▃[48;2;77;75;77m[38;2;0;0;0m [48;2;177;173;176m[38;2;108;108;109m▘[48;2;188;183;186m[38;2;173;168;172m▆[48;2;168;165;168m[38;2;158;156;158m▗[48;2;165;163;165m[38;2;159;157;159m▃[48;2;167;164;167m[38;2;160;158;160m▄[48;2;165;163;165m[38;2;159;158;160m▃[48;2;163;161;163m[38;2;156;155;156m▗[48;2;157;156;157m[38;2;152;150;152m▅[48;2;155;153;155m[38;2;149;148;149m▅[48;2;153;151;153m[38;2;148;146;148m▄▅[38;2;147;146;148m▂[48;2;160;158;160m[38;2;146;144;146m▃[48;2;157;155;157m[38;2;140;139;141m▂[48;2;159;158;159m[38;2;142;141;142m▄[48;2;148;147;148m[38;2;93;93;94m▂[48;2;136;135;136m[38;2;97;96;97m━[48;2;112;110;112m[38;2;154;152;154m▅[48;2;155;153;155m[38;2;0;0;0m [48;2;148;146;148m[38;2;155;153;155m▎[48;2;139;137;139m[38;2;144;142;144m▅[48;2;146;144;146m[38;2;181;179;181m▝[48;2;95;92;95m[38;2;153;151;153m▌[48;2;71;72;71m[38;2;64;63;64m▊[48;2;72;70;72m[38;2;79;77;79m▇[48;2;77;76;77m[38;2;68;67;68m▂[48;2;69;68;69m[38;2;74;73;74m▘[48;2;65;63;65m[38;2;60;59;60m▁[48;2;71;69;71m[38;2;63;61;63m▄[48;2;60;59;60m[38;2;71;71;71m▘[48;2;56;54;56m[38;2;54;51;54m▁[48;2;49;47;49m[38;2;54;53;54m▅[48;2;55;54;55m[38;2;34;33;34m▂[48;2;51;49;51m▄▆[48;2;1;0;1m[38;2;34;32;34m▊[0m
[48;2;4;3;4m[38;2;10;8;10m▌[48;2;5;4;5m[38;2;4;3;4m▎[38;2;5;4;5m [38;2;7;4;7m [48;2;6;4;6m[38;2;5;4;5m▌[48;2;20;18;20m[38;2;15;12;15m▌[48;2;17;15;17m[38;2;25;23;25m▅[48;2;12;10;12m[38;2;19;17;19m▅[48;2;11;8;11m[38;2;16;14;16m▃[48;2;14;11;14m[38;2;17;15;17m▂[48;2;14;12;14m[38;2;20;18;20m▂[48;2;21;19;21m[38;2;16;14;16m▅[48;2;24;21;24m[38;2;20;17;19m▅[48;2;26;22;25m[38;2;38;35;38m▝[48;2;42;39;42m[38;2;39;35;38m▄[48;2;35;32;34m[38;2;49;46;48m▂[48;2;38;35;37m[38;2;35;31;34m▄[48;2;28;25;27m[38;2;33;30;33m▄[48;2;41;38;40m[38;2;27;24;27m▃[48;2;45;42;44m[38;2;64;61;63m▝[48;2;59;56;58m[38;2;37;34;36m▅[48;2;54;51;54m[38;2;29;27;29m▘[48;2;71;67;70m[38;2;0;0;0m [48;2;74;71;73m[38;2;83;79;82m━[48;2;82;78;81m[38;2;80;75;79m▄[48;2;72;71;72m[38;2;83;83;84m━[48;2;66;64;66m[38;2;83;81;83m▅[48;2;57;55;57m[38;2;96;95;96m▅[48;2;65;64;65m▅[48;2;75;73;75m[38;2;97;95;97m▅[48;2;87;86;87m[38;2;96;95;96m▅[48;2;103;101;103m[38;2;108;106;108m▄[48;2;104;102;104m[38;2;109;107;109m▄[48;2;108;105;107m[38;2;103;101;103m▌[48;2;112;108;111m[38;2;105;101;105m▖[48;2;70;66;68m[38;2;108;105;107m▊[48;2;50;47;49m[38;2;76;72;76m▁[48;2;62;59;62m[38;2;59;55;58m▄[48;2;74;70;73m[38;2;57;54;56m▆[48;2;57;53;56m[38;2;97;93;96m▂[48;2;51;49;51m[38;2;103;100;102m▅[48;2;44;43;44m[38;2;116;112;115m▆[48;2;120;117;118m[38;2;194;190;193m━[48;2;106;106;107m[38;2;146;143;145m▇[48;2;174;170;173m[38;2;149;146;148m▂[48;2;161;158;161m[38;2;130;127;129m▂[48;2;156;152;154m[38;2;134;132;134m▃[48;2;154;151;154m[38;2;138;136;138m▃[48;2;157;154;156m[38;2;143;139;142m▃[48;2;159;155;158m[38;2;148;144;147m▃[48;2;155;151;153m[38;2;141;138;141m▃[48;2;144;140;143m[38;2;132;129;132m▃[48;2;136;133;136m[38;2;117;113;115m▂[48;2;135;131;134m[38;2;108;103;107m▂[48;2;135;131;133m[38;2;86;84;85m▂[48;2;129;127;129m[38;2;80;77;80m▃[48;2;124;122;124m[38;2;86;83;85m▅[48;2;120;116;119m[38;2;83;80;82m━[48;2;101;97;100m[38;2;138;135;137m▄[48;2;137;133;136m[38;2;0;0;0m [48;2;152;150;152m[38;2;142;139;141m▃[48;2;155;151;154m[38;2;122;119;121m▂[48;2;147;144;147m[38;2;114;109;112m▂[48;2;144;142;144m[38;2;108;106;109m▃[48;2;143;142;143m[38;2;109;107;109m▄[48;2;132;130;132m[38;2;93;90;93m━[48;2;133;132;133m[38;2;98;97;98m━[48;2;88;86;88m[38;2;127;126;127m▃[48;2;86;84;86m[38;2;117;115;117m▂[48;2;76;74;76m[38;2;81;79;81m▄[48;2;69;68;69m[38;2;54;53;54m▂[48;2;57;55;57m[38;2;45;45;45m▄[48;2;56;55;56m[38;2;42;41;42m▅[48;2;51;50;51m[38;2;41;40;41m▅[48;2;51;49;51m[38;2;39;38;39m▇[48;2;52;51;52m[38;2;146;143;146m▁[48;2;69;68;69m[38;2;0;0;0m [48;2;54;53;54m[38;2;94;93;94m▅[48;2;48;46;48m[38;2;75;73;75m▃[48;2;19;18;19m[38;2;35;33;35m▄[0m
[48;2;6;4;6m[38;2;8;5;8m▎[48;2;3;2;3m[38;2;5;4;5m▌[48;2;5;4;5m[38;2;3;1;3m▇▇[38;2;7;4;7m▝[48;2;14;12;14m[38;2;9;7;9m▃[48;2;21;19;21m[38;2;15;13;15m▂[48;2;22;20;22m[38;2;19;18;19m▂[48;2;20;19;20m[38;2;21;19;21m▄[48;2;19;19;19m[38;2;20;19;20m▃[48;2;22;21;22m[38;2;26;24;26m▝[48;2;28;26;28m[38;2;25;22;25m▁[48;2;25;22;24m[38;2;30;27;29m▅[48;2;23;19;22m[38;2;29;26;29m▄[48;2;20;17;20m[38;2;28;24;27m▅[48;2;48;45;47m[38;2;32;28;31m▆[48;2;32;29;32m[38;2;40;37;39m▚[48;2;32;29;31m[38;2;42;38;41m▂[48;2;32;29;32m[38;2;38;34;37m▆[48;2;37;34;36m[38;2;26;24;26m▝[48;2;45;42;44m[38;2;30;27;29m▊[48;2;58;55;57m[38;2;47;44;47m▆[48;2;67;63;66m▅[48;2;66;63;65m[38;2;49;46;48m▅[48;2;61;58;60m[38;2;51;47;50m▄[48;2;68;67;68m[38;2;56;55;57m▄[48;2;81;80;81m[38;2;65;64;65m▃[48;2;90;89;91m[38;2;69;67;69m▃[48;2;90;88;90m[38;2;61;61;62m▃[48;2;93;92;93m[38;2;65;64;65m▄[48;2;95;93;95m[38;2;66;65;66m▄[48;2;101;99;101m▅[48;2;91;90;91m[38;2;63;62;63m▅[48;2;91;88;90m[38;2;66;63;65m▆[48;2;86;82;86m[38;2;62;57;60m▆[48;2;92;88;90m[38;2;66;62;65m▆[48;2;80;76;79m[38;2;68;64;68m▃[48;2;84;80;83m[38;2;74;71;74m▃[48;2;90;87;89m[38;2;69;66;69m▃[48;2;89;86;89m[38;2;53;50;52m▃[48;2;97;94;96m[38;2;74;70;72m▃[48;2;98;95;97m[38;2;71;68;70m▄[48;2;106;104;106m[38;2;165;161;164m▁[48;2;132;129;131m[38;2;87;84;86m▆[48;2;100;98;100m[38;2;103;100;103m▄[48;2;96;93;95m▄[48;2;97;94;96m[38;2;106;102;105m▄[48;2;120;116;119m[38;2;64;62;64m━[48;2;123;119;122m[38;2;68;67;68m━[48;2;128;125;128m[38;2;73;70;72m━[48;2;129;125;128m[38;2;78;75;76m━[48;2;95;91;94m[38;2;136;133;135m▄[48;2;86;83;85m[38;2;137;133;136m▄[48;2;83;81;83m[38;2;127;124;126m▄[48;2;76;73;74m[38;2;121;117;120m▆[48;2;122;117;120m[38;2;0;0;0m [48;2;128;125;127m[38;2;131;128;131m▄[48;2;130;127;130m[38;2;128;125;127m▄[48;2;125;122;125m[38;2;75;71;74m▁[48;2;117;115;117m[38;2;69;66;68m▃[48;2;101;97;100m[38;2;95;93;95m▄[48;2;119;116;119m[38;2;88;86;88m▘[48;2;125;122;124m[38;2;139;135;138m▆[48;2;142;141;142m[38;2;0;0;0m [48;2;145;144;145m [48;2;142;140;142m[38;2;131;130;132m▗[48;2;139;137;139m[38;2;124;123;124m▃[48;2;143;142;143m[38;2;125;124;125m▄[48;2;130;128;130m[38;2;125;123;125m▄[48;2;118;116;118m[38;2;122;120;122m▄[48;2;80;79;80m[38;2;118;116;118m▇[48;2;81;79;81m[38;2;120;117;120m▆[48;2;78;77;78m[38;2;118;115;118m▆[48;2;73;71;73m[38;2;115;112;115m▆[48;2;51;50;51m[38;2;88;86;88m▃[48;2;161;159;161m[38;2;81;80;81m▌[48;2;67;66;67m[38;2;183;180;183m▘[48;2;87;85;87m[38;2;45;44;45m▆[48;2;80;78;80m[38;2;48;47;48m▖[48;2;1;0;1m[38;2;90;88;90m▊[0m
[48;2;6;4;6m[38;2;5;4;5m▃[48;2;3;1;3m▘[38;2;3;1;3m [48;2;3;0;3m▌[48;2;3;1;3m[38;2;3;0;3m▌[48;2;7;4;7m[38;2;4;3;4m▄[48;2;12;10;12m[38;2;7;5;7m▃[48;2;16;14;16m[38;2;11;8;11m▃[48;2;20;19;20m[38;2;16;13;16m▆[48;2;16;13;16m[38;2;15;13;15m▂[48;2;15;13;15m[38;2;16;13;16m▄[48;2;22;20;22m[38;2;18;16;18m▆[48;2;22;19;22m[38;2;17;13;15m▄[48;2;27;23;26m[38;2;15;11;15m▅[48;2;28;24;27m[38;2;16;11;14m▃[48;2;27;24;26m[38;2;18;14;17m▃[48;2;26;22;25m[38;2;23;19;22m▁[48;2;31;28;31m[38;2;44;41;43m▝[48;2;47;44;47m[38;2;37;34;37m▆[48;2;44;41;43m[38;2;38;35;38m▄[48;2;47;44;47m[38;2;41;38;41m▅[48;2;41;39;41m[38;2;44;42;43m━[48;2;45;42;44m[38;2;39;36;38m▃[48;2;47;44;46m▃[48;2;47;44;47m[38;2;38;36;38m▃[48;2;50;48;50m[38;2;33;31;33m▃[48;2;53;50;52m[38;2;34;32;33m▃[48;2;49;47;49m[38;2;31;28;30m▄[48;2;53;53;54m[38;2;33;30;32m▇[48;2;47;47;47m[38;2;34;31;33m▆[48;2;44;43;45m[38;2;37;33;36m▆[48;2;36;34;36m[38;2;64;61;63m▁[48;2;52;51;52m[38;2;47;43;46m▄[48;2;60;57;59m[38;2;46;43;45m▄[48;2;61;58;60m[38;2;47;44;47m▄[48;2;59;56;59m[38;2;38;36;38m━[48;2;64;60;63m[38;2;35;33;35m━[48;2;52;49;51m[38;2;86;82;84m▃[48;2;53;50;52m[38;2;103;100;103m▄[48;2;56;53;57m[38;2;103;100;102m▆[48;2;95;92;94m[38;2;0;0;0m [48;2;65;62;65m[38;2;96;93;95m▅[48;2;177;173;176m[38;2;107;106;108m▅[48;2;144;142;144m[38;2;95;94;96m▃[48;2;138;136;138m[38;2;104;103;104m▃[48;2;130;128;130m[38;2;113;111;113m▃[48;2;136;132;134m[38;2;113;112;113m▄[48;2;140;135;138m[38;2;120;119;120m▅[48;2;137;134;136m[38;2;121;119;121m▄[48;2;142;139;142m[38;2;123;121;123m▄[48;2;138;136;138m[38;2;125;124;125m▄[48;2;134;132;133m▇[48;2;136;132;134m[38;2;122;120;122m▅[48;2;127;124;126m[38;2;119;118;119m▅[48;2;122;120;121m[38;2;89;87;90m▁[48;2;110;107;110m[38;2;70;67;68m▂[48;2;126;123;125m[38;2;75;72;74m▅[48;2;74;71;73m[38;2;107;104;107m▃[48;2;63;60;62m[38;2;113;109;112m▅[48;2;87;84;86m[38;2;114;110;113m▇[48;2;121;118;121m[38;2;116;113;115m▂[48;2;131;127;130m[38;2;117;113;116m▃[48;2;135;132;134m[38;2;115;112;115m▄[48;2;134;131;133m[38;2;121;118;121m▄[48;2;136;132;135m[38;2;126;124;126m▖[48;2;131;129;131m[38;2;135;131;134m▄[48;2;133;130;133m[38;2;0;0;0m [48;2;138;136;138m[38;2;135;132;135m▆[38;2;136;134;136m▄[48;2;126;124;126m[38;2;131;130;131m▌[48;2;121;119;121m[38;2;127;125;127m▖[48;2;109;107;109m[38;2;118;116;118m▊[48;2;108;106;108m[38;2;111;109;111m▌[48;2;115;113;115m[38;2;105;103;105m▆[48;2;103;102;103m[38;2;0;0;0m [48;2;83;82;83m[38;2;98;96;98m▖[48;2;65;63;65m[38;2;122;119;122m▅[48;2;55;54;55m[38;2;176;174;176m▄[48;2;49;48;49m[38;2;0;0;0m [48;2;1;0;1m[38;2;76;74;76m▊[0m
[48;2;5;3;5m[38;2;0;0;0m [48;2;3;1;3m[38;2;3;0;3m▊[38;2;3;1;3m [38;2;3;0;3m▝[48;2;3;0;3m[38;2;3;1;3m▅▅[48;2;5;4;5m▊[48;2;6;4;6m[38;2;5;4;5m▎▂[48;2;10;9;10m[38;2;7;5;7m▇[38;2;8;7;8m▄[48;2;18;16;18m[38;2;13;11;13m▆[48;2;19;15;18m[38;2;17;13;16m▅[48;2;14;10;13m[38;2;18;13;17m▂[48;2;15;11;14m[38;2;19;15;18m▂[48;2;17;12;16m[38;2;21;18;20m▄[48;2;19;15;18m[38;2;24;20;23m▃[48;2;22;18;21m[38;2;27;24;27m▃[48;2;24;21;24m[38;2;20;16;19m▘[48;2;25;21;24m[38;2;0;0;0m [48;2;30;26;29m[38;2;23;19;22m▆[48;2;25;22;24m[38;2;26;22;25m▄[48;2;28;24;27m[38;2;29;25;28m▄[48;2;31;27;30m[38;2;23;19;22m▅[48;2;31;27;29m[38;2;19;15;18m▇[48;2;15;12;14m[38;2;25;21;24m▄[48;2;17;14;16m[38;2;27;23;26m▄[48;2;19;16;19m[38;2;28;24;27m▄[48;2;32;29;31m[38;2;24;21;23m▘[48;2;37;34;37m[38;2;35;32;34m▄[48;2;54;51;53m▅[48;2;76;73;76m[38;2;38;35;37m▅[48;2;65;61;64m[38;2;37;34;36m▅[48;2;38;35;37m[38;2;54;50;53m▘[48;2;48;45;48m[38;2;33;30;32m▆[48;2;46;43;45m[38;2;37;34;36m▆[48;2;51;48;50m[38;2;58;55;57m▄[48;2;77;73;76m[38;2;86;82;85m▄[48;2;82;79;82m[38;2;103;99;102m▄[48;2;81;78;81m[38;2;105;102;104m▅[48;2;90;87;90m[38;2;114;111;113m━[48;2;72;68;71m[38;2;91;88;90m▊[48;2;178;177;178m[38;2;102;101;102m▌[48;2;134;132;134m[38;2;167;165;167m▌[48;2;130;128;130m[38;2;90;88;90m▁[48;2;120;118;121m[38;2;82;80;83m▂[48;2;119;117;119m[38;2;73;72;73m▂[48;2;125;124;125m[38;2;70;69;70m▂[48;2;134;133;134m[38;2;84;81;84m▃[48;2;131;129;131m[38;2;85;83;85m▃[48;2;129;128;130m[38;2;91;89;91m▄[48;2;111;109;111m[38;2;77;76;77m━[48;2;103;101;103m[38;2;77;75;77m━[48;2;85;85;86m[38;2;106;105;107m▃[48;2;77;75;77m[38;2;106;104;106m▅[48;2;115;112;115m[38;2;0;0;0m [48;2;122;118;120m[38;2;114;111;113m▅[48;2;118;115;118m[38;2;113;110;113m▄[48;2;118;115;117m[38;2;111;108;111m▖[48;2;116;114;116m[38;2;122;119;122m━[48;2;117;113;116m[38;2;116;113;115m▄[48;2;115;112;115m[38;2;115;112;114m▄[48;2;118;114;117m[38;2;114;111;113m▄[48;2;121;118;121m▅[48;2;128;124;127m[38;2;119;116;119m▅[48;2;129;127;129m[38;2;122;117;120m▃[48;2;132;129;131m[38;2;125;121;124m▂[48;2;130;128;130m[38;2;133;131;133m▆[48;2;132;131;132m[38;2;132;131;132m▄[48;2;128;126;128m[38;2;130;128;130m▊[48;2;126;125;126m[38;2;122;120;122m▝[48;2;111;110;111m[38;2;119;117;119m▊[48;2;110;108;110m[38;2;116;113;116m▖[48;2;101;99;101m[38;2;104;103;104m▎[48;2;99;97;99m[38;2;98;95;98m▖[48;2;96;95;96m[38;2;102;99;102m▅[48;2;119;117;119m[38;2;102;100;102m▚[48;2;163;161;163m[38;2;88;86;88m▅[48;2;59;57;59m[38;2;78;77;78m▁[48;2;1;0;1m[38;2;93;92;93m▊[0m
[48;2;16;13;16m[38;2;32;31;32m▎[48;2;4;3;4m[38;2;0;0;0m [48;2;3;1;3m[38;2;5;4;5m━[38;2;3;0;3m▃[38;2;4;2;4m▅▅[38;2;5;2;4m▅[48;2;6;4;6m▆[48;2;5;4;5m[38;2;6;4;6m▅[48;2;7;4;7m[38;2;10;7;10m▝[48;2;11;8;11m[38;2;5;3;5m▃[48;2;11;9;11m▃[48;2;13;10;13m[38;2;6;4;6m▃[48;2;14;11;14m[38;2;7;5;7m▂[48;2;17;14;16m▂[48;2;19;17;19m[38;2;12;9;12m▂[48;2;21;18;20m[38;2;15;13;15m▂[48;2;25;22;24m[38;2;18;16;18m▃[48;2;24;21;23m[38;2;19;17;19m▂[48;2;25;22;25m[38;2;20;18;20m▂[48;2;27;25;27m[38;2;20;16;19m▂[48;2;29;26;28m[38;2;20;15;18m▂[48;2;29;25;28m[38;2;20;16;19m▃[48;2;27;23;26m[38;2;20;15;19m▃[48;2;26;22;25m[38;2;20;16;19m▄[48;2;28;25;28m[38;2;19;15;18m▄[48;2;26;22;25m▃[48;2;28;25;28m[38;2;21;17;20m▅[48;2;27;23;26m[38;2;24;20;24m▌[48;2;26;23;25m[38;2;35;33;35m▄[48;2;26;24;25m[38;2;54;53;54m▄[48;2;25;23;25m[38;2;64;62;64m▄[48;2;27;25;27m[38;2;67;66;67m▃[48;2;28;26;28m[38;2;74;71;73m▃[48;2;34;32;34m[38;2;80;75;79m▂[48;2;31;28;30m[38;2;77;73;76m▂[48;2;45;42;44m[38;2;68;64;67m▃[48;2;66;63;65m[38;2;104;100;103m━[48;2;78;74;77m[38;2;93;89;92m▄[48;2;73;69;72m[38;2;99;95;97m▄[48;2;63;60;63m[38;2;93;90;93m▄[48;2;66;63;66m[38;2;96;92;94m▃[48;2;89;88;89m[38;2;92;88;90m▄[48;2;118;117;118m[38;2;108;105;108m▄[48;2;87;85;86m[38;2;147;143;146m━[48;2;62;62;63m[38;2;118;114;117m▆[48;2;103;101;103m[38;2;88;86;88m▁[48;2;111;109;111m[38;2;91;89;91m▂[48;2;117;115;117m[38;2;86;84;86m▃[48;2;123;121;123m[38;2;93;92;93m▄[48;2;108;106;108m[38;2;89;87;89m▃[48;2;104;102;104m[38;2;98;97;98m▃[48;2;107;105;107m[38;2;104;102;104m▄[48;2;109;107;109m[38;2;97;95;97m▅[48;2;103;101;103m▄[48;2;108;104;107m[38;2;102;99;101m▇[48;2;107;103;105m[38;2;103;100;102m▅[48;2;108;105;107m[38;2;101;98;100m▅[48;2;104;101;103m[38;2;106;104;106m▝[48;2;110;106;109m[38;2;105;103;105m▆[48;2;110;107;109m▃[48;2;114;110;113m[38;2;108;106;108m▆[48;2;114;110;114m[38;2;106;105;107m▆[48;2;112;108;111m[38;2;106;105;106m▆[48;2;114;110;113m[38;2;107;105;107m▆[48;2;113;109;112m▅[48;2;119;116;118m[38;2;112;110;112m▃[48;2;126;123;125m[38;2;117;115;117m▃[48;2;130;129;130m[38;2;123;121;123m▃[48;2;131;129;131m[38;2;126;124;126m▃[48;2;127;125;127m[38;2;129;127;129m▎[48;2;122;121;122m[38;2;125;123;125m▄[48;2;122;120;122m[38;2;113;111;113m▝[48;2;105;103;105m[38;2;112;110;112m▂[48;2;102;101;102m[38;2;102;100;102m▄[48;2;102;100;102m[38;2;105;103;105m▗[48;2;74;73;74m[38;2;96;94;96m▌[48;2;77;76;77m[38;2;64;64;64m▂[48;2;84;83;84m[38;2;97;96;97m▇[48;2;1;0;1m[38;2;131;128;131m▊[0m
[48;2;45;43;45m[38;2;71;69;71m▌[48;2;18;17;18m[38;2;37;36;37m▖[48;2;7;6;7m[38;2;17;15;17m▁[48;2;4;3;4m[38;2;5;3;5m▂[48;2;4;2;4m[38;2;3;1;3m [48;2;5;2;4m[38;2;14;10;13m▁[38;2;5;3;4m▂[38;2;4;2;4m▄[48;2;6;4;6m[38;2;5;4;5m▅[48;2;5;4;5m[38;2;3;1;3m▝[48;2;3;1;3m[38;2;3;2;3m▎[38;2;3;1;3m [38;2;5;4;5m▄▝[48;2;4;2;4m[38;2;0;0;0m [48;2;3;1;3m[38;2;3;0;3m▖[48;2;8;7;8m[38;2;4;3;4m▇[48;2;9;6;9m[38;2;4;2;4m▆[48;2;13;10;13m[38;2;7;5;7m▇[48;2;14;13;14m▇[48;2;10;7;10m[38;2;14;11;14m▁[48;2;11;7;10m[38;2;18;14;17m▃[48;2;13;9;12m[38;2;20;16;19m▄[48;2;17;13;16m[38;2;22;18;21m▄[48;2;20;16;19m[38;2;24;20;23m▃[48;2;21;17;20m[38;2;27;23;26m▄[48;2;24;20;23m[38;2;33;30;32m▃▅[48;2;26;23;25m[38;2;36;33;35m▄[48;2;37;36;37m[38;2;30;27;29m▘[48;2;44;42;44m[38;2;37;36;37m▖[48;2;49;48;49m[38;2;44;43;44m▃[48;2;66;65;66m[38;2;50;49;50m▆[48;2;80;77;79m[38;2;50;48;50m▆[48;2;84;80;83m[38;2;53;49;52m▆[38;2;53;50;53m▆[48;2;82;78;82m[38;2;56;54;56m▅[48;2;76;73;76m[38;2;55;52;54m▆[48;2;58;55;58m[38;2;74;71;73m▗[48;2;65;61;63m[38;2;90;87;90m▅[48;2;80;76;79m[38;2;92;88;91m▄[48;2;75;72;75m[38;2;79;75;78m▄[48;2;87;83;87m[38;2;69;65;69m▅[48;2;103;99;101m[38;2;120;117;119m▄[48;2;96;93;95m[38;2;88;85;88m▘[48;2;92;89;91m[38;2;100;97;99m▄[48;2;90;88;91m[38;2;101;99;101m▆[48;2;102;100;102m[38;2;109;107;109m▃[48;2;101;99;101m[38;2;106;104;106m▇[48;2;108;106;108m[38;2;114;112;114m▗[48;2;107;105;107m[38;2;116;114;116m▅[48;2;104;102;104m[38;2;115;113;115m▅[48;2;108;106;108m[38;2;109;107;109m▄[48;2;103;101;103m[38;2;107;105;107m▘[48;2;102;99;101m[38;2;101;99;100m▄[48;2;103;99;101m[38;2;99;95;98m▆[48;2;103;99;102m[38;2;98;95;97m▇[48;2;100;97;99m[38;2;95;92;94m▆[48;2;97;93;95m[38;2;93;89;92m▂[48;2;98;96;98m[38;2;93;93;94m▆[48;2;101;99;101m[38;2;95;94;96m▂[48;2;103;101;103m[38;2;98;97;98m▃[48;2;104;102;104m[38;2;100;98;100m▃[48;2;105;103;105m[38;2;104;102;104m▄[48;2;104;102;104m[38;2;102;100;102m▄[48;2;100;98;100m[38;2;0;0;0m [48;2;107;105;107m[38;2;101;99;101m▅[48;2;109;107;109m▃[48;2;118;116;118m[38;2;107;105;107m▅[48;2;119;118;119m[38;2;111;109;111m▂[48;2;123;121;123m[38;2;118;115;118m▄[48;2;126;124;126m[38;2;120;118;120m▄[48;2;125;123;125m[38;2;121;119;121m▅[48;2;114;112;114m[38;2;118;116;118m▎[38;2;107;105;107m▝[48;2;101;100;101m[38;2;112;110;112m▌[48;2;57;56;57m[38;2;76;75;76m▎[48;2;55;54;55m[38;2;77;75;77m▗[48;2;119;117;119m[38;2;81;79;81m▌[48;2;1;0;1m[38;2;141;139;141m▊[0m
[48;2;87;86;87m[38;2;80;78;80m▂[48;2;59;58;59m[38;2;110;108;110m▃[48;2;37;36;37m[38;2;108;107;108m▃[48;2;25;23;25m[38;2;93;91;93m▃[48;2;33;30;32m[38;2;74;72;74m▄[48;2;31;28;30m[38;2;82;80;82m▆[48;2;37;34;37m[38;2;67;65;67m▅[48;2;12;10;12m[38;2;30;28;30m▎[48;2;5;4;5m[38;2;4;3;4m▖[38;2;5;4;5m [48;2;3;1;3m▄[38;2;8;5;8m▄[38;2;12;9;12m▅[48;2;8;5;8m▄[48;2;5;4;5m▄[48;2;7;5;7m[38;2;12;10;12m▅[48;2;8;6;8m[38;2;16;13;16m▄[48;2;9;6;9m▆[48;2;10;8;10m[38;2;14;11;14m▆[48;2;15;12;15m[38;2;11;9;11m▃[48;2;17;14;17m[38;2;13;11;13m▃[48;2;20;17;20m[38;2;11;8;11m▂[48;2;22;19;21m[38;2;16;14;16m▂[48;2;25;22;24m[38;2;21;19;21m▂[48;2;28;25;28m[38;2;24;23;25m▖[48;2;33;29;31m[38;2;28;25;28m▎[48;2;39;36;38m[38;2;36;33;35m▊[48;2;42;39;41m[38;2;0;0;0m [48;2;43;41;43m[38;2;48;45;47m▅[48;2;45;43;45m[38;2;53;50;52m━[48;2;53;51;53m[38;2;43;40;42m▃[48;2;44;41;43m[38;2;53;50;52m━[48;2;48;46;48m[38;2;43;40;42m▄[48;2;47;44;47m[38;2;52;49;52m▝[48;2;54;51;53m[38;2;46;43;45m▃[48;2;58;55;57m[38;2;49;46;48m▃[48;2;61;58;60m[38;2;46;43;46m▃[48;2;65;61;64m[38;2;48;45;47m▃[48;2;70;66;69m[38;2;49;46;48m▂[48;2;67;64;66m[38;2;43;41;43m▂[48;2;60;57;59m[38;2;43;41;42m▅[48;2;51;48;51m[38;2;41;39;41m▆[48;2;64;60;63m[38;2;113;110;113m▗[48;2;110;107;109m[38;2;109;107;109m▄[48;2;97;94;96m[38;2;96;93;95m▄[48;2;99;96;99m[38;2;90;86;90m▆[48;2;106;104;106m[38;2;92;90;92m▄[48;2;113;111;113m[38;2;105;103;105m▁[48;2;108;106;108m[38;2;123;122;123m▃[48;2;107;105;107m[38;2;0;0;0m [48;2;100;98;100m[38;2;106;104;106m▌[38;2;93;92;93m▆[48;2;103;101;103m[38;2;92;91;92m▅[48;2;104;102;104m[38;2;96;94;96m▆[48;2;98;96;98m▄[48;2;98;95;98m[38;2;0;0;0m [48;2;96;93;95m[38;2;93;91;93m▗[48;2;92;90;92m[38;2;96;92;95m▘[48;2;91;87;90m[38;2;90;89;90m▄[48;2;89;88;90m[38;2;84;83;84m▂[48;2;92;91;92m[38;2;87;85;87m▅[48;2;95;93;95m[38;2;89;88;89m▅[48;2;99;97;99m[38;2;95;93;95m▆[48;2;100;98;100m[38;2;97;96;97m▅[48;2;101;99;101m[38;2;99;98;99m▆[48;2;100;98;100m[38;2;98;96;98m▅[48;2;101;99;101m▅[48;2;99;97;99m[38;2;92;91;92m▄[48;2;101;99;101m[38;2;94;93;94m▆[48;2;106;104;106m[38;2;99;98;99m▆[48;2;109;107;109m[38;2;104;102;104m▄[48;2;112;110;112m[38;2;106;104;106m▖[48;2;117;115;117m[38;2;111;109;111m▆[48;2;113;110;113m[38;2;107;104;107m▗[48;2;142;140;142m[38;2;121;120;121m▊[48;2;141;139;141m[38;2;177;176;177m▆[48;2;82;81;82m[38;2;178;177;178m▖[48;2;90;88;90m[38;2;60;59;60m▊[48;2;143;141;143m[38;2;114;112;114m▌[48;2;1;0;1m[38;2;148;145;148m▊[0m
[48;2;95;94;95m[38;2;62;61;62m▊[48;2;141;138;141m[38;2;120;118;120m▌[48;2;146;143;146m[38;2;154;152;154m▅[48;2;95;93;95m[38;2;124;122;124m▊[48;2;52;50;52m[38;2;84;82;84m▎[48;2;56;55;56m[38;2;33;32;33m▆[48;2;23;21;23m[38;2;0;0;0m [48;2;8;6;8m[38;2;14;12;14m▌[48;2;4;3;4m[38;2;7;5;7m▃[48;2;5;4;5m[38;2;6;4;6m▃[48;2;8;6;8m[38;2;0;0;0m [48;2;14;12;14m[38;2;12;10;12m▊[48;2;17;15;17m[38;2;15;13;15m▂[48;2;15;13;15m[38;2;20;18;20m▆[38;2;21;19;21m▆[48;2;16;13;16m▅[48;2;17;15;17m▅[48;2;18;17;18m[38;2;22;21;22m▆[48;2;17;15;17m[38;2;24;21;24m▄[48;2;11;9;11m[38;2;17;16;17m▄[48;2;9;7;9m[38;2;15;12;15m▂[48;2;8;6;8m[38;2;10;8;10m▃[48;2;11;9;11m[38;2;12;10;12m▄[48;2;20;18;20m[38;2;16;14;16m▌[48;2;27;25;27m[38;2;22;20;22m▌[48;2;33;29;32m[38;2;30;27;29m▌[48;2;34;31;33m[38;2;35;32;34m▄[48;2;36;33;35m[38;2;39;36;38m▁[48;2;33;30;33m[38;2;32;29;32m▄[48;2;38;35;37m[38;2;28;25;27m▆[48;2;31;29;30m[38;2;56;53;55m▁[48;2;29;27;29m[38;2;46;43;45m▁[48;2;39;36;38m[38;2;32;30;31m▇[48;2;40;37;40m[38;2;32;29;31m▇[48;2;32;29;31m[38;2;40;37;39m▁[48;2;34;31;33m[38;2;42;39;41m▁[48;2;34;32;33m[38;2;43;41;43m▁[48;2;35;33;34m[38;2;53;50;53m▁[48;2;39;36;38m[38;2;76;72;76m▁[48;2;47;44;46m[38;2;96;92;96m▂[48;2;52;48;51m[38;2;113;109;112m▃[48;2;65;61;65m[38;2;111;108;110m▆[48;2;103;100;102m[38;2;116;113;116m▎[48;2;98;95;97m[38;2;85;81;84m▄[48;2;89;85;88m[38;2;81;77;80m▂[38;2;86;82;85m▃[48;2;92;90;92m[38;2;94;92;94m▄[48;2;97;96;97m[38;2;0;0;0m [48;2;112;110;112m[38;2;101;99;101m▆[48;2;102;100;102m[38;2;106;105;106m▘[48;2;103;101;103m[38;2;0;0;0m [48;2;90;89;90m[38;2;101;99;101m▌[48;2;91;89;91m[38;2;85;83;85m▂[48;2;89;87;89m[38;2;89;88;89m▄[48;2;95;94;95m[38;2;93;91;93m▌[48;2;97;95;97m[38;2;95;94;95m━[48;2;96;94;96m[38;2;96;95;96m▄[48;2;92;91;92m▎[48;2;85;83;85m[38;2;90;89;90m▌[48;2;84;83;84m[38;2;87;85;87m▖[48;2;85;84;85m[38;2;0;0;0m [48;2;87;85;87m[38;2;84;82;84m▄[48;2;90;89;90m[38;2;87;85;87m▄[48;2;94;92;94m[38;2;92;91;92m▌[48;2;95;94;95m[38;2;94;92;94m▇[48;2;95;93;95m[38;2;96;94;96m▄[38;2;92;91;92m▗[38;2;93;92;93m▅[48;2;93;91;93m[38;2;92;90;92m▂[48;2;88;87;88m[38;2;90;88;90m▄[48;2;96;94;96m[38;2;90;89;90m▆[48;2;101;99;101m[38;2;93;92;93m▆[48;2;109;107;109m[38;2;103;101;103m▌[48;2;113;111;113m[38;2;121;119;121m▄[48;2;109;107;109m[38;2;81;79;81m▗[48;2;154;152;154m[38;2;80;78;80m▅[48;2;88;86;88m[38;2;0;0;0m [48;2;109;107;109m[38;2;72;72;72m▘[48;2;134;133;134m[38;2;0;0;0m [48;2;1;0;1m[38;2;149;147;149m▊[0m
