[0m[38;2;90;88;113;48;2;116;91;121m▍[38;2;88;88;106;48;2;90;88;109mᖸ[38;2;102;90;111;48;2;91;88;106mᤝ[38;2;122;91;122;48;2;144;98;134m▍[38;2;168;103;147;48;2;159;102;141mᥠ[38;2;186;113;157;48;2;176;108;150mᥠ[38;2;187;115;159;48;2;166;115;152m▋[38;2;153;110;145;48;2;135;108;136m▋[38;2;116;103;128;48;2;122;106;130m⠸[38;2;125;109;136;48;2;110;103;126mᤝ[38;2;123;109;136;48;2;138;112;140m┦[38;2;147;116;146;48;2;159;120;151m▍[38;2;177;128;162;48;2;193;136;173m▏[38;2;182;132;166;48;2;144;127;146m▍[38;2;133;124;140;48;2;126;123;135m▍[38;2;107;121;131;48;2;119;125;135mᤜ[38;2;102;117;126;48;2;104;121;131mᙢ[48;2;102;120;129mᙢ[38;2;102;114;125;48;2;104;121;130mฒ[38;2;92;104;118;48;2;97;110;123m⫙[38;2;88;100;114;48;2;90;102;116mᙠ[38;2;98;103;117;48;2;94;102;116mᥥ[38;2;105;102;118;48;2;102;102;117mᤆ[38;2;122;100;123;48;2;115;100;121m᪐[38;2;180;108;152;48;2;138;102;131mᤝ[38;2;189;113;157;48;2;194;115;159mᚁ[38;2;192;113;157;48;2;196;114;159mᚄ[38;2;198;116;160;48;2;233;135;179m▋[38;2;176;102;152;48;2;210;118;167mᤝ[38;2;175;98;148;48;2;236;145;184m▋[38;2;167;110;146;48;2;138;98;129m▏[38;2;130;93;124;48;2;134;94;127m⠹[38;2;130;97;126;48;2;135;97;129mᚘ[38;2;138;100;131;48;2;142;102;133mᗅ[38;2;159;110;143;48;2;145;105;135m▕[38;2;189;119;157;48;2;124;100;131m▋[38;2;141;100;134;48;2;122;98;128mᤝ[38;2;144;108;142;48;2;140;104;139m⢰[38;2;128;109;135;48;2;137;108;139m⫚[38;2;129;115;140;48;2;125;111;135mᤝ[38;2;129;113;136;48;2;130;116;140mᖴ[38;2;175;132;160;48;2;140;118;142mᤝ[38;2;199;144;172;48;2;217;159;181m▏[38;2;236;179;194;48;2;252;202;208m▋[38;2;252;225;213;48;2;252;207;210mᩄ[38;2;251;236;216;48;2;252;244;220mᚓ[38;2;237;233;213;48;2;244;243;217mກ[38;2;232;242;216;48;2;222;231;209m▖[38;2;208;215;198;48;2;216;224;206m⫚[38;2;198;208;192;48;2;138;142;155mᚘ[38;2;181;191;180;48;2;127;135;145mᏦ[38;2;126;136;146;48;2;131;141;149mᘫ[38;2;145;155;160;48;2;137;147;154mᤝ[38;2;153;160;165;48;2;157;164;168mᚓ[38;2;150;154;161;48;2;155;161;165m⠙[38;2;144;148;157;48;2;123;123;143m▍[38;2;114;113;133;48;2;105;104;125m▋[38;2;100;100;119;48;2;98;97;115m▋[38;2;93;92;113;48;2;97;94;114mꖖ[38;2;114;114;129;48;2;94;97;113mၮ[38;2;93;98;113;48;2;98;100;115mᑬ[38;2;100;103;119;48;2;98;102;116m▃[38;2;93;102;116;48;2;98;105;119mᜏ[38;2;94;103;117;48;2;98;108;121mᚌ[38;2;97;105;119;48;2;100;110;123mᜏ[38;2;98;107;120;48;2;102;112;124mᚑ[38;2;115;121;134;48;2;103;114;127mᤝ[38;2;115;115;131;48;2;118;123;136mᜊ[38;2;120;112;134;48;2;126;111;137m▋[38;2;131;111;139;48;2;135;113;141mᘮ[38;2;138;113;142;48;2;142;114;144m⠇[38;2;142;114;144;48;2;145;115;145m▼[38;2;148;118;148;48;2;185;127;167m▍[38;2;178;123;163;48;2;149;112;147m▍[38;2;139;107;142;48;2;143;110;144mᙗ[38;2;130;106;138;48;2;136;107;140m⫚[38;2;119;107;133;48;2;124;107;135m⫙[38;2;111;106;129;48;2;115;108;132mᖴ[38;2;106;104;126;48;2;110;107;129mᜐ[38;2;103;104;125;48;2;106;107;127mᚗ[0m
[38;2;100;97;119;48;2;116;98;124mḋ[38;2;92;89;110;48;2;97;93;113mᖲ[38;2;109;93;118;48;2;98;92;111mᤝ[38;2;132;98;130;48;2;152;103;141m▋[38;2;181;113;154;48;2;168;107;147m៨[38;2;196;119;162;48;2;187;115;157mᥥ[38;2;199;121;166;48;2;174;120;156m▋[38;2;140;114;141;48;2;157;116;149mᤝ[38;2;121;111;133;48;2;126;116;136m⫚[38;2;129;117;140;48;2;115;110;132m▕[38;2;136;119;143;48;2;127;115;139m⨅[38;2;153;122;150;48;2;161;127;155m▋[38;2;169;129;160;48;2;196;143;175m▏[38;2;193;141;173;48;2;151;133;152m▍[38;2;137;132;145;48;2;128;130;141m▍[38;2;112;127;135;48;2;122;130;141mᤝ[38;2;32;40;47;48;2;105;123;132m⢀[38;2;70;84;91;48;2;103;121;129mǲ[38;2;98;113;127;48;2;36;53;72mᙼ[38;2;9;18;36;48;2;98;108;122m▃[38;2;92;104;118;48;2;94;106;119mᾡ[38;2;98;108;120;48;2;102;108;121mᑍ[38;2;104;104;119;48;2;105;107;121mᘺ[38;2;122;103;125;48;2;114;102;122mᤝ[38;2;186;113;156;48;2;143;103;135mᤝ[38;2;198;115;160;48;2;202;117;163mᙴ[38;2;200;115;162;48;2;205;116;162mዮ[38;2;201;115;160;48;2;238;136;182m▋[38;2;233;134;179;48;2;204;114;164m▏[38;2;187;105;155;48;2;247;145;183m▋[38;2;189;113;155;48;2;147;100;132m▏[38;2;137;98;129;48;2;141;98;131mᙪ[38;2;138;99;130;48;2;144;103;135mᘞ[38;2;146;104;136;48;2;152;109;141mᚑ[38;2;151;108;140;48;2;157;112;143mᘝ[38;2;128;102;133;48;2;183;117;154mᤝ[38;2;151;105;141;48;2;126;100;133mᤝ[38;2;147;107;144;48;2;151;113;150m▋[38;2;135;115;140;48;2;146;115;146m⫬[38;2;131;119;142;48;2;128;115;138m᥇[38;2;131;120;141;48;2;133;122;145m⫬[38;2;162;130;155;48;2;135;120;141mᤝ[38;2;199;147;172;48;2;222;166;185m▍[38;2;242;185;197;48;2;252;214;211m▋[38;2;252;245;216;48;2;252;229;212m᪀[38;2;252;250;229;48;2;252;248;221m⡴[38;2;246;249;215;48;2;202;201;190mᚘ[38;2;224;235;208;48;2;191;193;185mᙴ[38;2;209;219;198;48;2;169;163;167mᏦ[38;2;144;145;153;48;2;132;138;147m▍[38;2;129;137;147;48;2;130;139;148mᘝ[38;2;136;149;153;48;2;132;143;150mᨰ[38;2;145;159;161;48;2;140;154;157mᥥ[38;2;164;176;174;48;2;160;170;171mᨭ[38;2;176;183;182;48;2;163;173;170m¹[38;2;156;161;164;48;2;123;124;144m▋[38;2;114;117;135;48;2;106;108;128m▋[38;2;100;100;119;48;2;102;103;122m⫚[38;2;98;98;115;48;2;98;100;118mᘺ[38;2;100;102;118;48;2;98;100;116m⣤ᧅ[38;2;102;106;121;48;2;102;108;123mᙓ[38;2;98;108;122;48;2;102;112;124mᖱ[38;2;103;115;126;48;2;100;111;124m⣠[38;2;102;114;126;48;2;104;118;128mᗄ[38;2;103;116;127;48;2;106;121;130mᜏ[38;2;124;131;141;48;2;107;121;131mᤝ[38;2;121;127;138;48;2;128;135;144mᖧ[38;2;128;119;140;48;2;125;121;137mᤝ[38;2;135;116;142;48;2;145;121;150mᜦ[38;2;143;115;146;48;2;148;119;149m⠋[38;2;147;117;147;48;2;150;120;150mᜀ[38;2;152;120;150;48;2;192;132;171m▋[38;2;190;130;171;48;2;155;118;153m▋[38;2;152;117;149;48;2;145;112;145m⣤[38;2;137;110;141;48;2;143;114;145mᖴ[38;2;125;110;136;48;2;130;111;139m⫚[38;2;116;111;133;48;2;120;111;135mᖴ[38;2;157;155;148;48;2;112;111;133m·[38;2;109;108;130;48;2;112;111;132mᜈ[0m
[38;2;102;98;120;48;2;127;100;131mḋ[38;2;98;98;114;48;2;100;98;117mᖲ[38;2;127;103;129;48;2;102;102;117m▕[38;2;133;103;132;48;2;154;106;142m▍[38;2;170;111;148;48;2;185;118;159m▋[38;2;204;127;166;48;2;196;123;162mᥠ[38;2;211;130;171;48;2;180;127;159m▋[38;2;144;121;144;48;2;163;123;153mᤝ[38;2;125;119;137;48;2;129;121;139m⫙[38;2;123;119;137;48;2;118;115;133mᦛ[38;2;135;126;146;48;2;129;121;143mḔ[38;2;154;132;154;48;2;165;138;159m▍[38;2;191;152;174;48;2;170;136;161mⳙ[38;2;177;147;166;48;2;63;77;98mᚘ[38;2;133;132;144;48;2;36;45;58mᗎ[38;2;40;53;71;48;2;58;75;102mỀ[38;2;51;69;89;48;2;30;45;65mᯒ[38;2;70;90;114;48;2;12;20;40mᗎ[38;2;20;36;51;48;2;10;16;27mƍ[38;2;49;68;88;48;2;12;14;27m⣀[38;2;52;58;67;48;2;100;108;122m▍[38;2;102;110;123;48;2;104;112;125mᘞ[38;2;107;110;123;48;2;108;115;126mᜈ[38;2;124;106;127;48;2;114;110;125mᤝ[38;2;170;117;152;48;2;143;108;138mᤝ[38;2;191;118;160;48;2;210;122;165m▏[38;2;213;122;166;48;2;209;120;164m▲[38;2;244;142;186;48;2;206;117;163mᤝ[38;2;241;140;183;48;2;214;115;167m▍[38;2;243;152;188;48;2;191;102;149mᤝ[38;2;234;132;174;48;2;154;102;140m▏[38;2;147;102;134;48;2;150;102;133m⫙[38;2;155;109;142;48;2;148;105;137mᥠ[38;2;156;111;144;48;2;161;115;147mᘗ[38;2;165;118;151;48;2;165;118;151m [38;2;162;115;150;48;2;214;132;168m⨅[38;2;164;118;149;48;2;132;103;134mᤝ[38;2;150;113;149;48;2;154;117;152m▋[38;2;156;119;153;48;2;141;122;146m▍[38;2;133;122;144;48;2;135;125;145mᚑ[38;2;133;124;144;48;2;138;129;149m⫚[38;2;172;138;160;48;2;133;124;142mᤝ[38;2;197;149;171;48;2;230;172;185m▍[38;2;252;246;216;48;2;251;196;198mᤝ[38;2;237;206;193;48;2;252;247;221m▗[38;2;252;248;221;48;2;217;206;191mᏦ[38;2;207;205;190;48;2;196;199;187m▍[38;2;195;196;188;48;2;199;201;191mᙓ[38;2;188;187;184;48;2;169;164;169m▋[38;2;152;149;157;48;2;137;142;150m▍[38;2;135;142;149;48;2;136;144;151mᘝ[38;2;145;159;160;48;2;138;150;155mᝥ[38;2;151;167;165;48;2;145;161;161mᩄ[38;2;171;187;180;48;2;161;177;172mᱶ[38;2;167;179;174;48;2;173;187;179mᖧ[38;2;122;127;143;48;2;162;170;169mᤝ[38;2;116;121;137;48;2;107;113;129m▋[38;2;104;108;125;48;2;102;105;123mꤏ[38;2;107;109;125;48;2;102;104;121mȥ[38;2;102;103;120;48;2;102;105;121mᙴ[38;2;102;104;121;48;2;104;108;123mᘝ[38;2;105;113;125;48;2;109;114;127mᙸ[38;2;105;115;127;48;2;108;117;129mᚑ[38;2;109;125;134;48;2;106;120;130m⢀[38;2;107;122;131;48;2;111;129;136mᚗ[38;2;108;124;133mᙴ[38;2;128;143;149;48;2;114;130;138mᤝ[38;2;131;142;149;48;2;136;150;154mᙘ[38;2;129;128;141;48;2;132;133;145mᙢ[38;2;142;125;149;48;2;134;127;144mᤝ[38;2;152;127;154;48;2;149;123;151m⣰[38;2;153;123;152;48;2;156;126;154mᜈ[38;2;195;133;171;48;2;157;123;152mᤝ[38;2;195;135;171;48;2;164;126;158m▊[38;2;154;119;150;48;2;158;122;154mᖷ[38;2;143;116;145;48;2;149;118;149mฒ[38;2;131;115;141;48;2;137;117;144mᖴ[38;2;123;114;137;48;2;127;117;140mᙫ[38;2;116;113;135;48;2;119;116;137mᖢ[38;2;115;114;134;48;2;117;117;136mᘩ[0m
[38;2;108;110;129;48;2;139;109;138mḋ[38;2;104;104;122;48;2;107;106;123mꔞ[38;2;117;109;128;48;2;105;105;122mᤝ[38;2;131;108;136;48;2;155;113;145m▍[38;2;190;124;160;48;2;176;120;153mᤝ[38;2;211;132;167;48;2;203;128;166mᨭ[38;2;220;135;172;48;2;187;128;162m▋[38;2;147;127;147;48;2;165;129;154mᤝ[38;2;128;126;141;48;2;131;128;142mᖣ[38;2;125;127;141;48;2;124;123;139mᦛ[38;2;133;132;147;48;2;130;128;145mḒ[38;2;154;141;157;48;2;49;64;81mᜣ[38;2;163;143;159;48;2;49;63;77mᏦ[38;2;64;81;104;48;2;15;19;28mᓷ[38;2;73;93;120;48;2;22;39;56mὅ[38;2;74;96;123;48;2;80;103;132mỿ[38;2;12;15;26;48;2;72;97;125m⠈[38;2;13;18;29;48;2;72;93;123mᘺ[38;2;11;17;26;48;2;42;59;79mᘺ[38;2;11;15;24;48;2;61;78;105mᘺ[38;2;55;75;104;48;2;9;12;24mᢞ[38;2;108;116;127;48;2;11;18;36mᜊ[38;2;110;116;128;48;2;111;118;129m⠉[38;2;126;114;133;48;2;115;116;128mᤝ[38;2;160;117;146;48;2;142;113;139m▕[38;2;192;122;160;48;2;218;127;170m▍[38;2;216;124;168;48;2;219;126;170m᙭[38;2;246;149;189;48;2;210;118;165mᤝ[38;2;242;147;185;48;2;207;116;163m▋[38;2;246;166;197;48;2;198;112;155mᤝ[38;2;247;155;190;48;2;159;104;139m▏[38;2;155;104;138;48;2;158;107;140mᙗ[38;2;157;107;140;48;2;165;113;147m▍[38;2;173;122;155;48;2;167;118;150m⢰[38;2;173;124;155;48;2;179;128;160mꗛ[38;2;169;120;154;48;2;218;141;173mደ[38;2;172;127;155;48;2;136;106;139m▕[38;2;153;118;151;48;2;155;120;152mჄ[38;2;164;128;159;48;2;142;127;148m▋[38;2;136;129;146;48;2;137;132;148mᜅ[38;2;135;128;145;48;2;139;134;150mᤝ[38;2;186;147;166;48;2;132;126;141m▕[38;2;211;154;174;48;2;237;180;187m▋[38;2;252;245;219;48;2;250;197;197mᤝ[38;2;252;244;217;48;2;224;202;190m▋[38;2;221;211;196;48;2;222;205;191mᨭ[38;2;205;207;190;48;2;214;213;195m⫕[38;2;204;207;193;48;2;211;216;196mᙓ[38;2;178;170;175;48;2;200;201;190mᤝ[38;2;163;158;164;48;2;143;147;154m▍[38;2;139;146;152;48;2;143;151;156mᓪ[38;2;151;166;166;48;2;145;156;159mᤝ[38;2;159;175;170;48;2;154;171;167mᩄ[38;2;164;179;175;48;2;181;203;184m▍[38;2;178;197;182;48;2;185;209;185mᙨ[38;2;126;133;151;48;2;170;182;175mᤝ[38;2;118;127;141;48;2;112;120;135m▋[38;2;104;111;126;48;2;107;115;129mᖷ[38;2;103;111;125;48;2;102;108;123m⣤[38;2;103;109;124;48;2;106;112;127mᚑ[38;2;106;111;125;48;2;109;115;128mᜏ[38;2;116;120;134;48;2;111;117;129mᾱ[38;2;113;123;132;48;2;111;119;130m⣠[38;2;111;124;133;48;2;113;129;137m▋[38;2;114;132;138;48;2;116;136;140mᜏ[38;2;114;134;139;48;2;117;139;142mᜏ[38;2;139;159;158;48;2;120;140;144m▕[38;2;140;156;157;48;2;145;163;160mᙗ[38;2;134;138;147;48;2;141;145;152mᖷ[38;2;144;134;150;48;2;137;136;148mᤝ[38;2;152;132;154;48;2;157;136;157mᘫ[38;2;160;130;157;48;2;164;135;159mᜀ[38;2;197;143;176;48;2;166;131;161mᤝ[38;2;173;133;164;48;2;199;143;176mᤝ[38;2;161;124;156;48;2;165;128;158mᖷ[38;2;151;122;150;48;2;157;124;153m⫙[38;2;139;120;145;48;2;145;122;147m⫚[38;2;128;120;142;48;2;133;123;143mᖷ[38;2;122;119;138;48;2;123;123;140mᚌ[38;2;119;120;138;48;2;120;123;139mᚌ[0m
[38;2;119;109;133;48;2;149;113;143mḋ[38;2;106;108;126;48;2;107;110;127mഄ[38;2;113;115;129;48;2;107;110;126mồ[38;2;132;114;138;48;2;162;119;150m▍[38;2;191;129;161;48;2;176;126;156mᤝ[38;2;217;138;169;48;2;210;133;168mᨭ[38;2;178;142;164;48;2;225;139;174mᤝ[38;2;148;132;152;48;2;164;134;156mᤝ[38;2;131;133;145;48;2;129;136;147mᙹ[38;2;100;112;130;48;2;123;131;143m⢀[38;2;88;98;117;48;2;124;127;143mӋ[38;2;49;64;84;48;2;84;109;140mᙴ[38;2;64;80;104;48;2;83;110;143mᘺ[38;2;65;84;109;48;2;86;111;142mय[38;2;82;104;132;48;2;85;111;142mᓿ[38;2;88;111;142;48;2;82;104;135mᾚ[38;2;84;110;141;48;2;88;111;142mꛬ[38;2;81;105;137;48;2;67;94;124mⳟ[38;2;55;73;97;48;2;78;102;132mᜮ[38;2;38;49;69;48;2;72;97;127m꘦[38;2;40;51;70;48;2;83;108;137m⣈[38;2;27;36;47;48;2;79;105;134m⣉[38;2;104;115;130;48;2;16;17;22mᗃ[38;2;110;112;123;48;2;119;120;131mᝍ[38;2;134;121;137;48;2;152;119;144m▋[38;2;180;120;154;48;2;224;133;174m▋[38;2;220;127;170;48;2;228;134;176m⫚[38;2;245;152;190;48;2;213;120;165mᤝ[38;2;245;155;191;48;2;204;116;164m▋[38;2;247;172;199;48;2;205;120;164mᤝ[38;2;251;157;190;48;2;165;107;145m▍[38;2;165;110;144;48;2;161;108;141m⣆[38;2;163;110;143;48;2;175;122;154m▍[38;2;182;131;162;48;2;176;124;155mᥥ[38;2;183;132;163;48;2;189;139;168mᜏ[38;2;182;134;164;48;2;235;160;181m▋[38;2;140;112;142;48;2;169;131;157m┃[38;2;171;136;159;48;2;155;125;153m▏[38;2;171;135;161;48;2;144;141;152m▋[38;2;139;136;149;48;2;141;139;151mᙧ[38;2;138;134;147;48;2;142;139;152mᤕ[38;2;131;127;141;48;2;141;132;148m╂[38;2;225;164;177;48;2;155;134;151mᙫ[38;2;252;239;202;48;2;246;182;193mᤝ[38;2;251;239;207;48;2;233;196;194mႴ[38;2;229;215;200;48;2;229;208;196mᤝ[38;2;217;220;196;48;2;225;221;199m⫙[38;2;214;221;197;48;2;220;227;197mᙿ[38;2;187;181;184;48;2;212;217;197mᤝ[38;2;175;169;173;48;2;150;154;160m▍[38;2;146;155;159;48;2;150;159;163mᚓ[38;2;156;171;169;48;2;149;161;162mᥥ[38;2;163;179;172;48;2;167;184;175mᘝ[38;2;174;187;181;48;2;193;222;189m▋[38;2;191;218;188;48;2;199;228;192mᙗ[38;2;144;152;160;48;2;181;200;181mᤝ[38;2;127;135;148;48;2;120;128;142m▍[38;2;109;117;130;48;2;112;121;133m⫙[38;2;109;117;129;48;2;106;115;126m˛[38;2;108;115;128;48;2;111;119;131mᙴ[38;2;112;118;130;48;2;114;121;132mᚗ[38;2;125;126;138;48;2;120;123;135m₾[38;2;121;125;135;48;2;116;127;135m▍[38;2;118;136;141;48;2;115;131;137mᥠ[38;2;119;139;143;48;2;122;144;146mᙸ[38;2;120;143;145;48;2;124;148;148mᚑ[38;2;125;147;148;48;2;131;152;153mᑬ[38;2;154;181;164;48;2;149;172;161m╻[38;2;140;149;154;48;2;147;159;160m⫬[38;2;138;143;151;48;2;142;147;153mᑗ[38;2;153;144;157;48;2;161;144;161m▍[38;2;171;146;164;48;2;163;141;161m▃[38;2;168;139;160;48;2;181;145;166mᐦ[38;2;199;153;174;48;2;186;147;168m▊[38;2;23;15;22;48;2;164;130;156m▗[38;2;162;138;156;48;2;159;129;152m┎[38;2;150;131;148;48;2;144;129;146m⡆[38;2;131;129;144;48;2;135;129;145m᧶[38;2;125;128;142;48;2;128;130;143mግ[38;2;122;125;140;48;2;123;128;141m⠙[0m
[38;2;132;122;145;48;2;184;125;160mḋ[38;2;108;111;127;48;2;111;115;131mᖱ[38;2;111;116;131;48;2;108;111;127mᲷ[38;2;57;75;100;48;2;152;121;149m⎽[38;2;45;56;71;48;2;178;130;155m⣠[38;2;8;22;40;48;2;218;141;170m⣀[38;2;55;44;53;48;2;199;149;169m⡀[38;2;69;98;139;48;2;152;144;156m⢀[38;2;10;14;25;48;2;131;139;149m⣠[38;2;82;106;136;48;2;12;15;28mᜀ[38;2;84;108;137;48;2;20;39;55mᙴ[38;2;63;91;125;48;2;14;22;38mᘼ[38;2;63;90;122;48;2;20;37;52m⣉[38;2;64;85;113;48;2;46;56;67mᐲ[38;2;64;83;109;48;2;14;19;37mᔄ[38;2;61;87;109;48;2;22;40;56mᔄ[38;2;73;98;120;48;2;16;21;36m⎼[38;2;39;51;72;48;2;15;20;36m⠤[38;2;37;52;73;48;2;6;11;27mฏ[38;2;44;58;82;48;2;24;38;61mߚ[38;2;29;45;67;48;2;9;13;26m⫙[38;2;16;21;32;48;2;46;67;88mᜠ[38;2;28;37;48;48;2;16;20;29mΓ[38;2;126;120;134;48;2;13;17;24m⠸[38;2;151;122;145;48;2;135;123;138mᥗ[38;2;232;140;177;48;2;179;124;153mᤝ[38;2;229;134;175;48;2;239;142;181m⫚[38;2;244;153;191;48;2;219;121;168m▕[38;2;199;120;163;48;2;247;157;192mᤝ[38;2;248;182;202;48;2;210;120;163mᤝ[38;2;251;177;201;48;2;168;112;149m▍[38;2;172;115;147;48;2;168;111;144m▲[38;2;171;114;148;48;2;190;131;161m▋[38;2;188;134;163;48;2;191;141;168mᘫ[38;2;203;154;179;48;2;195;145;172m⢰[38;2;233;175;184;48;2;191;145;174mᤝ[38;2;221;165;178;48;2;144;120;148m▏[38;2;168;142;162;48;2;153;131;154m▏[38;2;170;142;165;48;2;153;138;158mᛁ[38;2;148;147;155;48;2;145;143;153m⣤[38;2;146;143;153;48;2;150;148;157mᙗ[38;2;132;128;142;48;2;138;135;146mⳚ[38;2;144;114;139;48;2;130;122;139mৠ[38;2;235;177;192;48;2;129;121;138mᖴ[38;2;230;192;192;48;2;226;181;189m⫚[38;2;234;205;197;48;2;237;217;201m▍[38;2;231;231;196;48;2;239;225;202mฒ[38;2;228;237;196;48;2;238;246;196mᜏ[38;2;210;215;193;48;2;228;238;197mᤝ[38;2;186;182;180;48;2;155;163;165m▋[38;2;152;163;164;48;2;158;168;167mᚓ[38;2;158;170;168;48;2;164;178;174mᑬ[38;2;171;190;178;48;2;176;197;182mᜏ[38;2;200;233;189;48;2;177;197;184mᤝ[38;2;206;236;193;48;2;215;243;194mᜀ[38;2;161;174;171;48;2;190;216;185m▕[38;2;135;143;154;48;2;125;133;143m▍[38;2;118;127;138;48;2;114;123;134m▍[38;2;111;120;131;48;2;113;122;133mᙴ[38;2;118;126;136;48;2;114;122;132m⣰[38;2;117;124;134;48;2;120;127;136mᚑ[38;2;122;125;136;48;2;132;131;142m▍[38;2;130;131;141;48;2;122;131;139m▍[38;2;127;146;148;48;2;123;139;143m⢰[38;2;127;149;149;48;2;132;154;152mᙸ[38;2;129;153;152;48;2;133;158;154mᚌ[38;2;132;157;154;48;2;137;162;157mᘮ[38;2;154;178;165;48;2;167;197;171m▍[38;2;149;162;162;48;2;157;177;168m⫬[38;2;144;154;156;48;2;147;159;160mᙠ[38;2;164;157;161;48;2;155;156;159mᱏ[38;2;170;151;164;48;2;169;160;162mᙧ[38;2;173;153;162;48;2;168;152;160mᜢ[38;2;53;52;57;48;2;192;160;172m▕[38;2;43;42;46;48;2;0;0;0mႁ[38;2;154;138;149;48;2;16;13;11m⫬[38;2;148;140;149;48;2;144;138;148m▊[38;2;140;139;148;48;2;135;135;146m▍[38;2;132;136;145;48;2;129;133;144m⣤[38;2;125;131;142;48;2;132;138;146mᙠ[0m
[38;2;131;124;146;48;2;190;127;162mᤝ[38;2;111;116;131;48;2;116;118;134m▕[38;2;14;18;31;48;2;110;114;130m᪀[38;2;50;61;81;48;2;14;19;32mय[38;2;22;37;51;48;2;68;79;98mभ[38;2;72;97;122;48;2;16;27;43m⢀[38;2;107;124;149;48;2;16;26;44m᱑[38;2;145;141;153;48;2;14;20;31mᏦ[38;2;53;64;77;48;2;13;20;32mᜫ[38;2;36;59;88;48;2;17;23;36m⣀[38;2;17;22;33;48;2;62;88;121mጳ[38;2;44;56;74;48;2;60;82;115mᐛ[38;2;73;93;120;48;2;88;111;145mƩ[38;2;17;25;40;48;2;88;112;146m⠈[38;2;65;80;100;48;2;23;36;50m▃[38;2;27;42;60;48;2;12;18;37m␅[38;2;39;58;74;48;2;12;18;36m⣀[38;2;39;54;76;48;2;13;20;37mꬤ[38;2;23;29;44;48;2;61;72;90mঽ[38;2;55;73;100;48;2;20;22;39m⎺[38;2;10;14;29;48;2;31;41;64mꗼ[38;2;10;15;25;48;2;61;82;108m⣆[38;2;35;48;63;48;2;81;108;133mᓾ[38;2;73;94;118;48;2;18;29;47mद[38;2;163;124;148;48;2;36;50;68mₗ[38;2;218;137;170;48;2;176;126;152m▕[38;2;244;147;184;48;2;238;142;179m꤅[38;2;222;131;171;48;2;239;146;185m┃[38;2;202;123;166;48;2;248;160;193mᤝ[38;2;248;196;205;48;2;211;128;167mᤝ[38;2;250;201;208;48;2;176;122;156m▍[38;2;176;120;150;48;2;178;121;152mዹ[38;2;180;123;153;48;2;198;138;163m▋[38;2;199;150;174;48;2;194;141;168mᨰ[38;2;213;169;182;48;2;205;156;177mᤝ[38;2;231;198;181;48;2;207;166;182mᤝ[38;2;236;197;184;48;2;148;129;151m▏[38;2;153;133;153;48;2;159;139;158m⩪[38;2;183;152;170;48;2;159;153;161mᛙ[38;2;159;155;160;48;2;153;151;157m⣠[38;2;163;160;164;48;2;156;154;158m▃[38;2;148;146;152;48;2;134;133;145m▍[38;2;128;123;138;48;2;130;129;142m⫚[38;2;135;123;142;48;2;126;122;137mᤝ[38;2;222;174;188;48;2;150;129;151mᖜ[38;2;234;203;195;48;2;175;149;168mᙓ[38;2;244;221;203;48;2;192;165;176mᜀ[38;2;224;200;191;48;2;247;249;196m⣄[38;2;235;239;191;48;2;247;251;196mᢕ[38;2;164;171;169;48;2;197;200;183mᤝ[38;2;164;174;170;48;2;166;181;174mᙹ[38;2;170;186;177;48;2;165;179;173mᩄ[38;2;179;202;182;48;2;183;208;184mᚑ[38;2;214;242;193;48;2;187;215;186m▕[38;2;222;249;194;48;2;230;252;195mᚄ[38;2;218;244;189;48;2;202;229;185m▍[38;2;150;163;160;48;2;135;143;154m▏[38;2;119;128;138;48;2;124;132;142m⫚[38;2;118;127;137;48;2;116;124;135m⣤[38;2;121;128;138;48;2;126;132;141mᙹ[38;2;124;130;139;48;2;128;134;141mᚌ[38;2;129;135;142;48;2;144;143;151m▍[38;2;146;146;154;48;2;131;144;149m‷[38;2;138;157;155;48;2;130;148;149m▗[38;2;137;160;156;48;2;144;167;160mᚑ[38;2;138;163;157;48;2;143;168;160mᜀ[38;2;139;166;157;48;2;146;170;163mᘯ[38;2;157;181;168;48;2;182;213;178m▍[38;2;174;199;177;48;2;160;176;168m▍[38;2;151;163;163;48;2;152;168;164mᖱ[38;2;166;169;165;48;2;156;167;164m⫢[38;2;168;167;164;48;2;168;171;165m⠙[38;2;69;71;71;48;2;163;163;161mᜭ[38;2;163;163;161;48;2;0;0;1m⸞[38;2;76;70;73mߔ[38;2;5;4;5;48;2;154;149;157mከ[38;2;154;149;157;48;2;5;4;5m⣻[38;2;135;139;146;48;2;138;143;148m⫄[38;2;134;140;147;48;2;137;145;149mᙿ[38;2;134;141;147;48;2;150;162;151mᜣ[0m
[38;2;141;136;152;48;2;201;135;162mᤝ[38;2;126;128;141;48;2;16;18;28mᑥ[38;2;41;48;69;48;2;15;19;31mৠ[38;2;74;97;124;48;2;15;20;32m⠱[38;2;9;11;24;48;2;77;98;126m⎽[38;2;82;105;136;48;2;33;47;64mಠ[38;2;102;122;151;48;2;18;23;41m⠋[38;2;15;20;30;48;2;16;21;32m┨[38;2;17;22;33;48;2;19;24;36mᶠ[38;2;19;24;38;48;2;18;23;36mҍ[38;2;37;50;68;48;2;16;22;36mৠ[38;2;28;44;63;48;2;11;18;33m⢅[38;2;84;106;138;48;2;15;22;36m⎺[38;2;88;112;143;48;2;16;22;36m⠉[38;2;55;74;103;48;2;13;20;30mᙗ[38;2;39;58;83;48;2;12;18;31mꘋ[38;2;27;42;60;48;2;12;18;32m၌[38;2;38;48;61;48;2;14;20;32m⁹[38;2;70;94;128;48;2;13;20;32mᢕ[38;2;84;111;148;48;2;25;36;55mᜅ[38;2;81;108;142;48;2;29;40;50mᓥ[38;2;11;16;26;48;2;62;88;119mᕚ[38;2;51;70;93;48;2;27;41;56mǥ[38;2;56;75;98;48;2;16;22;31mꓤ[48;2;16;21;31m⠉[38;2;12;17;25;48;2;184;126;155m⡀[38;2;197;130;163;48;2;247;150;188m▏[38;2;237;143;182;48;2;226;132;177m▍[38;2;208;126;166;48;2;250;167;196mᤝ[38;2;243;214;203;48;2;212;133;167m▕[38;2;151;102;128;48;2;222;192;189mᤝ[38;2;66;13;8;48;2;183;129;157m⣆[48;2;202;145;168m⎽[38;2;92;54;61;48;2;198;149;173m⢰[38;2;206;162;176;48;2;216;170;185m⎽[38;2;66;13;8;48;2;220;188;184m⎽[38;2;234;204;183;48;2;152;135;155mჄ[38;2;66;13;8;48;2;152;137;153m⎽[48;2;164;155;166m⎽[38;2;171;161;167;48;2;165;157;163m╷[38;2;88;63;63;48;2;171;163;167m⡂[38;2;66;13;8;48;2;139;143;151m⎽[48;2;133;137;147m⎽[38;2;131;131;143;48;2;130;129;141mꗼ[38;2;146;138;151;48;2;142;136;149m▕[38;2;167;146;162;48;2;171;147;164m▏[38;2;165;141;153;48;2;184;160;174m⢀[38;2;66;13;8;48;2;223;195;189m⎽[38;2;244;223;191;48;2;249;247;188m▋[38;2;172;181;172;48;2;231;227;187mᤝ[38;2;74;44;39;48;2;174;184;171m▗[38;2;66;13;8;48;2;180;199;179m⎻[48;2;187;213;183m▖[48;2;192;221;185m▗[48;2;241;252;195m⎻[38;2;74;43;29;48;2;229;240;186m▖[38;2;79;54;51;48;2;135;143;154m▗[38;2;66;13;8;48;2;125;135;142m⎻[48;2;123;133;141mʮ[38;2;128;137;144;48;2;126;136;143mᜫ[38;2;126;138;143;48;2;132;139;145m˓[38;2;136;144;149;48;2;155;156;158m▋[38;2;138;152;153;48;2;156;157;159mฒ[38;2;143;163;158;48;2;140;155;155mᥥ[38;2;147;171;161;48;2;151;179;164mᘫ[38;2;149;176;164;48;2;155;186;167mᜈ[38;2;148;176;162;48;2;153;183;165mᚑ[38;2;163;191;172;48;2;197;226;185m▋[38;2;192;221;182;48;2;171;190;174m▍[38;2;156;173;166;48;2;160;179;168mᖲ[38;2;161;176;167;48;2;170;179;167m▍[38;2;169;176;165;48;2;175;183;168mᜈ[38;2;160;170;160;48;2;25;29;37mꤤ[38;2;39;39;41;48;2;0;0;0mխ[38;2;38;38;41m༭[38;2;45;43;49;48;2;0;0;2mᯅ[38;2;125;130;123;48;2;5;4;8mᏒ[38;2;37;23;30;48;2;143;148;140m⡀[38;2;157;176;149;48;2;145;153;150m▃[38;2;135;146;132;48;2;151;169;146mѦ[0m
[38;2;19;22;38;48;2;218;145;165m⢰[38;2;23;26;43;48;2;18;21;30mᤝ[38;2;18;22;37;48;2;22;26;42mฐ[38;2;33;43;69;48;2;17;22;38m˛[38;2;17;23;38;48;2;42;58;79mᚅ[38;2;42;59;88;48;2;19;24;38mʮ[38;2;18;39;70;48;2;15;20;31mৠ[38;2;34;54;88;48;2;16;18;28mꘓ[38;2;43;51;72;48;2;17;22;33mৠ[38;2;33;45;67;48;2;18;23;36mᓾ[38;2;40;56;75;48;2;20;25;37m⠉[38;2;63;85;112;48;2;18;22;31m⠁[38;2;46;71;102;48;2;17;21;33m⠁[38;2;44;59;81;48;2;17;23;38m⠉[38;2;70;95;122;48;2;17;24;37mᓾ[38;2;42;70;100;48;2;18;23;32mᖱ[38;2;35;47;69;48;2;15;19;26mᡗ[38;2;25;41;58;48;2;16;22;33mҐ[38;2;37;48;69;48;2;18;23;36m⠉[38;2;45;67;89;48;2;18;22;28mᙓ[38;2;49;70;97;48;2;16;20;29mᜊ[38;2;59;78;106;48;2;12;18;36m⠹[38;2;28;40;61;48;2;84;104;132m⣉[38;2;72;89;113;48;2;15;21;30m⠦[38;2;65;74;88;48;2;16;21;32m⎽[38;2;195;135;164;48;2;12;17;24mᤜ[38;2;201;135;166;48;2;251;162;192m▍[38;2;241;147;184;48;2;228;136;176m▋[38;2;233;137;177;48;2;248;178;196m⨅[38;2;241;207;193;48;2;210;127;166m▕[38;2;158;100;128;48;2;245;227;201mᤝ[38;2;189;139;162;48;2;66;13;8m⠸[38;2;66;13;8;48;2;179;129;151m⡸[38;2;193;149;169;48;2;91;54;60m▋[38;2;66;13;8;48;2;228;185;183m៦[38;2;202;173;167;48;2;66;13;8mᐙ[38;2;66;13;8;48;2;155;138;165m▍[38;2;157;145;157;48;2;66;13;8mᤕ[38;2;159;147;157m⠇[38;2;185;163;173;48;2;176;154;163m┃[38;2;92;66;66;48;2;188;171;174m▋[38;2;188;171;174;48;2;66;13;8m▍[38;2;140;144;152m▊[38;2;66;13;8;48;2;130;136;144m▍[38;2;147;147;154;48;2;66;13;8m⡸Ⴤ[38;2;66;13;8;48;2;182;164;170m⢘[38;2;214;184;185;48;2;66;13;8m⠍[38;2;230;215;176;48;2;252;247;191m˞[38;2;189;200;182;48;2;250;247;189mᤝ[38;2;185;199;176;48;2;66;13;8m▍[38;2;66;13;8;48;2;186;210;180m⣉[38;2;192;221;185;48;2;66;13;8m⫛▍[38;2;66;13;8;48;2;233;243;188m⣉[38;2;237;248;193;48;2;66;13;8m⫛[38;2;66;13;8;48;2;169;175;163m⣈[48;2;141;149;158m⣉[38;2;81;63;63;48;2;125;138;142m⠇[38;2;125;138;142;48;2;128;142;145m⣉[38;2;126;139;143;48;2;137;146;149m⠆[38;2;167;170;165;48;2;142;151;152mᤝ[38;2;151;164;160;48;2;169;171;166m⫚[38;2;154;173;163;48;2;149;163;160mᥥ[38;2;156;183;165;48;2;163;193;169mᘮ[38;2;162;194;170;48;2;172;202;174mᚁ[38;2;158;191;167;48;2;165;200;171mᙠ[38;2;212;237;186;48;2;172;205;175mᤝ[38;2;214;239;187;48;2;184;206;176m▋[38;2;166;186;169;48;2;174;195;173mᖷ[38;2;169;187;168;48;2;176;187;168mꡧ[38;2;177;186;166;48;2;181;192;168mⱄ[38;2;173;183;167;48;2;17;22;21m⡍[38;2;128;132;125;48;2;29;32;29mᔱ[38;2;63;65;62;48;2;0;0;0mყ[38;2;39;47;38;48;2;104;113;103mᙽ[38;2;160;172;144;48;2;0;0;2mᬉ[38;2;170;183;153;48;2;170;156;132mꗼ[38;2;165;183;150;48;2;172;187;150mᜏ[38;2;170;188;150;48;2;179;194;152mᜏ[0m
[38;2;18;21;32;48;2;207;172;174mⴺ[38;2;29;38;49;48;2;18;23;32m˛[38;2;18;22;37;48;2;21;25;40m╽[38;2;18;23;37;48;2;17;21;33mಯ[38;2;17;22;36;48;2;73;100;131mᾌ[38;2;27;39;53;48;2;18;23;32mᝎ[38;2;78;103;134;48;2;18;23;30m⣠[38;2;17;21;31;48;2;74;100;130mᜢ[38;2;80;103;134;48;2;18;21;29m⣠[38;2;41;48;61;48;2;18;23;32m꘡[38;2;43;60;88;48;2;21;25;37m⣀[38;2;20;23;32;48;2;45;61;84mᜦ[38;2;21;25;38;48;2;32;51;87mꗼ[38;2;21;27;39;48;2;20;25;37mѧ[38;2;21;26;40;48;2;21;27;41mᗴ[38;2;37;45;57;48;2;19;25;39m⢀[38;2;44;62;96;48;2;16;20;37mৠ[38;2;40;56;81;48;2;17;22;32mꡁ[38;2;24;33;46;48;2;18;24;37mᝂ[38;2;46;61;97;48;2;17;23;37m⎺[38;2;17;22;36;48;2;41;61;92mꘀ[38;2;27;44;68;48;2;16;21;36m꘥[38;2;45;65;90;48;2;16;19;32mᜮ[38;2;19;30;45;48;2;13;17;30m‟[38;2;49;69;79;48;2;12;17;28m⠩[38;2;47;55;68;48;2;19;23;32mꙆ[38;2;252;164;190;48;2;16;20;29mฒ[38;2;251;162;188;48;2;236;142;179mႁ[38;2;240;145;181;48;2;251;177;190mḒ[38;2;237;188;184;48;2;215;130;167m▕[38;2;250;234;204;48;2;197;141;164m▋[38;2;192;157;166;48;2;188;143;163mᤝ[38;2;226;180;174;48;2;199;153;167mᤝ[38;2;220;178;183;48;2;206;165;180mᤝ[38;2;226;187;182;48;2;240;208;187m▏[38;2;230;203;195;48;2;245;229;182mᤝ[38;2;161;148;164;48;2;248;232;186mᤝ[38;2;158;149;160;48;2;66;13;8mᧅ[38;2;159;149;160;48;2;231;173;182m▋[38;2;189;166;175;48;2;198;173;179m▋[38;2;203;181;181;48;2;211;188;184mᚑ[38;2;154;158;161;48;2;206;187;180mᤝ[38;2;142;149;152;48;2;153;155;157m▕[38;2;139;144;150;48;2;141;149;151mᙢ[38;2;151;156;157;48;2;144;149;154mᥠ[38;2;168;168;167;48;2;159;160;160mᤝ[38;2;196;179;175;48;2;186;170;173mᨭ[38;2;204;184;180;48;2;235;204;181m▍[38;2;239;216;184;48;2;252;251;193m▏[38;2;205;227;178;48;2;251;249;189mᤝ[38;2;211;234;179;48;2;198;224;174mᥠ[38;2;194;219;173;48;2;212;236;182mᜭ[38;2;198;227;175;48;2;214;244;182m⣀[38;2;194;218;174;48;2;209;240;177m⎽[38;2;164;173;165;48;2;228;239;188m⎽[38;2;245;249;184;48;2;188;179;173mᚑ[38;2;178;185;164;48;2;151;164;157mၮ[38;2;148;160;157;48;2;135;152;150m▍[38;2;133;153;148;48;2;129;146;146m⣤[38;2;139;155;153;48;2;134;150;150mᩄ[38;2;152;163;157;48;2;145;157;154m▃[38;2;184;183;168;48;2;153;163;157mᤝ[38;2;165;178;165;48;2;186;187;171mᕜ[38;2;157;173;163;48;2;163;181;166mᑣ[38;2;167;192;170;48;2;176;200;172mᘮ[38;2;179;210;174;48;2;187;220;175mᙹ[38;2;175;212;173;48;2;189;224;179mᚌ[38;2;191;226;180;48;2;220;241;184mᑬ[38;2;207;228;179;48;2;233;247;186mᤝ[38;2;178;200;165;48;2;191;212;170m⫬[38;2;182;202;163;48;2;174;197;160m⣄[38;2;129;140;120;48;2;166;184;145m⟭[38;2;151;158;134;48;2;0;0;0mᗟ[38;2;151;154;112m⠖[38;2;131;128;81mႸ[38;2;125;120;88;48;2;0;0;1m⩿[38;2;10;9;11;48;2;181;177;152mϼ[38;2;72;72;65m⠖[38;2;128;127;124;48;2;179;191;151m⣀[38;2;56;71;78;48;2;183;195;150m⣀[0m
[38;2;72;91;119;48;2;14;19;30m⠈[38;2;71;88;116;48;2;16;22;38m⠲[38;2;17;25;44;48;2;81;103;134m⠈[38;2;17;21;32;48;2;82;105;136mᘋ[38;2;82;106;137;48;2;76;98;125mꔞ[38;2;54;71;94;48;2;82;106;138mৠ[38;2;80;105;135;48;2;30;52;76mᜣ[38;2;55;72;98;48;2;12;17;27mᗎ[38;2;82;106;137;48;2;10;16;27m⠙[38;2;82;105;136;48;2;17;33;51mቖ[38;2;16;20;28;48;2;80;104;136mᙠ[38;2;61;77;100;48;2;82;106;138m႞[38;2;18;22;41;48;2;80;105;138mข[38;2;21;26;38;48;2;72;97;126mᜠ[38;2;24;30;46;48;2;22;28;42mꙧ[38;2;23;29;45;48;2;26;39;56mສ[38;2;39;52;74;48;2;21;27;42m⣠[38;2;44;62;92;48;2;18;23;31mᣠ[38;2;49;74;107;48;2;14;18;30mꢟ[38;2;18;23;31;48;2;71;93;125mᜦ[38;2;20;27;38;48;2;81;105;135mᚁ[38;2;41;56;80;48;2;17;22;37m⎽[38;2;34;51;73;48;2;14;19;33m⁽[38;2;54;71;91;48;2;17;23;38mত[38;2;21;33;48;48;2;12;17;27m∊[38;2;16;20;34;48;2;22;30;44mꓮ[38;2;25;30;45;48;2;21;23;37m₹[38;2;233;146;179;48;2;21;23;33mৠ[38;2;19;7;10;48;2;252;179;190m⡀[38;2;215;132;166;48;2;235;172;176m┃[38;2;200;149;170;48;2;251;228;198mᤝ[38;2;197;168;170;48;2;195;154;169mᤝ[38;2;233;204;172;48;2;203;161;169m▕[38;2;231;209;171;48;2;217;181;181m▏[38;2;228;189;180;48;2;244;222;181m▏[38;2;248;243;181;48;2;237;224;182m┃[38;2;252;248;185;48;2;226;205;191m╽[38;2;180;174;178;48;2;162;154;163mᝍ[38;2;230;186;189;48;2;164;156;163mᤝ[38;2;210;184;181;48;2;194;171;176mᤝ[38;2;220;198;183;48;2;214;193;181mᠴ[38;2;163;166;165;48;2;221;201;183mᤝ[38;2;157;160;158;48;2;161;165;161mᙓ[38;2;150;161;156;48;2;144;154;153m▃[38;2;158;165;159;48;2;152;159;156mᨰ[38;2;165;168;163;48;2;174;174;166mᑬ[38;2;203;184;175;48;2;192;177;174mᱶ[38;2;213;190;176;48;2;248;224;170m▋[38;2;247;218;165;48;2;252;251;193m▏[38;2;249;248;183;48;2;175;166;161mᚓ[38;2;204;227;172;48;2;163;163;160m⠉[38;2;179;199;173;48;2;152;159;156m⎺[38;2;163;179;165;48;2;143;155;155m⎺[38;2;143;155;157;48;2;141;155;154mጚ[38;2;189;180;167;48;2;144;157;154mᤝ[38;2;190;181;169;48;2;199;187;169mᜀ[38;2;158;177;156;48;2;169;179;161m╿[38;2;160;181;159;48;2;145;163;155m⡆[38;2;144;165;153;48;2;138;159;151m▃[38;2;142;162;154;48;2;148;166;157mᘞ[38;2;159;168;161;48;2;168;173;162mᚑ[38;2;198;194;169;48;2;172;176;163m▕[38;2;199;199;171;48;2;218;213;172mᖷ[38;2;174;187;165;48;2;185;197;163mᜅ[38;2;183;202;171;48;2;194;213;171mᘮ[38;2;195;224;174;48;2;207;236;171mᘞ[38;2;203;235;176;48;2;216;246;174mᚌ[38;2;221;247;178;48;2;239;251;179mᑥ[38;2;229;241;177;48;2;248;252;184mᤝ[38;2;212;229;173;48;2;195;213;163m▍[38;2;190;209;163;48;2;188;206;157m⸞[38;2;115;114;113;48;2;195;204;156mᠰ[38;2;179;176;161;48;2;0;0;2mȣ[38;2;194;190;158;48;2;0;0;0mϹ[38;2;0;0;0;48;2;121;117;88mꖪ[38;2;88;84;59;48;2;1;2;4m፣[38;2;91;97;95;48;2;0;0;2mផ[38;2;33;35;32;48;2;104;111;108mߪ[38;2;24;29;36;48;2;111;117;113mǽ[38;2;0;0;1;48;2;74;79;80mᢏ[0m
[38;2;49;61;77;48;2;84;104;132mឦ[38;2;28;41;55;48;2;82;104;132mᘺ[38;2;82;104;135;48;2;60;75;98mꘀ[38;2;82;106;137;48;2;82;105;136m▕[38;2;81;106;137;48;2;82;106;137m▝[38;2;52;70;94;48;2;79;105;137mϽ[38;2;32;43;61;48;2;79;104;136mᜈ[38;2;10;17;31;48;2;74;98;130mᜣ[38;2;65;85;116;48;2;9;16;32mᜮ[38;2;61;78;104;48;2;9;15;26m⣈[38;2;71;92;126;48;2;14;24;43m⡙[38;2;41;55;78;48;2;83;107;138m⡀[38;2;15;27;45;48;2;80;104;136mৠ[38;2;22;36;49;48;2;79;103;135mᒒ[38;2;46;60;78;48;2;82;107;136mᙿ[38;2;23;39;58;48;2;58;77;106mᜊ[38;2;72;98;127;48;2;30;44;67mӄ[38;2;12;16;30;48;2;82;105;140mᕎ[38;2;15;20;27;48;2;85;109;142mᒱ[38;2;66;86;115;48;2;81;107;143mᢙ[38;2;36;47;69;48;2;82;107;138mߜ[38;2;82;107;138;48;2;70;90;118mꗫ[38;2;70;91;123;48;2;16;23;37mꡨ[38;2;36;47;62;48;2;17;23;38m⠄[38;2;17;21;36;48;2;67;73;98mᜤ[38;2;18;23;38;48;2;28;59;91mꘀ[38;2;23;25;39;48;2;21;24;38mᤗ[38;2;22;24;38;48;2;20;22;33m▋[38;2;245;201;181;48;2;20;21;31mᤝ[38;2;243;206;182;48;2;227;138;162m▏[38;2;213;166;167;48;2;250;228;197mᤝ[38;2;192;168;168;48;2;193;177;168m▘[38;2;201;174;170;48;2;200;180;169mᙧ[38;2;223;199;169;48;2;209;192;179m▍[38;2;233;218;182;48;2;245;237;178m⨅[38;2;231;223;181;48;2;248;246;185m▏[38;2;239;233;180;48;2;250;249;181m▍[38;2;170;162;165;48;2;210;202;177m⫚[38;2;238;202;187;48;2;171;163;166mᤝ[38;2;204;179;175;48;2;225;195;179m┃[38;2;227;201;179;48;2;222;197;178mᱶ[38;2;174;177;167;48;2;230;204;177m▕[38;2;167;170;161;48;2;173;175;162mᙢ[38;2;154;165;158;48;2;161;169;160mᙪ[38;2;163;169;161;48;2;173;173;162mᘫ[38;2;176;174;163;48;2;187;179;164mᑣ[38;2;214;191;171;48;2;202;185;171mᥠ[38;2;225;196;172;48;2;252;240;171m▋[38;2;252;251;182;48;2;219;196;173mᜦ[38;2;225;220;175;48;2;183;170;165mၮ[38;2;162;164;158;48;2;170;167;159mᚑ[38;2;156;162;157;48;2;165;169;158mᖦ[38;2;147;161;155;48;2;155;165;156mᙧ[38;2;147;161;154;48;2;155;167;157mᜢ[38;2;203;188;169;48;2;151;163;157mᤝ[38;2;212;194;170;48;2;222;198;167mᙓ[38;2;212;193;166;48;2;178;189;158m▏[38;2;161;176;158;48;2;175;189;158m⫚[38;2;150;169;155;48;2;159;174;157mᙢ[38;2;155;171;156;48;2;164;175;158mᙸ[38;2;175;178;161;48;2;186;185;162mᚘ[38;2;189;186;168;48;2;199;194;165mᘪ[38;2;233;229;162;48;2;221;219;167m┎[38;2;201;212;166;48;2;213;220;162mᙓ[38;2;207;222;171;48;2;215;229;167mᘝ[38;2;178;187;165;48;2;220;244;170m⢀[38;2;150;152;155;48;2;225;250;174m⣀[38;2;193;191;177;48;2;241;251;179m⎽[38;2;241;247;176;48;2;217;215;172mᜦ[38;2;204;221;165;48;2;167;168;152mᚑ[38;2;187;196;163;48;2;111;120;115mᜣ[38;2;130;131;120;48;2;47;58;66mꤤ[38;2;0;0;4;48;2;68;77;84m⢉[38;2;110;115;121;48;2;0;0;0mಒ[38;2;60;71;70mა[38;2;37;43;45;48;2;2;4;5mఠ[38;2;54;63;80;48;2;0;0;0m⠐[38;2;92;106;125;48;2;6;8;7mಧ[38;2;59;68;79;48;2;93;107;124m⡀[38;2;97;107;123;48;2;0;0;2mᓪ[0m
[38;2;81;103;133;48;2;10;12;17mꘀ[38;2;81;104;133;48;2;81;104;134m▊[38;2;81;104;135mᤝ[38;2;81;105;135;48;2;82;105;136m▏[38;2;82;104;136m▗[38;2;82;105;137;48;2;81;104;136mꔥ[38;2;76;102;129;48;2;82;106;138m⠈[38;2;79;102;135;48;2;50;62;88mꔜ[38;2;56;73;99;48;2;77;100;133m៙[38;2;23;39;56;48;2;73;98;131mᙞ[38;2;47;65;89;48;2;13;20;30m▃[38;2;12;18;27;48;2;85;107;137mᓰ[38;2;73;94;124;48;2;83;107;138m୫[38;2;67;83;111;48;2;11;17;27mឳ[38;2;83;107;139;48;2;10;16;25mᙓ[38;2;79;103;134;48;2;10;18;38mद[38;2;77;102;133;48;2;23;40;57m⣄[38;2;27;42;57;48;2;84;108;142mꤑ[38;2;84;108;142;48;2;83;107;141mᑤ[38;2;52;69;93;48;2;82;107;140m⁹[38;2;81;107;139;48;2;84;108;142m⡆[38;2;73;99;136;48;2;82;108;142mӠ[38;2;53;67;91;48;2;77;103;139m༴[38;2;77;103;136;48;2;16;22;37m▖[38;2;30;53;82;48;2;17;22;36m⡈[38;2;38;56;84;48;2;17;21;38mߟ[38;2;46;65;92;48;2;25;26;41mꡨ[38;2;23;25;39;48;2;26;28;49mᜦ[38;2;137;131;125;48;2;22;23;36mৠ[38;2;246;151;159;48;2;19;22;33mᙨ[38;2;252;233;194;48;2;250;190;177m│[38;2;194;185;167;48;2;201;197;163mᜏ[38;2;200;188;167;48;2;205;202;164mᚁ[38;2;221;206;172;48;2;210;202;175mᛁ[38;2;220;215;170;48;2;235;231;169m▍[38;2;238;233;172;48;2;250;249;174m▍[38;2;251;251;171;48;2;248;246;173mⴼ[38;2;199;202;172;48;2;240;237;161m⫚[38;2;237;191;173;48;2;185;174;168m▕[38;2;239;195;177;48;2;211;182;171m▏[38;2;233;201;174;48;2;223;192;172mⳚ[38;2;206;189;163;48;2;233;203;174m▕[38;2;181;178;161;48;2;192;183;163mᙪ[38;2;169;171;159;48;2;180;173;159mᙢ[38;2;180;174;161;48;2;190;178;161mᘝ[38;2;201;183;163;48;2;193;181;164m᪀[38;2;221;191;167;48;2;201;186;161m⠉[38;2;102;113;134;48;2;201;188;165m⣀[48;2;214;193;169m▃[38;2;102;113;133;48;2;192;178;162m⣀[38;2;179;176;161;48;2;190;179;156mᙿ[38;2;173;174;159;48;2;180;180;158m⫁[38;2;147;151;147;48;2;169;175;159m⎽[38;2;163;173;158;48;2;168;176;159mᙔ[38;2;207;186;163;48;2;168;177;158m▕[38;2;222;198;164;48;2;237;206;161mꦒ[38;2;180;193;155;48;2;201;214;159mⳂ[38;2;175;185;152;48;2;202;211;161mᜀ[38;2;178;188;158;48;2;166;178;158mꘘ[38;2;164;170;153;48;2;181;191;155mꤵ[38;2;162;168;155;48;2;191;198;158mϩ[38;2;113;120;133;48;2;208;203;164m⎻[38;2;122;126;135;48;2;234;232;157m⠒[38;2;121;125;137;48;2;205;205;167mತ[38;2;192;191;164;48;2;115;122;133mឦ[38;2;114;122;139;48;2;218;198;164mỻ[38;2;218;207;162;48;2;136;141;147mϰ[38;2;155;152;148;48;2;121;125;144mགྷ[38;2;196;191;164;48;2;115;122;135m⠉[38;2;109;119;133;48;2;145;149;147mꘀ[38;2;80;90;104;48;2;100;111;128mᢗ[38;2;1;1;4;48;2;79;91;108mẻ[38;2;55;66;74;48;2;0;0;1mඡ[38;2;37;43;46;48;2;0;1;3mṎ[38;2;16;32;39;48;2;5;9;13m▋[38;2;30;39;47;48;2;0;1;3m࿚[38;2;52;60;74m⠉[38;2;84;98;111;48;2;13;15;21mಹ[38;2;48;56;61;48;2;98;108;120mꬠ[38;2;0;0;2;48;2;58;66;72m⣡[0m
[38;2;81;103;133;48;2;80;102;132m⠙[38;2;81;103;134;48;2;80;103;133mஞ[38;2;81;104;135mⴸ[38;2;82;105;136;48;2;82;104;135m▕⣆[38;2;82;104;136;48;2;82;103;134m७[38;2;82;105;138;48;2;83;104;136mᕚ[38;2;81;104;137;48;2;80;103;136mᑶ[38;2;64;84;116;48;2;80;103;135m⠒[38;2;75;98;129;48;2;78;102;133m⠜[38;2;76;94;125mዚ[38;2;56;75;102;48;2;79;103;134mइ[38;2;61;78;105;48;2;82;105;135m⠄[38;2;80;104;137;48;2;82;106;138mᢕ[38;2;8;12;21;48;2;81;106;137m⎺[38;2;42;58;87;48;2;68;88;123mᖪ[38;2;19;36;55;48;2;45;66;102m┰[38;2;79;102;135;48;2;14;21;38mᜀ[38;2;13;19;35;48;2;82;104;139m⡀[38;2;82;106;142;48;2;82;104;138mᙧ[38;2;76;100;133;48;2;81;105;140mϽ[38;2;43;55;78;48;2;82;108;143m⢀[38;2;79;105;140;48;2;80;106;142mᜮ[38;2;25;38;58;48;2;76;102;137mৠ[38;2;41;58;88;48;2;73;98;131mጣ[38;2;74;98;126;48;2;17;22;40m⡀[38;2;65;85;114;48;2;14;19;30m⊓[38;2;26;26;42;48;2;76;100;130mᙢ[38;2;68;88;118;48;2;22;27;42m▖[38;2;20;25;36;48;2;17;22;31m⡈[38;2;249;242;166mᖴ[38;2;207;210;160;48;2;224;227;154mᜮ[38;2;212;216;161;48;2;223;225;157mᙨ[38;2;209;208;159;48;2;228;220;161mṋ[38;2;235;232;159;48;2;220;203;164mᖜ[38;2;249;245;162;48;2;235;204;163mᙓ[38;2;252;213;160;48;2;251;249;164m⣄[38;2;238;230;157;48;2;252;246;157mᤝ[38;2;206;182;166;48;2;225;189;163mᜅ[38;2;219;186;166;48;2;234;193;161mᖸ[38;2;240;198;164;48;2;232;193;166mᥠ[38;2;198;162;146;48;2;239;200;166m⢀[38;2;201;185;159;48;2;106;109;127mᜏ[38;2;184;172;156;48;2;102;108;126mᙴ[38;2;198;176;155;48;2;100;107;125mᘺ[38;2;202;182;159;48;2;98;107;124mᏦ[38;2;191;174;152;48;2;97;107;124m⎺[38;2;98;108;127;48;2;100;111;129mͱ[38;2;100;110;128;48;2;102;112;130mͰ[38;2;102;113;131;48;2;104;113;129mᚓ[38;2;118;121;133;48;2;105;113;130m⎼[38;2;204;190;144;48;2;109;117;133m⎼[38;2;197;191;155;48;2;114;123;134mʣ[38;2;176;175;154;48;2;102;112;126mᜏ[38;2;190;186;159;48;2;105;115;127mᙴ[38;2;224;201;162;48;2;111;119;132mᘺ[38;2;167;158;146;48;2;116;126;136mᗒ[38;2;118;130;137;48;2;222;196;155mὥ[38;2;191;175;152;48;2;114;127;132m⣤[38;2;154;152;141;48;2;120;133;135mឯ[38;2;184;185;156;48;2;119;126;135mᕎ[38;2;206;210;156;48;2;107;118;131mᗎ[38;2;181;184;155;48;2;106;115;131mፇ[38;2;106;116;129;48;2;119;124;135mከ[38;2;109;117;132;48;2;125;127;137mꗞ[38;2;124;125;135;48;2;108;117;132m⎼[38;2;110;119;135;48;2;107;116;132mᝏ[38;2;107;117;132;48;2;106;116;131mᘿ[38;2;106;116;132;48;2;104;115;131mᔄ[38;2;103;114;131;48;2;102;111;129mꕥ[38;2;66;74;86;48;2;99;109;126mᢼ[38;2;69;78;87;48;2;2;3;8mট[38;2;60;73;83;48;2;0;0;4m⠉[38;2;58;72;83;48;2;0;1;4m⠉[38;2;38;42;46;48;2;0;1;2m႖[38;2;19;30;42;48;2;0;1;5m▍[38;2;8;11;17;48;2;0;0;3m‛[38;2;105;111;116;48;2;35;35;30mᖷ[38;2;75;81;85;48;2;102;108;112mῈ[38;2;83;88;88;48;2;25;30;21mⵀ[0m
[38;2;79;102;132;48;2;80;102;132m▊[38;2;79;100;129m¯[38;2;79;102;129m⠠[38;2;81;103;134;48;2;77;98;127mᜎ[38;2;82;104;136;48;2;82;103;134mᜢ[38;2;82;102;133;48;2;82;104;135mɵ[38;2;83;105;137;48;2;76;98;127mᜈ[38;2;77;100;133;48;2;83;104;136m⡀[38;2;83;105;137mᖝ[38;2;83;104;136;48;2;83;105;137m⣄[38;2;81;104;135;48;2;84;106;138m⎺[38;2;72;93;121;48;2;85;107;139mৠ[38;2;82;106;137;48;2;88;108;139mᘺ[38;2;74;93;123;48;2;84;106;138mǓ[38;2;81;104;137;48;2;76;97;127mꗸ[38;2;71;92;126;48;2;79;103;136mᤏ[38;2;18;32;51;48;2;71;92;125mᡇ[38;2;12;18;36;48;2;61;84;121mᙢ[38;2;72;98;128;48;2;9;13;21m⟧[38;2;44;58;82;48;2;70;88;120mѹ[38;2;79;103;137;48;2;26;41;63mᗀ[38;2;47;63;88;48;2;77;100;133mᢙ[38;2;7;13;29;48;2;77;98;128mኔ[38;2;68;93;130;48;2;8;14;30mᜈ[38;2;58;79;115;48;2;23;42;65mᑒ[38;2;32;47;69;48;2;46;64;88m९[38;2;50;65;85;48;2;11;18;41mॱ[38;2;63;88;118;48;2;22;36;51mᖁ[38;2;81;102;131;48;2;65;85;118mᓥ[38;2;24;28;39;48;2;78;102;130m⠉[38;2;69;80;98;48;2;21;27;41m⡁[38;2;188;187;125;48;2;15;19;29mᢕ[38;2;230;233;149;48;2;11;15;25mᜢ[38;2;218;152;140;48;2;234;210;154m⣀[38;2;238;204;156;48;2;153;127;142mᜏ[38;2;116;108;127;48;2;243;205;152m⣤[38;2;250;212;157;48;2;114;107;125mᙴ[38;2;115;110;130;48;2;233;200;152mͱ[38;2;234;191;156;48;2;147;130;145mᜀ[38;2;240;190;160;48;2;212;170;156m⊑[38;2;190;156;145;48;2;240;186;155mॺ[38;2;141;128;137;48;2;243;186;152mᘺ[38;2;131;124;134;48;2;242;185;154m⠉[38;2;142;129;137;48;2;235;179;153m⠉[38;2;214;169;154;48;2;129;129;144m⣄[38;2;112;118;130;48;2;217;168;145mᙴ[38;2;119;126;141;48;2;246;194;148m⠉[38;2;189;161;148;48;2;246;194;151mᕏ[38;2;251;206;148;48;2;137;125;133m⣀[38;2;250;203;149;48;2;116;122;137m▃[38;2;244;198;143;48;2;105;115;132m⣤[38;2;104;115;130;48;2;239;195;148mᘺ[38;2;115;120;133;48;2;239;199;149m⣉[38;2;117;121;135;48;2;244;203;148m⣉[38;2;116;120;135;48;2;244;201;151m⣉[38;2;225;192;156;48;2;113;120;131mড়[38;2;230;197;160;48;2;114;122;135m⠋[38;2;201;176;152;48;2;113;121;134m⠉[38;2;207;178;143;48;2;113;122;134m⎺[38;2;112;121;133;48;2;150;134;136mꗞ[38;2;110;119;132;48;2;126;126;133mꓐ[38;2;138;128;134;48;2;108;118;131mզ[38;2;136;129;134;48;2;109;118;131mẪ[38;2;128;127;134;48;2;108;120;133m⎽[38;2;127;127;132;48;2;108;119;133mᯊ[38;2;137;128;134m⠉[38;2;131;124;131;48;2;108;118;132mፇ[38;2;107;117;132;48;2;109;118;131mᙢ[38;2;106;116;131;48;2;108;117;130mᙿ[38;2;104;115;130;48;2;106;115;128mᜈ[38;2;81;89;98;48;2;102;112;125mᢗ[38;2;100;109;120;48;2;2;2;5mϼ[38;2;57;67;75;48;2;9;14;19m─[38;2;34;43;53;48;2;0;0;0mᘟ[38;2;23;26;29m▕[38;2;47;53;54;48;2;0;1;5mᡟ[38;2;8;6;1;48;2;0;0;3m⢀[38;2;52;42;20;48;2;117;97;60m༆[38;2;22;19;13;48;2;133;114;61m⢑[38;2;83;88;61;48;2;0;0;0m⠍[0m
[38;2;43;55;71;48;2;73;92;122m⡀[38;2;45;61;82;48;2;71;88;117mɄ[38;2;60;73;100;48;2;77;100;127m⣄[38;2;54;69;93;48;2;74;97;125m⎽[38;2;65;84;111;48;2;75;98;125mƥ[38;2;80;102;134;48;2;71;89;118mᜏ[38;2;79;102;133;48;2;32;41;63mᜠ[38;2;54;70;97;48;2;78;100;131m⡀[38;2;81;102;133;48;2;75;98;127mᙞ[38;2;81;102;132;48;2;58;74;102mᜢ[48;2;82;103;134m⁚[38;2;88;107;138;48;2;82;104;134mᖱ[38;2;81;101;131;48;2;85;106;138m˛[38;2;62;76;104;48;2;83;105;137m⎽[38;2;83;104;136;48;2;85;106;138m⣤[38;2;82;103;135;48;2;83;105;136m⢀[38;2;82;104;135;48;2;81;102;133mᓷ[38;2;57;74;100;48;2;80;102;134mৠ[38;2;71;94;129;48;2;81;103;134m⠁[38;2;78;100;132;48;2;80;102;134mᧈ[38;2;15;25;41;48;2;79;102;132mข[38;2;55;71;93;48;2;78;102;132mባ[38;2;8;11;20;48;2;77;100;129mߵ[38;2;77;98;128;48;2;57;72;99mꪛ[38;2;18;33;52;48;2;75;98;127m⠙[38;2;7;13;30;48;2;60;81;114m౩[38;2;41;60;85;48;2;55;78;110mឬ[38;2;16;24;42;48;2;64;83;111mᙓ[38;2;67;88;116;48;2;33;45;61m⡉[38;2;19;41;60;48;2;69;88;117mϸ[38;2;80;102;131;48;2;12;33;55mᓣ[38;2;37;47;63;48;2;81;102;132mᙧ[38;2;17;21;37;48;2;46;58;79mᖉ[38;2;252;220;170;48;2;13;16;25mข[38;2;8;10;16;48;2;252;188;136m⣄[38;2;195;143;130;48;2;252;201;137mᜮ[38;2;252;202;137;48;2;189;139;130mᾕ[38;2;174;142;140;48;2;252;204;138m⣀[38;2;123;120;132;48;2;252;204;141m⎽[38;2;125;121;130;48;2;252;205;140m⣀[38;2;145;130;135;48;2;252;205;139m⣀[38;2;121;120;131m▃[38;2;118;119;133;48;2;252;205;135m▃[38;2;252;205;137;48;2;116;119;132mᜏ[38;2;252;207;135;48;2;120;120;133mᘺ[38;2;252;207;140;48;2;108;115;130mᙞ[38;2;106;114;131;48;2;251;207;143m⣤[38;2;252;208;140;48;2;105;113;128mᚌ[38;2;244;202;142;48;2;107;115;131mᙓ[38;2;235;196;144;48;2;107;116;130mᘋ[38;2;108;118;132;48;2;208;180;141mꘀ[38;2;158;140;136;48;2;109;118;132m⎼[38;2;207;174;140;48;2;112;118;130m⠤[38;2;194;166;141;48;2;114;121;134mț[38;2;213;174;134;48;2;112;119;130mϛ[38;2;188;157;127;48;2;108;117;129mʮ[38;2;106;115;127;48;2;110;119;131m⣤[38;2;105;115;127;48;2;111;120;132mȣ[38;2;114;121;131;48;2;105;115;128mय[38;2;158;141;138;48;2;106;123;137mय[38;2;158;142;136;48;2;106;118;131m⢉[38;2;107;115;126;48;2;184;150;124mয়[38;2;110;117;127;48;2;167;147;124mಷ[38;2;108;118;130;48;2;151;143;130mᜀ[38;2;148;141;136;48;2;109;118;130m▃[38;2;166;154;132m▃[38;2;170;160;137m▃[38;2;155;146;128;48;2;111;119;131m⣤[38;2;157;148;128;48;2;112;120;130m⣤[38;2;59;61;59;48;2;125;128;124m⢀[38;2;56;58;56m⩿[38;2;137;134;100;48;2;1;0;2mͰ[38;2;104;97;68;48;2;0;0;0m⠔[38;2;0;0;0;48;2;17;14;8mⰭ[48;2;4;3;4mⰩ[38;2;70;17;14;48;2;0;0;0mᶕ[38;2;0;0;1m⠥[38;2;132;103;58m⠈[38;2;0;0;0;48;2;111;87;62m⢐[38;2;69;53;37;48;2;0;0;0mꛍ[0m
[38;2;23;39;54;48;2;8;12;20mᘺ[38;2;68;85;112;48;2;8;13;21m⎺[38;2;70;88;112;48;2;7;12;20mᘺ[38;2;55;69;89;48;2;8;13;21mꧾ[38;2;46;56;68mᣢ[38;2;72;92;121;48;2;8;13;22mᘺ[38;2;69;88;113;48;2;9;14;23mኍ[38;2;61;75;94;48;2;36;46;58mꭍ[38;2;76;98;127;48;2;10;15;23mᖜ[38;2;72;90;121;48;2;9;13;21mᜈ[38;2;10;14;22;48;2;69;88;116m⣐[38;2;65;84;121;48;2;9;12;19mᙱ[38;2;18;25;39;48;2;78;102;129m⣤[38;2;74;92;123;48;2;7;11;20mፁ[38;2;8;11;20;48;2;71;89;122m⣀[38;2;7;9;16;48;2;72;91;124m⎽[38;2;29;41;65;48;2;72;90;122mȮ[38;2;58;73;98;48;2;80;100;130mƯ[38;2;50;67;88;48;2;78;100;130m⣀[38;2;21;40;64;48;2;80;102;131m⎽[38;2;51;71;102;48;2;80;102;132m⎽[38;2;71;88;115;48;2;78;102;131m⠉[38;2;40;53;74;48;2;76;100;129mǓ[38;2;43;58;81;48;2;76;98;128m˻[38;2;53;68;92mƯ[38;2;76;98;128;48;2;17;25;47mᜢ[38;2;74;89;115;48;2;77;98;127mʮ[38;2;73;93;124;48;2;76;98;128mᝡ[38;2;71;90;118mꘒ[38;2;76;95;123;48;2;79;102;130m [38;2;64;82;108;48;2;79;102;129mᭌ[38;2;47;59;80;48;2;79;100;127mፖ[38;2;82;102;130;48;2;57;71;94mᜠ[38;2;18;25;40;48;2;82;100;131mৠ[38;2;23;40;62;48;2;80;98;130m⠉[38;2;80;98;128;48;2;23;32;53mᡦ[38;2;13;19;37;48;2;108;105;118m߹[38;2;176;131;129;48;2;9;11;24mᜈ[38;2;156;136;138;48;2;48;72;119mኝ[38;2;62;76;117;48;2;126;122;129m⣤[38;2;134;129;135;48;2;44;53;85mᜈ[38;2;226;173;131;48;2;118;118;128mʬ[38;2;159;139;129;48;2;242;188;134m⣉[38;2;242;188;134;48;2;13;24;52mᜣ[48;2;16;27;54mᜠ[38;2;174;150;133;48;2;227;184;139mᯉ[38;2;104;112;127;48;2;226;183;136mᘺ[48;2;226;182;132mᘺ[38;2;104;113;127;48;2;228;182;132mᚌ[48;2;230;180;130mᘺ[38;2;105;115;129;48;2;229;174;128mᘺ[38;2;229;176;129;48;2;125;123;130mϼ[38;2;131;128;131;48;2;228;174;130m⣉[38;2;226;174;127;48;2;121;124;129mয়[38;2;203;171;132;48;2;113;121;132mড়[38;2;199;166;129;48;2;113;117;126mಸ[38;2;226;180;126;48;2;112;116;124mኢ[38;2;229;187;131;48;2;116;121;131mব[38;2;209;171;131;48;2;118;119;120mಸ[38;2;123;122;123;48;2;214;176;134m▃[38;2;206;170;130;48;2;124;121;123mᜏ[38;2;136;127;126;48;2;198;160;128m៖[38;2;141;129;124;48;2;196;158;129mᔢ[38;2;146;140;133;48;2;197;149;120mᔝ[38;2;161;142;133;48;2;196;144;115mᜏ[38;2;157;138;129;48;2;205;156;123mὉ[38;2;209;154;118;48;2;169;143;129mȣ[38;2;176;147;129;48;2;201;157;124mẪ[38;2;124;111;94;48;2;179;140;111m୫[38;2;61;42;27;48;2;169;124;93mᵲ[38;2;118;83;59;48;2;49;30;15m⠔[38;2;0;0;0;48;2;98;64;31mᗊ[38;2;88;59;40;48;2;17;6;5mդ[38;2;74;46;15;48;2;0;0;2mṌ[38;2;80;42;17;48;2;0;0;0mၮ[38;2;17;6;3;48;2;0;0;2mႸ[38;2;0;0;2;48;2;2;2;5mᙟ[38;2;65;51;38;48;2;2;3;5mϽ[38;2;13;10;10;48;2;0;0;1m΄[38;2;0;0;1;48;2;3;2;4mꖪ[0m
[38;2;11;15;22;48;2;10;14;21m⣀[48;2;9;14;21m⣠[48;2;10;14;22m▃[38;2;9;14;22;48;2;11;15;23mᙢ[38;2;11;15;23;48;2;9;14;22m⣤[38;2;11;16;23;48;2;10;14;22m▃[38;2;12;16;23;48;2;10;15;23m⣀[38;2;10;15;24;48;2;11;15;23m⠉[38;2;10;15;23;48;2;11;15;24m⠦[38;2;11;16;24;48;2;11;15;23mᾚ[38;2;11;15;23;48;2;11;16;24m⎺[38;2;10;14;22;48;2;11;15;24m⠉[38;2;11;15;23;48;2;11;15;23m [38;2;26;45;67;48;2;10;14;23m⎺[38;2;16;24;41m᠄[38;2;14;22;39m᛫[38;2;37;47;63;48;2;9;13;23mৠ[38;2;48;61;80;48;2;11;15;23mৠ[38;2;53;72;98m⠉[38;2;52;76;104;48;2;10;14;23mᖜ[38;2;38;52;70mප[38;2;61;78;103mᜀ[38;2;11;14;24;48;2;64;78;102m▃[38;2;76;98;126;48;2;22;37;51m⠉[38;2;74;94;122;48;2;11;14;23mᙓ[38;2;73;91;119;48;2;10;13;23mᓞ[38;2;10;13;22;48;2;72;90;117m⣉[38;2;49;61;82;48;2;71;88;113mẪ[38;2;58;74;100;48;2;64;80;109mȥ[38;2;74;94;125;48;2;38;49;72mᜄ[38;2;66;77;100;48;2;78;98;127m▃[38;2;64;75;100m⣀[38;2;76;93;122;48;2;78;98;126mᢛ[38;2;66;77;102;48;2;81;98;125mꛅ[38;2;49;59;88;48;2;78;97;127m⎼[38;2;33;39;53;48;2;72;88;125m⣀[38;2;68;81;112;48;2;14;13;22mᙉ[38;2;72;88;119;48;2;14;19;36mࠇ[38;2;55;66;92;48;2;14;18;28m⠄[38;2;58;72;112;48;2;15;18;27m⠈[38;2;52;67;102;48;2;14;18;27mᙓ[38;2;64;83;111;48;2;16;18;27mᴺ[38;2;76;93;122;48;2;13;16;23mᜢ[38;2;71;88;113;48;2;81;102;127m⣉[38;2;13;25;55;48;2;77;100;124mᕎ[38;2;62;76;103;48;2;19;30;56mᡦ[38;2;214;174;134;48;2;29;45;71mᕎ[38;2;189;156;121;48;2;24;40;62mᙢ[38;2;183;152;129;48;2;21;36;59mᜈ[38;2;20;34;55;48;2;174;149;127m⡀[38;2;157;142;136;48;2;213;180;126mᘺ[38;2;111;112;126;48;2;183;170;133mᘺ[38;2;102;103;124;48;2;182;170;131mᘺ[38;2;107;110;126;48;2;184;168;127m⢉[38;2;38;63;97;48;2;182;160;127m▃[38;2;191;158;127;48;2;37;63;98mᜠ[38;2;145;130;125;48;2;193;159;122m⠉[38;2;166;140;122;48;2;198;160;123m⢉[38;2;155;126;111;48;2;187;154;123m⠉[38;2;162;127;114;48;2;186;152;122m⠁[38;2;192;152;119;48;2;180;150;117m༛[38;2;174;140;120;48;2;189;145;116mΓ[38;2;170;135;118;48;2;192;147;111m⠉[38;2;112;114;118;48;2;196;147;115m⣉[38;2;49;77;114;48;2;152;120;111m⣀[38;2;183;141;116;48;2;115;108;113m─[38;2;17;30;53;48;2;186;140;113m⣀[48;2;195;155;103m▃[38;2;183;141;109;48;2;19;31;53mᙴ[38;2;51;49;61;48;2;0;0;1mᏼ[38;2;12;13;22m▕[38;2;21;26;42;48;2;13;15;27mᴎ[38;2;2;2;4;48;2;10;11;22mⴗ[38;2;1;1;2;48;2;2;1;4mબ[38;2;0;0;2;48;2;1;1;3m࿄[38;2;4;4;6;48;2;2;2;4m╻[38;2;3;2;5m⡁[38;2;7;7;12;48;2;3;4;6m⢘[38;2;6;6;10;48;2;1;1;3mꤳ[38;2;2;2;4;48;2;0;0;1m⡀[0m
[38;2;14;15;22;48;2;11;10;16mፆ[38;2;15;16;25;48;2;12;15;22mǈ[38;2;11;11;18;48;2;13;15;23m⎽[38;2;12;14;21;48;2;14;15;23m᎑[38;2;13;14;22;48;2;13;16;24m⣀[38;2;14;17;25;48;2;14;16;24mᖷ[38;2;13;17;25;48;2;15;17;26mᙓ[48;2;15;17;27mᚌ[38;2;47;21;28;48;2;14;17;26m¸[38;2;16;18;28;48;2;13;17;25m⣤[38;2;13;13;22;48;2;14;17;26m⎽[38;2;15;18;27;48;2;12;16;24mͱ[38;2;12;16;24;48;2;15;17;26mᘺ[38;2;15;15;26;48;2;12;16;25m⣀[38;2;15;15;24m⣀[38;2;30;14;25m⢀[38;2;16;16;25;48;2;13;16;25m¸[38;2;14;14;24m⎽[38;2;57;28;40;48;2;13;17;25m᎑[38;2;13;10;19;48;2;13;17;26m⎽[38;2;6;9;18m⣀[38;2;8;9;17;48;2;14;16;26m⎽[38;2;9;9;17;48;2;13;16;26m⎽[38;2;27;17;26;48;2;13;16;25m¸[38;2;13;15;25;48;2;15;16;27m⡉[38;2;12;15;24;48;2;16;17;28mᘺ[38;2;12;14;24;48;2;15;17;28mᘺ[38;2;11;13;23;48;2;15;16;27mᙢ[38;2;15;23;44;48;2;13;15;25mᜬ[38;2;14;15;25;48;2;23;36;56mꘀ[38;2;45;55;79;48;2;14;15;25m⎺[38;2;43;56;73;48;2;15;16;25mፇ[38;2;66;73;88;48;2;17;16;25m⎺[38;2;83;98;122;48;2;17;16;24m⠉ᘺ[38;2;88;98;126;48;2;19;17;25mᙓ[38;2;88;97;115;48;2;17;15;25mኍ[38;2;62;68;82;48;2;17;19;30m─[38;2;73;82;102;48;2;18;21;32m˺[38;2;71;78;97;48;2;18;21;33m⎼[38;2;24;28;43m⎼[38;2;20;23;38;48;2;17;20;30mͱ[38;2;15;18;28;48;2;20;23;36mᙓ[38;2;49;60;78;48;2;17;20;30mৠ[38;2;62;74;102;48;2;16;19;30m⠉[38;2;48;62;88;48;2;15;19;32mᘺ[38;2;15;19;33;48;2;45;58;82m⣤[38;2;15;21;33;48;2;37;49;73m▃[38;2;16;21;33;48;2;32;46;70m⣀[38;2;22;38;61;48;2;36;51;74m⣉[38;2;130;114;98;48;2;36;54;78mข[38;2;179;168;127;48;2;38;54;76m⎺[38;2;173;159;123;48;2;40;67;107m⎺[38;2;29;45;67;48;2;51;75;109m⎽[38;2;38;56;82;48;2;51;76;109mᜰ[38;2;43;66;102;48;2;53;77;110m⣉[38;2;179;153;122;48;2;43;64;94mข[38;2;175;151;121;48;2;48;73;107mᘋ[38;2;168;150;119;48;2;45;70;102mᘺ[38;2;168;150;120;48;2;42;65;94m⠉[38;2;177;148;116;48;2;39;61;91m⠉[38;2;167;137;115;48;2;37;55;79m⎺[38;2;147;117;111;48;2;42;68;104mፇ[38;2;50;77;115;48;2;28;48;76mᙴ[38;2;47;77;114;48;2;26;46;72mᗎ[38;2;53;51;72;48;2;22;41;67m⎽[38;2;45;47;64;48;2;26;43;64m¸[38;2;26;41;62;48;2;27;43;63mᘺ[38;2;15;23;43;48;2;23;39;59m⢀[38;2;9;14;30;48;2;0;0;1mႸ[38;2;5;4;6;48;2;0;0;0m▕[38;2;21;27;45;48;2;10;13;21mⱊ[38;2;19;22;39;48;2;1;0;3mᏦ[38;2;5;4;10;48;2;1;1;4m⢀[38;2;4;3;8;48;2;0;0;2m▖[38;2;0;0;2;48;2;6;5;9m▏[38;2;6;6;10;48;2;2;2;4m▖[38;2;8;8;14;48;2;4;5;7mᱳ[38;2;0;0;3;48;2;7;8;14mᥖ[38;2;2;1;4;48;2;0;0;1m▍[0m
[38;2;88;27;17;48;2;15;10;17m⠆[38;2;61;49;45;48;2;11;10;15m⎼[38;2;61;48;47;48;2;9;8;15m⎼[38;2;69;55;54;48;2;13;10;17m⎼[38;2;59;47;44;48;2;17;13;20m⠤[38;2;51;39;38;48;2;13;13;21m⎼[38;2;60;44;41;48;2;14;15;24m⎼[38;2;51;38;38;48;2;10;10;20mʳ[38;2;49;37;38m⎼[38;2;51;41;41;48;2;11;10;21m⎼[38;2;64;53;51;48;2;12;12;21m⎼[38;2;66;55;55;48;2;14;12;22m⎼[38;2;18;14;24;48;2;60;41;50m⣉[38;2;75;71;65;48;2;20;15;27m⎼[38;2;84;76;71;48;2;22;15;28m⎼[38;2;90;88;79;48;2;20;13;25m⎼[38;2;66;46;55;48;2;21;19;28mͻ[38;2;15;13;22;48;2;63;30;42m⣉[38;2;84;64;59;48;2;16;12;22m⠤[38;2;44;42;46;48;2;15;17;24m⎼[38;2;42;50;51;48;2;16;13;20m⎼[38;2;45;57;59;48;2;9;9;19m⎼[38;2;51;65;68;48;2;10;11;20m⎼[38;2;72;80;77;48;2;10;10;18m⎼[38;2;88;93;84;48;2;8;8;16m⎼[38;2;115;103;78;48;2;14;14;24m⎼[38;2;118;102;82;48;2;16;14;24m⎼[38;2;98;67;64;48;2;15;13;22m⎼[38;2;78;56;53;48;2;12;13;22m⎼[38;2;80;58;53;48;2;14;15;23m⎼[38;2;77;42;43m▃[38;2;100;55;40;48;2;18;17;25m▃[38;2;125;70;45;48;2;19;18;25m▃[38;2;20;19;26;48;2;116;102;72mᜏ[38;2;23;19;25;48;2;145;106;64mᙢ[38;2;37;20;30;48;2;160;127;74mᜀ[38;2;49;22;37;48;2;167;134;91mᜏ[38;2;177;166;100;48;2;46;21;36m⣀[38;2;177;165;102;48;2;33;30;41m⣀[48;2;29;28;39m⣀[38;2;177;162;102;48;2;29;29;39m⣀[38;2;177;161;102;48;2;31;31;39m⣀[38;2;177;162;100;48;2;18;21;30m⣀[38;2;177;166;106;48;2;20;21;36m⣀[38;2;177;161;113;48;2;22;20;36m⣀[38;2;171;135;104;48;2;26;27;39m⣀[38;2;167;130;102;48;2;33;36;45m⣀[38;2;145;135;102;48;2;30;30;42m⣀[38;2;145;127;92;48;2;19;23;39m⣀[38;2;150;123;93;48;2;20;25;41m⣀[38;2;153;122;94;48;2;30;30;42m⣀[38;2;103;85;94;48;2;23;21;37m⣀[38;2;17;27;44;48;2;57;69;85mᜈ[38;2;17;27;46;48;2;52;65;80mᚌ[38;2;17;28;47;48;2;49;64;81mᘺ[38;2;22;38;56;48;2;56;71;89mኍ[38;2;48;52;73;48;2;51;70;100mज[38;2;81;67;88;48;2;55;72;102mǊ[38;2;48;67;98;48;2;72;82;104m [38;2;84;72;93;48;2;51;65;92mǊ[38;2;64;76;99;48;2;46;64;91m⣀[38;2;66;75;98;48;2;41;58;82m⣌[38;2;68;75;98;48;2;41;50;73m⣀[38;2;66;73;91;48;2;41;47;70m⣀[38;2;62;71;89;48;2;41;46;68m⣀[38;2;61;70;88;48;2;39;45;66m⣀[38;2;62;69;87;48;2;36;44;64m⣀[38;2;60;69;84;48;2;26;42;62m⣤[38;2;28;38;57;48;2;3;3;8m▊[38;2;53;41;37;48;2;0;0;1m⠄[38;2;8;8;17;48;2;0;0;0m▕[38;2;18;21;40;48;2;78;78;78mᜣ[38;2;4;4;12;48;2;72;72;72mꗠ[38;2;64;63;62;48;2;5;5;11m᎑[38;2;6;6;13;48;2;2;2;4m▋[38;2;3;3;8;48;2;9;9;17mꗱ[38;2;41;41;50;48;2;5;5;12m⡀[38;2;67;64;64;48;2;8;9;18mᜮ[38;2;5;5;13;48;2;39;37;40mᜠ[38;2;0;0;2;48;2;1;2;5mᤞ[0m
[38;2;55;58;75;48;2;15;14;21m▏[38;2;43;33;38;48;2;17;15;22m⣀[38;2;43;29;43;48;2;18;16;24m▃[38;2;49;37;49;48;2;19;17;25mᝠ[38;2;48;36;47;48;2;20;17;25m▃[38;2;54;39;53;48;2;21;19;27m⣀[38;2;47;36;49;48;2;18;17;25m⣀[38;2;47;36;48;48;2;18;17;24m⎽[38;2;46;36;47;48;2;18;17;26m⎽[38;2;49;38;50;48;2;19;18;28m⣀[38;2;64;47;64;48;2;26;22;31m⣀[38;2;54;41;56;48;2;33;25;38m▃[38;2;56;42;57;48;2;38;27;41m▃[38;2;42;31;43;48;2;56;43;58mᜏ[38;2;43;36;43;48;2;52;40;53mᚗ[38;2;52;40;53;48;2;43;33;46m⣤[38;2;33;27;38;48;2;49;39;51mᖲ[38;2;27;24;34;48;2;48;38;46mᘺ[38;2;52;41;52;48;2;32;26;37m▃[38;2;37;29;39;48;2;55;45;57mວ[38;2;36;26;38;48;2;56;47;58mᜏ[38;2;57;48;60;48;2;31;29;40m⣤[38;2;75;72;88;48;2;41;37;47m⣀[38;2;44;39;48;48;2;68;63;75mᜈ[38;2;28;27;36;48;2;62;52;63mᗎ[38;2;50;29;42;48;2;70;64;74m⠋[38;2;58;39;48;48;2;76;73;90mᜏ[38;2;100;88;106;48;2;59;44;51m▃[38;2;106;83;100;48;2;55;42;49m⣤[38;2;56;47;50;48;2;107;90;107mᜈ[38;2;117;97;107;48;2;56;48;50m⣤[38;2;122;106;121;48;2;60;57;54m▃[38;2;66;63;61;48;2;120;107;120mᜏ[38;2;74;72;70;48;2;109;102;113mጱ[38;2;174;113;71;48;2;98;98;106m⎺[38;2;89;90;100;48;2;107;106;113mय[38;2;64;65;76;48;2;109;103;105mॱ[38;2;82;78;83;48;2;102;98;98mࡉ[38;2;93;98;102;48;2;38;42;53m⣉[38;2;36;40;49;48;2;76;81;91mহ[38;2;129;72;59;48;2;46;52;64m⎺[38;2;121;58;50;48;2;36;36;51m⎺[38;2;84;94;113;48;2;24;30;43m⣀[38;2;26;31;41;48;2;72;88;115mꗁ[38;2;28;36;47;48;2;73;92;119mᚌ[38;2;37;42;54;48;2;57;71;97mᘺ[38;2;54;36;53;48;2;55;64;84m⠉[38;2;73;72;83;48;2;40;52;72m⎽[38;2;104;102;102;48;2;38;52;72m⎽[38;2;108;105;104;48;2;39;55;75m⣀[38;2;49;65;85;48;2;113;110;111mᜏ[38;2;51;67;88;48;2;120;115;111mᚌ[38;2;128;123;111;48;2;65;84;111m⣤[38;2;64;82;109;48;2;131;125;110mᜈ[38;2;134;126;110;48;2;58;72;100m⣀[38;2;139;127;109;48;2;64;73;100m⣀[38;2;72;89;112;48;2;147;129;109mᚑ[38;2;79;92;114;48;2;138;124;109mᘺ[38;2;79;92;115;48;2;122;115;112mᘺ[38;2;80;92;114;48;2;117;114;113mᘺ[38;2;78;89;110;48;2;115;112;109mᙴ[38;2;72;82;102;48;2;113;111;108mᙢ[38;2;73;84;106;48;2;115;112;112mᚌ[38;2;123;116;106;48;2;81;90;110m▃[38;2;137;124;108;48;2;69;74;92m⣀[38;2;133;124;108;48;2;75;77;90m⣀[38;2;126;117;110;48;2;80;80;89m⣀[38;2;134;124;109;48;2;81;80;88m⎽[38;2;45;46;53;48;2;79;78;83mৠ[38;2;25;24;25;48;2;48;47;47mꞿ[38;2;0;0;0;48;2;4;4;5m┃[38;2;111;100;85;48;2;45;46;45mᣌ[38;2;29;27;25;48;2;107;98;85mᜈ[38;2;102;88;74;48;2;23;19;15mᱶ[38;2;0;0;2;48;2;40;37;33m⫙[38;2;15;15;18;48;2;0;0;2mĵ[38;2;70;70;75;48;2;4;4;2m▋[38;2;113;104;91;48;2;57;53;52mꤱ[38;2;0;0;0;48;2;102;93;82m▕[38;2;52;49;47;48;2;0;0;0mᛙ[0m
[38;2;57;41;56;48;2;73;56;72mᖱ[38;2;76;55;72;48;2;57;41;56m⣤[38;2;88;74;100;48;2;61;52;65m▃[38;2;62;48;63;48;2;82;72;90mᜏ[38;2;55;41;54;48;2;81;64;79mᘺ[38;2;88;88;107;48;2;61;44;59m▃[38;2;70;51;68;48;2;82;79;98mᚑ[38;2;88;70;88;48;2;75;56;72m⣤[38;2;75;56;71;48;2;88;74;98mᙢ[38;2;78;59;73;48;2;98;82;106mᜏ[38;2;113;84;107;48;2;84;58;74m⣤[38;2;74;59;73;48;2;105;84;110mᘺ[38;2;74;55;73;48;2;91;88;112mᙢ[38;2;88;81;106;48;2;72;55;73m⣤[38;2;90;78;103;48;2;59;49;65m⣤[38;2;65;49;64;48;2;82;82;110mᘺ[38;2;62;47;62;48;2;81;78;102m⠉[38;2;66;57;72;48;2;88;88;115mᜏ[38;2;69;64;80;48;2;90;88;116mᙴ[38;2;72;70;88;48;2;90;89;116mᘺ[38;2;71;66;84;48;2;88;90;115m⠉[38;2;75;73;93;48;2;88;89;113m⠉[38;2;73;69;84m⎺[38;2;79;80;98;48;2;84;92;114mᔚ[38;2;79;82;102;48;2;90;94;117mᖃ[38;2;82;84;104;48;2;93;99;122mᙴ[38;2;81;81;100;48;2;98;102;124m⠉[38;2;84;72;85;48;2;92;97;121m⎺[38;2;108;97;118;48;2;91;97;120m⣈[38;2;102;100;123;48;2;113;102;121m⠆[38;2;116;100;120;48;2;127;106;124m⠦[38;2;119;97;110;48;2;131;110;126mƼ[38;2;133;113;126;48;2;137;118;131mᙸ[38;2;136;119;129;48;2;132;126;127mᑯ[38;2;134;129;121;48;2;133;132;133m⣀[38;2;129;126;125;48;2;132;131;134m෭[38;2;119;116;124;48;2;157;145;131mᜣ[38;2;163;153;136;48;2;120;116;117m⣤[38;2;113;113;107;48;2;144;140;131mᙓ[38;2;88;93;104;48;2;138;134;126mᙓ[38;2;73;83;106;48;2;135;130;122mᙢ[38;2;60;70;89;48;2;133;123;111mᙴ[38;2;83;88;106;48;2;142;132;111mᘋ[38;2;109;102;100;48;2;143;133;111mᙓ[38;2;91;93;89;48;2;130;128;114mᘺ[38;2;73;76;83;48;2;127;121;109m⠉[38;2;69;71;84;48;2;130;122;110m⎺[38;2;112;108;103;48;2;139;129;110mᘺ[38;2;116;111;104;48;2;144;132;110m⠉[38;2;130;121;108;48;2;149;137;111m⠉[38;2;139;127;111;48;2;147;138;111m⣉[38;2;137;124;110;48;2;139;132;113m▃[38;2;138;130;111;48;2;132;122;110mጹ[38;2;131;122;111;48;2;136;126;110mϯ[38;2;137;123;110;48;2;132;121;110m⣉[38;2;144;130;111;48;2;134;122;110m⠈[38;2;149;133;110;48;2;137;125;111mᙓ[38;2;151;135;111;48;2;142;126;109mᜈ[38;2;141;124;107;48;2;144;133;112m⣀[38;2;140;124;106;48;2;143;133;113m⣀[38;2;147;133;111;48;2;142;127;108mಱ[38;2;129;119;109;48;2;149;132;110m⎺[38;2;123;116;108;48;2;146;127;107m⠉[38;2;135;123;107;48;2;145;131;109m⢁[38;2;143;130;110;48;2;127;112;100mᜣ[38;2;127;113;100;48;2;137;124;108m⣠[38;2;108;102;91;48;2;58;59;70mᜡ[38;2;39;36;36;48;2;124;116;103m⎽[38;2;119;111;100;48;2;40;38;39mᑣ[38;2;12;12;16;48;2;40;50;69mᦾ[38;2;0;0;2;48;2;20;23;37m⠹[38;2;118;102;88;48;2;37;47;65mᙢ[38;2;121;108;93;48;2;39;51;68mᐒ[38;2;22;36;50;48;2;41;56;75mၮ[38;2;40;53;72;48;2;31;43;58mන[38;2;3;4;8;48;2;9;13;22mട[38;2;0;0;0;48;2;32;47;69mḶ[38;2;114;104;90mᙢ[38;2;117;109;98;48;2;37;52;73m┚[38;2;31;48;70;48;2;0;0;0m⣃[0m
[38;2;98;88;115;48;2;84;78;102m⣤[38;2;83;73;100;48;2;93;88;113mᙴ[38;2;94;93;119;48;2;88;76;100m▃[38;2;92;84;109;48;2;92;97;118mጧ[38;2;97;80;106;48;2;102;98;122mᙴ[38;2;93;82;105;48;2;102;94;121m⠉[38;2;77;72;88;48;2;88;90;115m⎺[38;2;97;100;123;48;2;88;84;108m⣤[38;2;88;89;112;48;2;98;102;125mᜈ[38;2;80;78;95;48;2;91;97;118mǓ[38;2;89;89;110;48;2;100;100;123m⠒[38;2;98;97;119;48;2;114;103;129mᚋ[38;2;95;98;124;48;2;100;102;124mᙃ[38;2;115;108;133;48;2;100;98;126mᠤ[38;2;108;104;132;48;2;102;100;127mƺ[38;2;102;94;122;48;2;104;103;132m⠉[38;2;100;100;127;48;2;97;88;113mᾐ[38;2;97;93;119;48;2;100;98;123mꬮ[38;2;85;77;100;48;2;94;102;123m⎽[38;2;94;88;113;48;2;91;99;123m▃[38;2;87;90;109;48;2;91;98;118m᎕[38;2;100;102;126;48;2;88;90;113m⣀[38;2;87;89;109;48;2;92;98;120mॺ[38;2;91;98;122;48;2;88;88;106mᵃ[38;2;90;100;122;48;2;81;85;104mᘋ[38;2;88;88;110;48;2;81;83;102mᕍ[38;2;79;81;98;48;2;115;90;109m⡉[38;2;102;92;113;48;2;121;100;118m⎺[38;2;121;100;111;48;2;134;115;133mᙴ[38;2;134;109;117;48;2;147;146;148mᚑ[38;2;140;119;130;48;2;148;144;132mᙴ[38;2;142;124;134;48;2;143;138;127mᘋ[38;2;137;134;125;48;2;163;144;139mᜣ[38;2;136;132;122;48;2;163;152;139mᚑ[38;2;139;130;122;48;2;163;141;135m⠉[38;2;168;149;135;48;2;155;142;133mಸ[38;2;163;151;138;48;2;154;143;131mᜠ[38;2;162;154;141;48;2;151;142;128mᙸ[38;2;144;139;126;48;2;151;141;124mꗞ[38;2;154;137;118;48;2;140;132;120mƍ[38;2;155;136;114;48;2;135;127;115mƯ[38;2;154;134;112;48;2;133;122;111mƯ[38;2;171;143;111;48;2;133;122;110m⣤[38;2;133;122;109;48;2;166;141;111mᜀ[38;2;164;140;110;48;2;133;121;108m▃[38;2;163;140;111;48;2;134;122;108m▃[38;2;138;124;111;48;2;161;141;111mᙴ[38;2;161;142;111;48;2;135;123;110m⣤[38;2;161;141;111;48;2;133;121;108mɬ[48;2;138;124;109mʬ[38;2;159;140;111;48;2;136;127;111mͱ[38;2;157;139;111;48;2;134;125;111mɬ[38;2;154;137;110;48;2;135;125;111mʬ[38;2;137;125;111;48;2;152;135;110mᗎ[38;2;144;130;110;48;2;152;135;108m⣉[38;2;137;125;110;48;2;150;132;108m⠉[38;2;146;127;109;48;2;112;100;88mᜅ[38;2;151;128;108;48;2;102;84;73mᜢ[38;2;105;92;78;48;2;147;126;107m⣀[38;2;142;122;104;48;2;53;46;44mᜤ[38;2;33;25;25;48;2;140;117;98m⣀[38;2;29;36;47;48;2;143;119;100m▃[38;2;141;116;98;48;2;54;70;97mᜏ[38;2;127;113;98;48;2;50;67;92mᘺ[38;2;122;109;93;48;2;56;72;100m⠉[38;2;32;41;58;48;2;52;65;88m᎑[38;2;17;18;32;48;2;58;73;102mᔔ[38;2;47;60;83;48;2;57;73;102mᓿ[38;2;43;55;72;48;2;58;76;102m⎺[38;2;55;73;102;48;2;43;55;72mᾙ[38;2;46;61;85;48;2;53;72;100mᾮ[38;2;42;55;74;48;2;52;72;100m⎺[38;2;9;16;32;48;2;48;67;94mǓ[38;2;0;1;2;48;2;40;56;80m⎻[38;2;30;43;60;48;2;50;67;90mᔼ[38;2;33;48;68;48;2;48;65;91mᔚ[38;2;53;71;98;48;2;47;63;85m▃[38;2;52;70;93;48;2;44;62;85m▃[38;2;50;68;92;48;2;45;61;84m▃[38;2;50;68;91;48;2;44;61;84m⣀[0m
[38;2;94;90;117;48;2;94;90;117m [38;2;91;93;117;48;2;90;90;116mᜀ[38;2;92;92;118;48;2;91;98;121m▃[38;2;95;99;124;48;2;93;97;121mấ[38;2;102;102;127;48;2;98;100;124mꖋ[38;2;109;103;131;48;2;100;102;127mᜈ[38;2;98;102;127;48;2;109;104;132m▃[38;2;103;102;128;48;2;94;100;124mᜏ[38;2;84;89;113;48;2;98;100;125m⎼[38;2;98;100;124;48;2;100;100;125mऐ[38;2;107;102;129;48;2;91;98;123m⠙[38;2;91;93;117;48;2;102;100;126m⡰[38;2;117;104;130;48;2;98;100;122mᖜ[38;2;92;100;124;48;2;102;103;128m⨻[38;2;97;102;127;48;2;80;78;98mᜦ[38;2;93;98;124;48;2;80;74;97mᙓ[38;2;78;70;88;48;2;89;91;118m⠴[38;2;84;75;93;48;2;88;88;112mꗁ[38;2;88;79;100;48;2;97;91;117mᘗ[38;2;85;92;113;48;2;98;102;129mᬑ[38;2;91;100;121;48;2;81;71;87mꘀ[38;2;95;101;120;48;2;100;107;128mᯅ[38;2;88;88;107;48;2;102;110;131m⠉[38;2;98;105;125;48;2;91;98;112mꗷ[38;2;84;88;103;48;2;89;94;115m⟧[38;2;72;73;90;48;2;83;84;102m⠉[38;2;131;102;119;48;2;83;82;100mƗ[38;2;117;98;114;48;2;140;110;124mၮ[38;2;121;98;102;48;2;139;109;127m⣀[38;2;148;120;119;48;2;116;97;100mᚋ[38;2;135;117;115;48;2;152;136;127mƩ[38;2;171;143;134;48;2;147;134;126m⎻[38;2;165;144;131;48;2;150;136;123mᜈ[38;2;160;142;130;48;2;166;144;130m௪[38;2;164;144;128;48;2;178;148;125mᘿ[38;2;157;140;126;48;2;178;147;117m⣉[38;2;149;141;116;48;2;175;145;112m⣉[38;2;137;128;115;48;2;165;144;111m⠉[38;2;134;126;115;48;2;164;145;111m⠉[38;2;129;120;110;48;2;166;149;113m⠉[38;2;128;120;109;48;2;169;150;112m⠉[38;2;167;149;111;48;2;126;119;109mͱ[38;2;125;119;110;48;2;164;142;107mᘺ[38;2;125;119;111;48;2;157;142;111mᙢ[38;2;125;119;108;48;2;151;142;112mᜈ[38;2;147;144;114;48;2;129;120;108m▃[38;2;149;146;113;48;2;125;120;109m▃[38;2;156;142;116;48;2;124;119;109m▃[38;2;139;130;114;48;2;124;119;108m▃[38;2;124;119;108;48;2;139;132;112mᜈ[38;2;151;141;110;48;2;126;120;109m▃[38;2;150;141;110;48;2;127;122;109m▃[38;2;148;141;110;48;2;134;126;109m⣘[38;2;48;61;82;48;2;150;136;110m▃[38;2;151;137;108;48;2;53;70;95mᚌ[38;2;152;136;108;48;2;53;70;93mᘺ[38;2;152;134;107;48;2;53;72;94mᘺ[38;2;36;41;51;48;2;57;73;100mᖜ[38;2;36;46;62;48;2;59;76;103mᘺ[38;2;19;24;39;48;2;59;75;102m⠉[38;2;38;47;60;48;2;60;74;102mᔱ[38;2;56;71;96;48;2;59;76;104mၿ[38;2;52;67;92;48;2;59;75;102m⠌[38;2;51;65;84;48;2;59;76;104m⎼[38;2;38;53;73;48;2;59;75;103m⠈[38;2;0;0;0;48;2;58;74;102m⎺[38;2;58;73;102;48;2;52;63;84mᾚ[38;2;56;74;101;48;2;57;74;102mᛈ[38;2;57;75;102;48;2;58;75;102mΖ[38;2;55;73;99;48;2;57;74;102mᾜ[38;2;56;73;100m⠉ᙘ[38;2;55;73;100;48;2;57;73;100mප[38;2;54;72;98;48;2;56;72;98m༟[38;2;53;71;96;48;2;55;72;98mΓ[38;2;55;72;98;48;2;54;71;97m⠂[38;2;53;70;93mᔡ[38;2;51;67;89;48;2;53;70;94mǊ[38;2;49;64;88;48;2;52;69;93mǊ[48;2;51;68;92mǊ[0m
[38;2;100;91;118;48;2;99;92;119m▊[38;2;97;93;120;48;2;102;97;122mᘾ[38;2;98;93;120;48;2;103;100;126mᚌ[38;2;102;97;124;48;2;103;100;127mᚑ[38;2;102;100;125;48;2;106;100;128mᘺ[38;2;102;98;126;48;2;108;102;130m⠉[38;2;100;89;115;48;2;107;100;128m᎑[38;2;91;78;103;48;2;106;98;126m⣀[38;2;98;100;126;48;2;85;72;94mᜅ[38;2;95;87;112;48;2;88;75;98mᘌ[38;2;84;65;77;48;2;88;81;102mಸ[38;2;98;98;124;48;2;88;65;79mឧ[38;2;100;91;114;48;2;106;102;129mꪙ[38;2;80;77;98;48;2;88;97;123mᵚ[38;2;79;76;98;48;2;89;100;125mᘋ[38;2;90;98;122;48;2;79;75;92mἥ[38;2;80;89;110;48;2;79;71;88m⢉[38;2;80;72;88;48;2;80;90;111mᘝ[38;2;92;101;127;48;2;65;77;102mᜣ[38;2;71;73;85;48;2;84;98;120mʄ[38;2;88;100;122;48;2;65;73;98mᜣ[38;2;93;106;129;48;2;72;84;105mᚑ[38;2;84;90;108;48;2;40;46;60mᜣ[38;2;85;89;103;48;2;54;58;69mᘺ[38;2;46;46;56;48;2;71;75;91m⣄[38;2;80;82;98;48;2;42;45;64mᘺ[38;2;73;74;91;48;2;48;53;70mᙴ[38;2;111;84;93;48;2;60;53;63mᘺ[38;2;77;65;72;48;2;119;113;88mꗋ[38;2;152;144;121;48;2;97;79;84mᶐ[38;2;156;146;123;48;2;149;142;120mᚁ[38;2;158;145;123;48;2;154;149;118mᜏ[38;2;161;150;123;48;2;160;158;118mᘝ[38;2;165;162;121;48;2;171;174;120mᘫ[38;2;177;178;122;48;2;169;168;121m៦[38;2;170;167;122;48;2;150;144;117m▍[38;2;148;142;116;48;2;141;137;115mᘪ[38;2;119;120;102;48;2;141;139;114m⎽[38;2;7;8;13m⣠[38;2;156;143;111;48;2;37;48;68mᘺ[38;2;165;148;109;48;2;56;74;102mፇ[38;2;50;67;94;48;2;57;76;105mᔁ[38;2;107;99;96;48;2;58;78;105mৠ[38;2;56;77;106;48;2;28;38;52mፆ[38;2;147;143;113;48;2;54;76;106mᕎ[38;2;144;143;111;48;2;51;70;102mᜈ[38;2;110;109;98;48;2;143;144;114m⡀[38;2;150;152;115;48;2;151;154;113mḒ[38;2;157;167;113;48;2;150;158;112mꟐ[38;2;1;1;1;48;2;144;148;111m⣀[38;2;0;0;2;48;2;148;151;111m⣀[38;2;145;148;110;48;2;0;0;1mᙴ[38;2;145;149;107;48;2;24;38;64mᘋ[38;2;0;1;4;48;2;27;42;65m▃[38;2;48;63;85;48;2;0;1;4mᚌ[38;2;43;59;81;48;2;16;24;38mᒱ[38;2;18;29;45;48;2;52;69;93m⣀[38;2;56;72;100;48;2;53;67;89mⴔ[38;2;59;74;102;48;2;61;77;104mǐ[38;2;62;79;107;48;2;61;77;105m⠩[38;2;56;72;98;48;2;60;77;105mɭ[38;2;56;73;100;48;2;59;76;104m╴[38;2;57;72;98;48;2;60;77;105m⎼[38;2;56;73;99m⢀[38;2;58;74;100;48;2;60;76;104m⣀[38;2;58;74;102;48;2;59;76;104mឃ[38;2;56;73;100;48;2;59;75;103m‒[38;2;57;72;98;48;2;58;75;102m⎻[38;2;57;73;98mਵ[38;2;57;73;102;48;2;58;74;102mꚱ[38;2;57;74;102;48;2;57;73;100mኃ[38;2;57;73;100m [38;2;56;72;100m▗[38;2;56;73;100;48;2;56;72;100mၮ[38;2;56;72;98;48;2;55;72;98mꤲ[38;2;55;72;98m [38;2;54;71;98mꭞ[38;2;53;70;94;48;2;54;71;97mᤝ[38;2;53;70;93;48;2;53;70;94mᜫ[38;2;53;70;94;48;2;52;69;93m⠇[0m
