[?25l[0m[38;2;0;164;227;48;2;0;166;230m▅[38;2;0;168;229;48;2;0;166;228m▁[38;2;0;170;229;48;2;1;166;228m⣀[48;2;0;164;227m⣀[38;2;1;169;229m⣀[48;2;1;164;227m⣀⣀[38;2;0;166;225;48;2;0;163;226m⡄[38;2;0;168;227m▁[48;2;0;164;227m [38;2;250;253;255m⢀[38;2;254;255;252;48;2;0;166;230m▃[38;2;255;255;255;48;2;0;166;228m⣤[48;2;2;168;234m⣤[48;2;1;166;228m⣤[38;2;251;255;254;48;2;0;168;229m▃[38;2;160;230;245;48;2;0;167;226m▁[38;2;1;171;230;48;2;0;166;228m⣀[38;2;0;168;229;48;2;1;166;228m⣤[48;2;0;166;228m⣤[38;2;0;170;231;48;2;0;166;230m⣀[38;2;1;169;231;48;2;0;166;228m▁[38;2;0;170;231;48;2;0;168;229m▁[38;2;1;171;230;48;2;0;167;232m⣀[48;2;0;166;230m⣀[38;2;0;172;230;48;2;2;166;232m⣀[38;2;1;171;232;48;2;0;168;229m▁[38;2;1;171;231;48;2;2;167;229m▁[38;2;0;170;229;48;2;1;165;230m⣄[48;2;0;164;229m⣀⣀⣀[48;2;1;166;228m⣀[48;2;0;164;227m⣀[38;2;0;169;227m⣤[38;2;0;172;230;48;2;0;166;228m▁[38;2;1;171;230;48;2;1;166;228m⣀[38;2;0;173;230;48;2;0;168;229m▁▁[38;2;0;172;231;48;2;2;167;229m▁[38;2;0;173;230;48;2;0;168;229m▁[38;2;1;171;230;48;2;1;167;229m▁[48;2;2;167;227m [38;2;22;179;234;48;2;0;166;228m▁[38;2;0;168;227;48;2;0;165;230m⣤[48;2;0;164;228m⣤[38;2;0;169;227;48;2;1;166;229m⣄[38;2;1;171;230;48;2;1;166;228m⣀⣀[38;2;0;173;230;48;2;0;166;228m▁[48;2;1;166;228m▁[38;2;1;171;232;48;2;1;164;227m⣀[48;2;0;174;231m [38;2;249;255;252;48;2;1;165;230m⢀[38;2;252;255;250;48;2;0;169;231m⣀[38;2;194;240;255;48;2;0;168;229m⣀[48;2;0;170;229m [38;2;1;171;232;48;2;0;166;229m▁[0m
[38;2;0;176;230;48;2;0;170;227m⣤[38;2;0;170;228;48;2;0;179;232m⠋[38;2;0;181;234;48;2;0;175;230m⣤[48;2;0;176;230m⣤[38;2;0;179;232;48;2;0;174;229m⣤[48;2;0;175;230m⣤[48;2;0;174;229m⣤[48;2;0;176;230m [38;2;250;255;255;48;2;0;173;228m⣠[38;2;29;188;232;48;2;255;255;255m⠁     [38;2;145;227;255m⣠[38;2;145;228;255;48;2;254;255;255m▅[38;2;4;173;224;48;2;146;226;253m⠉[38;2;144;227;254;48;2;0;175;230m⡀[38;2;1;179;232;48;2;0;173;229m⣤[48;2;0;174;231m▃[38;2;0;179;232m⣤⣤[48;2;0;176;230m⣤[48;2;0;172;230m▅[38;2;0;181;234;48;2;0;175;232m⣤[38;2;0;180;236;48;2;1;176;233m⣤[38;2;0;181;234m⣤[48;2;0;176;230m⣤[48;2;0;172;229m▅[48;2;0;176;230m⣤⣤[38;2;0;181;233m⣤[38;2;0;181;234m⣤[48;2;0;172;229m▅[48;2;0;176;230m⣤[48;2;0;174;230m▅▅[48;2;0;177;231m⣤⣤[48;2;0;176;230m⣤[48;2;0;184;231m [38;2;237;156;106;48;2;8;179;230m⢠[38;2;54;184;231;48;2;234;209;189m⠈[48;2;80;31;91m [38;2;81;29;90;48;2;0;176;228m▃[38;2;182;208;216;48;2;0;176;229m⠠[48;2;0;181;234m [38;2;0;182;237;48;2;0;176;230m⣠[38;2;0;181;234;48;2;0;174;231m▃[48;2;0;177;231m [38;2;0;173;230;48;2;247;255;255m⠋[48;2;255;255;255m   [38;2;152;228;254;48;2;254;255;253m⢰[38;2;127;219;255;48;2;147;227;255m⠈[38;2;2;175;229;48;2;146;226;253m⠙[0m
[38;2;58;200;249;48;2;19;195;243m⣀[38;2;52;201;251;48;2;15;188;237m⣤[38;2;48;199;248;48;2;15;188;239m⣤[38;2;50;198;248;48;2;11;184;237m⣤[38;2;54;200;248;48;2;17;189;240m▃[38;2;171;233;250;48;2;26;190;242m▁[38;2;211;248;255;48;2;30;193;245m▁[38;2;220;251;255;48;2;32;194;244m⣰[48;2;255;254;255m [48;2;255;255;255m   [38;2;173;230;251m⢀[38;2;166;229;254m⣀[38;2;253;255;255;48;2;154;228;252m⠇[48;2;145;228;255m [48;2;147;227;255m   [38;2;120;222;255;48;2;29;190;242m⡄[38;2;249;254;255;48;2;34;193;245m⢀[38;2;255;255;255;48;2;24;191;243m⣠[48;2;20;187;240m⣤[48;2;20;191;242m▃[38;2;184;242;254;48;2;27;192;245m⡀[38;2;50;196;247;48;2;13;185;237m⣤[38;2;49;195;244;48;2;12;191;241m⣤[38;2;50;196;247;48;2;11;188;238m⣤[38;2;54;198;247;48;2;9;184;235m⣤[38;2;52;194;242;48;2;17;190;241m⣤[38;2;52;194;244;48;2;15;188;237m⣤[38;2;55;196;246;48;2;12;186;234m⣤[38;2;54;198;247;48;2;16;190;238m⣤[38;2;48;192;242;48;2;13;188;236m⣤[38;2;51;197;248;48;2;9;185;237m⣤[38;2;50;205;253;48;2;10;185;235m⣤[38;2;53;199;249;48;2;12;188;238m⣤[38;2;49;195;246;48;2;13;189;239m⣤[38;2;53;197;246;48;2;9;184;234m⣤[38;2;53;195;245;48;2;14;188;239m⣤[38;2;161;219;239;48;2;33;191;241m⢀[38;2;38;193;247;48;2;232;119;86m⠋[38;2;249;201;170;48;2;234;116;86m▁[48;2;233;112;89m [38;2;88;33;92;48;2;229;135;102m▝[38;2;164;125;152;48;2;85;27;88m⡀[38;2;84;26;86;48;2;82;27;86m⣄[48;2;81;27;87m [48;2;49;203;253m [38;2;255;255;254;48;2;19;198;250m▃[38;2;246;252;252;48;2;35;194;244m⣰[48;2;255;255;255m [38;2;144;226;254;48;2;255;255;252m⢀[38;2;253;255;255;48;2;145;228;255m⠋[38;2;252;255;255;48;2;147;227;255m▔[38;2;233;253;255;48;2;148;228;254m▔[38;2;148;228;255;48;2;149;226;255m⡀[38;2;149;226;255;48;2;147;227;255m⡁[0m
[38;2;163;237;254;48;2;255;255;255m⠈[38;2;75;211;255;48;2;253;255;255m⠙[48;2;93;215;253m [38;2;251;255;255;48;2;90;215;255m⢠[38;2;82;211;254;48;2;255;255;255m⠁    [38;2;216;250;255m▁[38;2;146;228;251;48;2;255;254;255m⢠[38;2;237;254;255;48;2;143;226;249m⠁[48;2;142;228;253m [38;2;146;231;255;48;2;143;229;255m⣀[38;2;147;231;255;48;2;144;228;255m⣀[38;2;148;230;255;48;2;145;230;255m⣀[48;2;144;228;255m⣀[38;2;149;231;255;48;2;145;228;255m⣀[38;2;147;229;254m▃[38;2;253;254;255;48;2;146;229;254m⢰[48;2;255;255;255m  [38;2;145;230;255m⢀[38;2;146;230;253m▅[38;2;149;231;255;48;2;206;248;255m▅[38;2;75;208;255;48;2;142;231;255m⠙[48;2;89;215;254m [38;2;219;251;255;48;2;84;213;255m▁[48;2;91;215;255m [38;2;96;215;252;48;2;76;208;254m▅[38;2;99;216;251;48;2;79;208;253m⣤[38;2;200;241;255;48;2;85;211;255m⢀[38;2;254;255;255;48;2;80;207;253m▃[38;2;254;255;251;48;2;80;209;255m▃[38;2;181;241;255;48;2;87;211;255m⡀[38;2;102;218;255;48;2;77;209;255m▃[38;2;97;217;254;48;2;76;208;252m⣤[38;2;98;219;255;48;2;77;207;252m⣤[38;2;102;218;253m⣤[38;2;229;194;146;48;2;93;213;251m⢀[38;2;171;218;235;48;2;234;114;84m⠃[38;2;255;243;217;48;2;242;119;88m⢀[38;2;241;148;118;48;2;248;219;182m⠁[38;2;255;238;203;48;2;231;109;89m⣄[38;2;151;84;101;48;2;230;117;89m⡀[38;2;86;29;93;48;2;179;130;155m⠈[38;2;189;157;165;48;2;82;31;94m⡀[38;2;104;109;166;48;2;82;40;108m⢀[48;2;84;28;93m [38;2;252;255;255;48;2;64;59;121m⠙[38;2;127;167;217;48;2;241;255;255m⡀[38;2;142;229;255;48;2;255;255;255m▅[38;2;231;248;252;48;2;146;227;255m⠁[48;2;145;228;255m [38;2;244;253;252;48;2;147;227;255m⣠[38;2;255;255;255;48;2;149;227;255m▅[48;2;150;228;254m▅[38;2;149;227;255;48;2;250;255;255m⣻[0m
[38;2;254;255;255;48;2;161;233;255m⠉[38;2;255;254;255;48;2;162;233;254m⠙[38;2;174;235;253;48;2;254;255;255m⣀[38;2;187;237;250;48;2;255;255;255m⡀[38;2;171;235;253m⢀[38;2;165;235;255m▅[38;2;168;233;249m▅[38;2;255;255;255;48;2;168;234;255m⠋[48;2;164;234;254m [38;2;174;239;255;48;2;164;234;255m▁[38;2;230;233;228;48;2;166;235;255m⢀[38;2;206;227;232;48;2;238;166;134m⠁[38;2;100;91;139;48;2;149;231;255m⡄[38;2;149;232;254;48;2;159;236;255m⠉[38;2;127;219;246;48;2;158;232;250m▁[38;2;127;219;245;48;2;159;233;253m▁[38;2;164;236;255;48;2;153;232;253m⣤[38;2;170;236;255;48;2;153;231;255m▃[38;2;175;236;254;48;2;159;232;255m⣀[38;2;253;255;253;48;2;167;236;255m⠈[38;2;255;255;255;48;2;162;233;253m⠉[48;2;164;236;255m⠉[48;2;162;235;255m [38;2;175;237;253;48;2;156;232;254m⣀[38;2;173;236;252;48;2;156;231;251m⣀[38;2;212;253;255;48;2;159;235;254m⠠[38;2;174;237;253;48;2;253;255;255m⣁[38;2;169;235;255;48;2;254;255;255m⣠[38;2;251;255;255;48;2;166;235;255m⠉[48;2;162;231;254m [38;2;254;255;255;48;2;167;238;255m⠶[38;2;251;255;255;48;2;165;236;252m⠚[38;2;167;238;255;48;2;255;255;255m⣤[38;2;166;238;255m▅[38;2;161;234;253;48;2;246;255;255m▅[38;2;167;236;254;48;2;254;255;254m▃[38;2;253;255;253;48;2;162;235;255m⠢[38;2;252;173;136;48;2;196;251;255m⢀[38;2;255;254;233;48;2;241;180;125m▊[38;2;254;222;195;48;2;231;111;87m⠁[38;2;236;115;87;48;2;255;230;188m⠋[48;2;255;237;190m [48;2;255;244;200m [48;2;255;242;198m [38;2;214;100;76;48;2;254;234;190m▝[38;2;254;239;206;48;2;222;109;83m⡀[38;2;234;119;82;48;2;241;201;164m⠆[38;2;189;174;172;48;2;106;104;164m▍[38;2;79;40;105;48;2;108;117;175m⠸[38;2;98;103;161;48;2;83;66;127m▝[38;2;145;218;253;48;2;81;49;117m⠈[38;2;96;49;117;48;2;161;232;252m⡀[38;2;184;240;254;48;2;255;255;255m▔[38;2;184;241;255;48;2;253;255;255m▁[38;2;210;242;254;48;2;255;255;255m▁[38;2;253;255;253;48;2;170;235;254m⠉[38;2;253;255;255;48;2;166;235;255m▔[38;2;171;236;255;48;2;153;233;255m▃[0m
[38;2;2;192;232;48;2;180;240;255m▃[38;2;48;204;233;48;2;185;240;253m⣀[38;2;177;237;254;48;2;195;244;255m▔[38;2;254;255;255;48;2;186;240;255m⣤[38;2;254;255;253;48;2;187;240;255m⣤[38;2;94;212;237;48;2;196;242;253m⢀[38;2;1;187;231;48;2;219;248;254m⣀[48;2;242;255;255m⣤[38;2;195;244;255;48;2;0;181;224m⠉[38;2;154;231;255;48;2;1;186;226m⠉[38;2;67;200;225;48;2;235;250;252m▍[38;2;112;195;221;48;2;252;245;221m⡀[38;2;116;160;218;48;2;163;173;202m⡀[38;2;70;179;220;48;2;0;164;211m▏[38;2;23;178;220m▔[48;2;0;166;212m [38;2;77;196;228;48;2;0;159;205m▔[38;2;151;227;253;48;2;0;161;206m▔[38;2;176;236;255m⠉[38;2;0;159;205;48;2;196;238;253m▅[38;2;1;157;201;48;2;245;254;255m▃[38;2;34;178;222;48;2;254;255;255m⣀[48;2;255;255;255m [38;2;187;241;253m⠉[38;2;255;255;255;48;2;188;240;254m⣤[48;2;187;236;253m⣤[48;2;183;240;255m▅[48;2;186;240;255m▅[38;2;189;239;255;48;2;255;255;255m⠉[38;2;183;237;251m▔[38;2;184;239;255m▔[38;2;247;187;155;48;2;255;255;254m⢀[38;2;248;187;141;48;2;179;240;254m⣠[38;2;231;122;91;48;2;192;238;254m▅[38;2;232;121;87;48;2;194;240;255m▅[38;2;236;122;89;48;2;194;239;255m▅[38;2;232;123;87;48;2;195;240;254m▅[38;2;255;218;181;48;2;235;130;96m▕[48;2;255;246;213m [38;2;243;178;149;48;2;252;248;210m⠁[38;2;126;144;173;48;2;255;232;193m⡀[48;2;255;245;201m [38;2;225;210;185;48;2;3;83;149m▍[38;2;99;163;176;48;2;255;249;213m▏[48;2;255;244;205m [48;2;255;247;205m [38;2;255;246;204;48;2;255;253;241m▅[38;2;254;235;199;48;2;117;139;185m▏[38;2;70;88;152;48;2;109;132;186m⠁[38;2;78;64;128;48;2;114;130;184m▔[38;2;95;48;118;48;2;114;124;183m▅[48;2;119;55;98m [38;2;224;242;253;48;2;218;106;89m⠉[38;2;223;241;250;48;2;226;109;91m⠉[38;2;225;241;252;48;2;215;111;90m⠉[38;2;221;114;89;48;2;221;241;251m▅[38;2;218;243;250;48;2;223;114;92m⠉[38;2;215;244;245;48;2;227;113;89m⠉[0m
[38;2;140;220;173;48;2;0;192;227m⣰[38;2;134;213;177;48;2;1;188;225m⣄[38;2;143;218;167;48;2;4;188;224m⣠[38;2;211;249;255;48;2;13;187;216m▔[38;2;168;233;247;48;2;11;183;223m▔[38;2;34;191;226;48;2;145;207;138m⠉[38;2;123;194;160;48;2;1;184;223m▁[38;2;138;217;174;48;2;1;184;226m⣀[38;2;139;216;178;48;2;1;178;223m⣠[38;2;132;212;174;48;2;0;179;221m⣀[38;2;29;192;222;48;2;252;237;213m▏[38;2;192;230;233;48;2;255;253;240m▔[38;2;202;211;219;48;2;142;168;201m⠓[38;2;108;188;202;48;2;0;163;211m⣀[38;2;144;224;174;48;2;1;167;211m⣠[48;2;149;216;159m [38;2;156;216;153;48;2;3;159;207m▅[38;2;165;225;157;48;2;10;126;140m⢠[38;2;142;214;170;48;2;0;155;200m⣀[38;2;106;198;182;48;2;0;154;200m⣄[38;2;6;158;193;48;2;162;216;136m⠉[38;2;120;207;180;48;2;1;160;206m▁[38;2;128;214;175;48;2;1;161;207m⣄[38;2;3;3;0;48;2;9;175;221m▁[38;2;5;1;0;48;2;38;195;232m⣀[38;2;0;0;0;48;2;59;200;237m▁[38;2;2;0;0;48;2;229;251;232m▃[38;2;255;254;237;48;2;0;0;0m▔[38;2;255;255;251m⠈[38;2;1;1;1;48;2;255;255;247m▅[38;2;255;255;243;48;2;2;0;4m⠃[38;2;254;217;167;48;2;0;0;0m▔[38;2;236;129;94m⠹[38;2;1;0;3;48;2;249;123;94m⣠[38;2;0;3;0;48;2;169;179;158m⡀[38;2;41;90;115;48;2;248;230;199m▁[48;2;231;152;112m [38;2;88;103;168;48;2;233;120;88m⡤[38;2;255;251;237;48;2;255;247;204m▏[38;2;176;178;187;48;2;255;246;203m▕[38;2;255;244;200;48;2;127;145;176m⢸[48;2;255;246;201m [38;2;143;150;161;48;2;255;247;203m⣀[38;2;132;140;156;48;2;255;246;206m▁ [38;2;253;255;243;48;2;255;246;203m▍[38;2;255;246;203;48;2;254;246;202m▊[38;2;252;235;195;48;2;113;134;187m▏[48;2;112;133;189m [38;2;115;131;187;48;2;103;45;119m⠃[38;2;240;223;184;48;2;117;66;108m⠰[38;2;57;115;149;48;2;247;230;191m⡤[38;2;64;131;159;48;2;235;137;97m⡄[38;2;58;77;148;48;2;206;93;82m⡄[38;2;226;110;90;48;2;249;185;153m▊[38;2;95;142;153;48;2;249;216;185m▃[38;2;39;116;137;48;2;237;130;98m⢠[38;2;137;164;186;48;2;162;129;144m▍[0m
[38;2;4;108;150;48;2;142;215;167m⡀[48;2;138;214;171m [38;2;239;125;89;48;2;157;225;167m⣀[38;2;238;119;88;48;2;152;219;177m⣤[38;2;120;209;183;48;2;235;121;87m⠁[38;2;233;119;93;48;2;198;226;186m⣤[38;2;232;122;88;48;2;200;227;187m⣤[38;2;240;122;88;48;2;150;216;168m▅[38;2;228;118;83;48;2;148;215;169m▅[38;2;227;117;89;48;2;157;218;173m▅[38;2;232;128;89;48;2;254;248;222m▅[38;2;233;125;82;48;2;255;246;223m▅[38;2;235;117;80;48;2;199;215;198m⡄[38;2;98;47;115;48;2;151;220;164m⣠[38;2;101;44;113;48;2;204;217;198m⣤[38;2;113;63;114;48;2;142;213;165m⣀[38;2;185;221;113;48;2;31;134;136m▊[38;2;129;203;161;48;2;0;103;144m▝[48;2;145;216;172m [38;2;145;216;172;48;2;182;232;148m▊[38;2;190;231;137;48;2;141;207;158m⠃[38;2;2;0;0;48;2;151;209;173m⢠[38;2;0;0;0;48;2;160;214;173m⣤[38;2;248;248;200;48;2;1;0;0m⠂[48;2;0;0;0m [48;2;30;44;61m [38;2;127;226;255;48;2;31;45;65m▃[38;2;130;255;255;48;2;38;61;100m⣀[38;2;121;226;254;48;2;38;55;74m▅[38;2;160;242;245;48;2;36;51;84m⣄[38;2;121;226;254;48;2;38;57;96m⣠[38;2;135;242;255;48;2;36;57;94m⡀[38;2;107;202;255;48;2;30;37;67m▃[38;2;39;58;86;48;2;6;3;7m⣄[48;2;9;10;19m [48;2;0;0;2m [38;2;223;121;101;48;2;0;0;0m⠹[38;2;2;0;2;48;2;238;240;215m⡀[38;2;253;251;242;48;2;255;245;203m▍[38;2;177;177;189;48;2;255;245;201m▕[38;2;115;137;175;48;2;245;225;199m▍[38;2;88;121;148;48;2;240;207;174m⣀[38;2;41;105;130;48;2;253;225;192m⢀[38;2;20;102;128;48;2;248;225;185m⢀[48;2;253;247;202m [38;2;255;255;241;48;2;255;245;204m▍[38;2;255;243;204;48;2;255;243;202m⣀[38;2;250;235;197;48;2;112;139;186m▏[38;2;217;202;188;48;2;97;89;145m▅[38;2;237;216;196;48;2;117;66;128m▅[38;2;236;221;204;48;2;98;155;169m▅[38;2;142;185;175;48;2;220;215;205m▔[38;2;157;156;162;48;2;227;222;203m▔[38;2;228;218;198;48;2;231;109;87m▅[38;2;231;222;202;48;2;228;112;90m▅[38;2;174;180;177;48;2;221;213;203m▔[38;2;228;224;201;48;2;215;119;89m▅[38;2;227;219;197;48;2;223;110;87m▅[0m
[38;2;1;126;147;48;2;236;115;87m⠁[48;2;241;118;89m [38;2;47;110;160;48;2;248;235;204m⠠[38;2;249;245;210;48;2;238;117;92m⡄[48;2;230;118;87m [38;2;59;105;133;48;2;255;198;166m⠠[48;2;237;147;104m [38;2;231;169;155;48;2;230;116;87m⡀[38;2;237;116;87;48;2;230;120;89m⠐[38;2;50;123;125;48;2;255;211;172m⠠[38;2;232;203;195;48;2;170;130;120m⡆[48;2;240;119;84m [38;2;111;66;123;48;2;209;203;213m⢱[48;2;94;43;103m [38;2;245;233;211;48;2;137;140;179m⠐[38;2;185;169;179;48;2;111;74;118m⠁[38;2;143;141;173;48;2;91;33;103m⠈[38;2;92;57;120;48;2;89;41;107m⠑[38;2;102;74;136;48;2;132;207;171m▅[38;2;3;0;5;48;2;155;223;160m⠠[38;2;151;204;155;48;2;0;0;0m⠉[38;2;216;217;182;48;2;1;1;1m▔[38;2;0;1;1;48;2;31;43;67m⠋[38;2;12;12;12;48;2;35;54;88m⠁[38;2;118;186;247;48;2;43;68;107m⢀[38;2;111;205;255;48;2;37;78;126m⣠[38;2;38;87;137;48;2;117;214;254m▔[38;2;8;47;96;48;2;118;215;255m▁[48;2;117;216;255m [48;2;94;183;249m [38;2;129;207;255;48;2;56;92;143m⠁[38;2;96;182;240;48;2;45;69;108m⠉[38;2;80;137;201;48;2;40;64;99m⠈[48;2;38;57;89m [38;2;31;45;66;48;2;34;52;82m▁[38;2;23;25;38;48;2;28;38;59m▕[48;2;0;0;0m  [38;2;0;0;0;48;2;255;245;203m⣆[38;2;178;178;188;48;2;255;245;202m▕[38;2;116;141;177;48;2;252;240;198m▍[38;2;216;218;203;48;2;53;126;150m▁[38;2;217;214;186;48;2;3;86;133m▍[38;2;25;115;150;48;2;212;219;209m⠸[38;2;1;94;137;48;2;255;244;206m▏[38;2;255;255;239;48;2;255;243;203m▍[38;2;255;243;204;48;2;255;244;202m▕[38;2;250;238;204;48;2;111;138;193m▏[38;2;235;217;177;48;2;58;120;142m▊[38;2;12;99;135;48;2;255;249;205m▍[38;2;248;235;196;48;2;28;99;133m▍[38;2;1;92;136;48;2;205;207;196m⠸[38;2;178;192;179;48;2;1;87;129m▊[38;2;1;87;130;48;2;254;241;198m▏[38;2;254;243;199;48;2;4;97;142m▊[38;2;52;135;159;48;2;201;210;189m▍[38;2;254;232;193;48;2;3;88;130m⢸[38;2;254;244;200;48;2;3;70;142m▊[0m
[38;2;225;109;83;48;2;247;231;208m⠭[38;2;141;148;168;48;2;183;181;184m⠤[38;2;138;146;163;48;2;182;176;181m⠤[38;2;133;141;163;48;2;183;177;183m⠤[38;2;252;207;181;48;2;215;118;85m⠒[38;2;251;206;180;48;2;219;117;86m⠒[38;2;247;209;178;48;2;216;118;93m⠒[38;2;209;112;80;48;2;249;228;197m⠭[38;2;153;165;177;48;2;220;209;195m⠬[38;2;151;157;165;48;2;197;184;189m⠬[38;2;221;118;81;48;2;251;228;190m⠭[38;2;154;155;166;48;2;242;237;238m⠥[38;2;152;157;191;48;2;134;122;172m▏[38;2;50;97;147;48;2;130;117;167m⠭[38;2;62;103;156;48;2;127;115;167m⠭[38;2;146;161;189;48;2;69;112;163m⢀[38;2;227;236;100;48;2;125;112;167m⣀[38;2;251;254;65;48;2;122;110;163m⣠[38;2;219;221;139;48;2;87;36;106m⡂[38;2;246;243;186;48;2;1;2;0m▔[48;2;4;6;8m [48;2;26;42;71m [38;2;34;52;83;48;2;34;53;87m▏[38;2;53;95;150;48;2;33;56;93m▕[38;2;53;89;139;48;2;79;137;201m⣀[38;2;99;153;220;48;2;25;54;107m⢋[38;2;235;184;112;48;2;12;0;0m⠄[38;2;236;194;129;48;2;2;1;12m⡒[38;2;230;181;120;48;2;1;0;7m⠂[38;2;225;191;133;48;2;13;4;0m⢌[38;2;68;134;202;48;2;40;49;79m⠁[38;2;25;39;72;48;2;37;59;92m⢀[38;2;11;20;30;48;2;35;53;86m⣠[38;2;22;38;62;48;2;1;1;2m⠉[38;2;253;218;31;48;2;1;0;0m⢀[38;2;253;236;92;48;2;1;1;1m⣀[38;2;255;255;232;48;2;0;0;0m▃[38;2;254;255;250m▃[38;2;255;255;233m▃[38;2;30;14;0;48;2;255;245;193m▏[48;2;219;207;199m [38;2;4;96;138;48;2;242;219;180m▁[38;2;98;138;155;48;2;244;209;164m⢀[38;2;91;133;141;48;2;245;218;178m⢀[48;2;254;240;199m [38;2;255;255;239;48;2;255;243;203m▍[38;2;255;242;204;48;2;255;244;202m▕[38;2;252;237;204;48;2;110;138;195m▏[48;2;233;214;185m [38;2;53;109;138;48;2;255;240;191m⡀[38;2;32;107;139;48;2;255;237;190m⢀[38;2;36;105;141;48;2;252;247;199m⢀[38;2;52;114;142;48;2;254;238;200m⢀[48;2;255;236;192m [38;2;83;131;148;48;2;254;239;187m⢀[38;2;79;125;151;48;2;253;236;185m⡀[38;2;51;139;142;48;2;255;245;203m⡀[38;2;73;113;154;48;2;255;238;188m⢀[0m
[38;2;230;239;66;48;2;122;157;169m⣀[38;2;81;129;167;48;2;251;240;199m▔[38;2;78;130;166;48;2;184;189;190m▔[38;2;180;185;191;48;2;69;133;154m⣻[38;2;75;129;169;48;2;245;226;186m▔[38;2;202;207;192;48;2;87;147;160m▁[38;2;82;125;163;48;2;255;240;198m▔[38;2;84;123;167;48;2;141;168;173m▔[38;2;83;123;170;48;2;214;221;201m▔[38;2;82;120;167;48;2;208;201;185m▔[38;2;83;139;161;48;2;206;204;185m▊[38;2;80;115;167;48;2;253;245;198m▔[38;2;34;98;162;48;2;119;142;193m▔[38;2;30;96;162;48;2;103;130;185m▊[38;2;164;178;152;48;2;119;138;186m⢀[38;2;106;130;186;48;2;253;255;57m⠁[38;2;148;192;93;48;2;254;255;70m▅[38;2;227;246;66;48;2;1;4;0m⠋[38;2;241;249;85;48;2;0;0;0m⠁[38;2;13;17;31;48;2;0;1;4m⠰[38;2;13;15;23;48;2;21;32;63m▃[38;2;11;19;35;48;2;34;50;84m⡀[38;2;35;55;87;48;2;35;54;89m⣀[38;2;44;70;108m⠈[38;2;246;226;186;48;2;32;50;86m▕[38;2;0;0;1;48;2;250;210;144m⢸[38;2;255;255;255;48;2;0;0;0m▝[38;2;0;0;0;48;2;255;255;255m⣤[48;2;0;0;0m  [38;2;248;219;183;48;2;34;40;63m▊[38;2;0;7;18;48;2;31;42;70m⢰[48;2;0;0;0m [38;2;2;0;1;48;2;254;213;13m⠃[38;2;255;254;159;48;2;254;216;37m⠈[38;2;207;97;2;48;2;255;253;199m▅[38;2;254;255;255;48;2;209;96;1m⠉[38;2;255;254;241;48;2;208;96;1m⠉[38;2;205;98;1;48;2;145;216;194m⠖[38;2;1;1;1;48;2;199;106;16m⣠[38;2;237;225;192;48;2;10;7;0m⠺[38;2;239;199;154;48;2;2;93;136m▃[38;2;1;93;130;48;2;234;195;158m⠸[38;2;6;92;126;48;2;233;193;151m⠸[38;2;7;93;126;48;2;254;242;201m▏[38;2;255;254;238;48;2;254;242;200m▍[48;2;255;242;199m [38;2;251;236;201;48;2;112;141;196m▏[38;2;235;220;182;48;2;51;115;145m▊[38;2;18;106;140;48;2;255;248;203m⠇[38;2;1;88;137;48;2;225;223;193m⠸[38;2;0;103;149;48;2;226;216;174m⠸[38;2;16;106;140;48;2;235;220;181m⠸[38;2;0;91;138;48;2;255;242;199m▏[38;2;75;131;153;48;2;253;245;130m⠈[38;2;113;169;142;48;2;247;251;63m⠁[38;2;155;196;72;48;2;247;252;78m▅[38;2;141;191;83;48;2;200;224;76m▃[0m
[38;2;249;245;38;48;2;18;115;147m⠉[38;2;64;137;157;48;2;254;246;203m▏[38;2;78;136;158;48;2;254;246;201m⢠[38;2;84;140;163;48;2;254;246;195m⡄[48;2;255;246;200m [38;2;65;127;157;48;2;251;219;177m▃[38;2;237;246;63;48;2;255;247;189m⢰[38;2;238;242;61;48;2;142;198;91m⠋[38;2;228;234;160;48;2;38;128;119m⠉[38;2;87;142;141;48;2;245;223;182m▁[38;2;63;112;145;48;2;246;214;176m▃[38;2;180;174;194;48;2;255;244;201m▕[48;2;117;141;194m [38;2;15;98;139;48;2;107;134;184m▃[38;2;234;238;80;48;2;113;138;187m⠸[38;2;244;247;73;48;2;148;190;83m⠉[48;2;165;204;79m [38;2;215;228;89;48;2;0;0;2m⠃ [38;2;12;17;25;48;2;0;0;0m⢀[38;2;7;15;27;48;2;26;40;64m⡁[48;2;33;49;80m [38;2;73;137;207;48;2;37;55;88m⣀[38;2;137;252;255;48;2;38;55;88m⣤[38;2;124;212;255;48;2;36;56;87m▃[38;2;25;39;69;48;2;251;255;255m⠌[38;2;254;255;255;48;2;0;0;0m⣄[38;2;255;255;255m▁▁⣠[38;2;254;255;253;48;2;31;50;87m⠇[38;2;12;13;25;48;2;30;41;67m⠸[38;2;200;96;4;48;2;0;0;0m▝[38;2;1;0;0;48;2;204;95;6m▁[48;2;201;93;5m [38;2;94;240;245;48;2;203;93;3m⠠[38;2;109;245;251;48;2;207;92;3m⠔[38;2;90;244;254;48;2;0;0;0m⠉  [38;2;252;246;198m⠐[38;2;83;105;161;48;2;253;242;195m⢤[38;2;255;242;188;48;2;3;80;120m⠉[38;2;0;82;120;48;2;254;245;190m▅[38;2;12;91;124;48;2;255;241;193m⣄[38;2;255;252;229;48;2;254;243;199m▍[38;2;255;241;195;48;2;255;242;199m▃[38;2;250;234;201;48;2;111;138;193m▏[48;2;220;186;152m [38;2;104;157;165;48;2;252;230;186m⡀[38;2;98;153;173;48;2;246;227;186m⢀[38;2;251;251;70;48;2;247;239;105m⣠[38;2;251;233;184;48;2;254;255;65m⠉[38;2;255;246;160;48;2;252;254;62m⠉[38;2;134;185;83;48;2;247;248;59m▁[38;2;230;243;66;48;2;137;193;86m⡄[48;2;136;189;87m [38;2;48;137;119;48;2;164;210;74m⢀[0m
[38;2;160;169;132;48;2;55;140;98m⠰[48;2;224;234;78m [38;2;56;130;163;48;2;227;217;186m⠈[38;2;71;135;162;48;2;233;200;166m⠁[48;2;248;218;176m [38;2;92;144;171;48;2;244;221;184m⠋[38;2;141;199;87;48;2;242;249;67m⣰[48;2;138;196;88m [38;2;122;189;96;48;2;1;90;117m⡄[48;2;3;95;125m [38;2;223;206;171;48;2;82;141;165m⣤[38;2;184;176;196;48;2;254;234;204m▕[38;2;120;140;190;48;2;73;109;177m▊[38;2;11;102;143;48;2;101;134;190m⠋[38;2;161;185;148;48;2;116;140;192m▁[38;2;8;3;0;48;2;241;248;74m⢀[38;2;0;1;0;48;2;185;210;76m⣠[38;2;230;237;85;48;2;0;0;0m⠂  [38;2;23;35;55;48;2;16;19;23m⠸[38;2;25;48;85;48;2;26;40;70m▝[38;2;52;107;170;48;2;31;48;81m⠙[38;2;31;75;127;48;2;93;166;238m⣤[38;2;75;115;173;48;2;102;188;248m▃[38;2;84;129;197;48;2;112;200;255m⣀[38;2;148;199;235;48;2;93;176;246m▔[38;2;254;255;254;48;2;53;106;173m⠉[38;2;255;255;255;48;2;34;54;86m⠁[48;2;34;53;88m [38;2;34;53;88;48;2;33;52;86m⡀[38;2;26;41;75;48;2;34;52;84m⠈[38;2;14;24;31;48;2;31;47;78m⠈[38;2;24;42;70;48;2;1;6;10m⣄[38;2;20;30;46;48;2;0;0;0m⣀[38;2;9;16;27m▁     [38;2;221;164;125;48;2;9;81;120m⠄[38;2;0;84;121;48;2;0;82;120m⣠[38;2;177;143;128;48;2;3;86;123m⠇[38;2;152;170;175;48;2;0;86;123m▕[38;2;235;227;206;48;2;255;240;195m▏[38;2;255;242;198;48;2;254;241;195m⢀[38;2;251;234;200;48;2;112;139;195m▏[38;2;234;209;161;48;2;72;130;155m▊[38;2;44;118;136;48;2;255;243;196m⠇[38;2;19;104;150;48;2;233;220;185m⠸[38;2;159;201;81;48;2;250;253;73m⢠[38;2;245;250;73;48;2;136;192;84m⠁[38;2;58;128;116;48;2;136;192;85m⢰[38;2;127;185;84;48;2;0;88;120m⠉[38;2;112;175;102;48;2;141;191;87m⠄[38;2;248;255;58;48;2;145;195;88m⠤[38;2;5;99;122;48;2;154;196;86m▝[0m
[38;2;0;79;114;48;2;0;79;114m [38;2;0;85;118;48;2;212;197;174m⠶[38;2;92;133;102;48;2;222;206;187m⠖[38;2;139;162;160;48;2;249;213;159m⡄[38;2;153;157;167;48;2;253;230;195m▕[38;2;140;146;146;48;2;255;244;137m▅[38;2;63;145;120;48;2;134;193;94m▁[38;2;2;93;120;48;2;100;171;113m⢐[48;2;0;86;115m [38;2;13;99;130;48;2;0;86;121m▕[38;2;82;129;153;48;2;232;209;176m▍[38;2;196;186;196;48;2;254;230;183m▕[48;2;118;142;196m [38;2;122;140;187;48;2;207;221;108m⠃[38;2;1;0;0;48;2;155;201;80m⢀[38;2;216;212;100;48;2;0;0;0m⠂[38;2;112;74;163;48;2;2;0;2m⠠[38;2;108;69;167;48;2;0;0;0m▅[38;2;168;122;205;48;2;0;0;5m⢄[38;2;253;204;255;48;2;0;0;0m▃[38;2;255;215;255;48;2;1;0;0m⡤[38;2;250;202;246;48;2;3;4;10m⢀[38;2;172;87;202;48;2;8;12;21m▃[38;2;104;63;157;48;2;16;25;45m⣀[38;2;7;7;16;48;2;29;45;80m▅[38;2;43;81;134;48;2;15;25;48m⠉[38;2;151;214;113;48;2;32;55;90m⢀[38;2;239;254;130;48;2;26;54;81m▃[38;2;88;190;111;48;2;36;54;87m▃[38;2;121;201;118;48;2;43;95;110m⣀[38;2;80;162;120;48;2;40;78;104m⣀[38;2;68;129;116;48;2;34;60;90m▃[38;2;51;126;115;48;2;37;60;93m▃[38;2;43;107;110;48;2;33;52;86m▅[38;2;53;135;126;48;2;34;58;91m▃[48;2;30;63;96m [38;2;16;130;128;48;2;16;28;45m⡀[38;2;0;79;115;48;2;5;7;10m▃[38;2;0;46;81;48;2;1;2;6m⢄[38;2;0;53;91;48;2;0;4;11m⡀[48;2;0;0;0m [38;2;255;239;209m▝[38;2;0;0;0;48;2;244;215;184m⡀[38;2;9;97;129;48;2;250;220;192m▔[38;2;2;93;127;48;2;248;217;186m▔[38;2;245;213;183;48;2;255;243;218m▅[38;2;244;209;182;48;2;255;242;199m▅[38;2;251;233;215;48;2;149;160;194m▅[48;2;255;247;215m [38;2;119;139;187;48;2;255;254;244m⣠[38;2;94;125;171;48;2;250;232;200m⡄[38;2;255;237;185;48;2;157;200;80m⠇[38;2;252;254;61;48;2;141;198;81m⣠[38;2;142;193;83;48;2;247;253;72m⢁[38;2;245;253;56;48;2;134;194;91m⠒[38;2;178;217;72;48;2;134;188;89m▔[38;2;128;184;92;48;2;132;189;89m⠠[38;2;70;149;109;48;2;250;255;50m▅[0m
[38;2;1;84;117;48;2;1;84;117m [38;2;250;223;177;48;2;13;107;119m⠙[38;2;86;147;97;48;2;226;205;168m⡀[38;2;238;242;61;48;2;120;130;173m▁[38;2;137;145;163;48;2;247;210;190m▏[38;2;113;132;170;48;2;174;168;182m⠰[38;2;0;99;125;48;2;255;236;188m⠉[38;2;212;193;177;48;2;70;119;151m⣠[38;2;233;206;184;48;2;56;106;163m⢰[38;2;7;99;137;48;2;216;204;172m⠁[38;2;81;162;126;48;2;175;171;174m⣠[38;2;91;167;97;48;2;251;227;183m⣠[38;2;92;165;102;48;2;139;154;191m▃[48;2;127;188;76m [38;2;145;194;105;48;2;0;0;0m⠒[38;2;60;166;132;48;2;1;1;3m⡠[38;2;103;61;163;48;2;0;2;1m⠈[38;2;160;93;206;48;2;2;0;4m⣁[38;2;90;57;93;48;2;173;94;215m⠣[38;2;178;88;211;48;2;4;0;7m⠉[38;2;16;0;20;48;2;254;245;255m▃[38;2;255;249;253;48;2;8;0;9m⣂[38;2;1;0;0;48;2;235;164;243m▃[38;2;13;0;12;48;2;184;101;222m⡠[38;2;221;114;242;48;2;3;0;13m⡄[38;2;35;104;121;48;2;0;1;27m⠠[38;2;1;0;0;48;2;152;209;116m⠓[38;2;191;229;116;48;2;0;5;6m⣄[38;2;0;4;0;48;2;210;244;92m⢤[38;2;1;1;3;48;2;250;255;135m▃[38;2;164;201;100;48;2;0;3;0m⢋[38;2;0;0;1;48;2;251;255;142m▍[38;2;3;1;0;48;2;195;220;110m⢀[38;2;87;170;101;48;2;247;255;100m▔[38;2;229;249;109;48;2;1;1;3m▝[38;2;79;133;108;48;2;141;224;109m⡈[38;2;75;182;112;48;2;21;75;119m⠳[48;2;2;101;141m [38;2;0;110;155;48;2;0;5;6m⠃[38;2;0;104;162;48;2;0;0;2m⠙[38;2;4;125;215;48;2;0;0;9m⠈[48;2;4;0;0m [38;2;249;215;188;48;2;0;0;0m⠐[48;2;250;211;189m [38;2;255;236;210;48;2;246;213;188m▁[38;2;255;240;225;48;2;249;217;190m⢰[38;2;255;235;183;48;2;255;255;251m⣤[38;2;117;137;191;48;2;254;230;184m⢰[48;2;116;135;188m [38;2;186;203;128;48;2;118;134;186m▁[38;2;149;198;81;48;2;222;237;76m⢠[48;2;139;192;84m [38;2;206;234;71;48;2;134;190;93m⠇[38;2;19;122;116;48;2;133;191;85m⢠[38;2;131;189;94;48;2;0;90;121m⠁[38;2;168;205;78;48;2;0;89;119m⠠[38;2;33;119;106;48;2;198;220;71m⠃[38;2;0;85;109;48;2;237;245;66m▁[0m
[38;2;8;90;110;48;2;109;172;92m▁[38;2;0;83;106;48;2;109;173;87m⣤[38;2;196;224;70;48;2;63;133;100m⠉[38;2;2;91;117;48;2;247;254;45m▅[38;2;45;132;134;48;2;218;233;58m⠔[38;2;255;255;238;48;2;55;75;125m▅[38;2;162;208;97;48;2;249;247;199m⢁[38;2;168;205;97;48;2;221;217;214m⣤[38;2;161;206;88;48;2;213;191;193m▅[38;2;27;109;145;48;2;174;206;96m⠈[38;2;164;204;90;48;2;0;93;125m▅[38;2;147;197;91;48;2;3;94;130m⣤[38;2;171;206;85;48;2;52;141;119m⣤[38;2;159;203;88;48;2;0;0;1m⡁ [38;2;39;150;126;48;2;1;1;3m⠚[38;2;104;62;161;48;2;4;0;0m⠈[38;2;3;0;13;48;2;107;88;168m▁[38;2;2;3;8;48;2;216;124;244m⣰[38;2;6;2;16;48;2;150;92;187m⠁[38;2;2;2;4;48;2;249;137;249m⣀[38;2;2;0;4;48;2;245;241;173m⢴[48;2;216;121;242m [38;2;0;3;4;48;2;197;107;226m⣰[38;2;7;0;18;48;2;185;108;227m⠊[48;2;0;0;13m [38;2;2;3;0;48;2;237;255;122m⡥[38;2;5;1;0;48;2;240;240;97m⡔[38;2;37;75;40;48;2;253;255;255m⠁[38;2;0;3;9;48;2;229;245;119m⣠[48;2;251;255;135m [38;2;243;249;81;48;2;0;4;6m⡆[38;2;249;248;114;48;2;1;1;1m⣤[38;2;172;223;118;48;2;0;3;0m⡄[38;2;0;3;2;48;2;191;225;95m⠉[38;2;156;224;115;48;2;0;4;6m⢠[38;2;21;158;110;48;2;0;1;2m⡠[38;2;0;102;122;48;2;2;0;5m⣄[38;2;27;130;187;48;2;0;21;29m⡀[38;2;18;127;199;48;2;1;35;51m⢠[48;2;0;8;18m [38;2;21;101;159;48;2;0;0;2m⠒[48;2;0;2;0m [38;2;244;206;178;48;2;0;0;2m⢘[38;2;222;243;68;48;2;242;209;179m▃[38;2;224;241;72;48;2;252;226;196m▃[38;2;205;231;73;48;2;255;235;183m▃[38;2;118;136;187;48;2;254;232;184m▝[38;2;186;219;72;48;2;121;148;177m⣠[38;2;234;247;63;48;2;143;192;77m⠋[38;2;53;140;112;48;2;139;193;84m⣀[38;2;2;98;123;48;2;138;193;87m⣤[38;2;55;154;117;48;2;1;113;132m▔[48;2;0;85;116m [38;2;238;254;49;48;2;0;82;113m⠠[38;2;243;250;48;48;2;0;86;118m⣤[38;2;0;86;113;48;2;241;248;50m⠋[38;2;3;87;107;48;2;222;230;71m⠉[0m
[38;2;106;174;94;48;2;0;84;112m⣤[38;2;0;83;114;48;2;103;172;92m⠋[38;2;0;83;115;48;2;204;207;177m⠉[38;2;61;126;131;48;2;253;249;211m▔[48;2;251;252;137m [38;2;59;143;171;48;2;247;246;240m⠶[38;2;51;142;177;48;2;237;249;243m⠶[38;2;101;220;228;48;2;234;250;243m⠶[38;2;143;193;207;48;2;215;235;158m⠂[38;2;86;115;173;48;2;250;246;233m⢀[38;2;155;201;93;48;2;254;246;220m▔[38;2;184;220;112;48;2;255;251;223m⠉[38;2;1;0;0;48;2;250;251;187m⢠[38;2;158;203;85;48;2;0;0;6m⠁[38;2;42;55;88;48;2;0;0;14m▊[38;2;41;52;84;48;2;66;166;126m⢋[38;2;134;200;137;48;2;0;2;0m⠃[38;2;2;1;1;48;2;112;189;112m⡉[38;2;225;242;104;48;2;10;8;7m⡤[38;2;96;118;80;48;2;1;1;1m⢠[38;2;39;142;125;48;2;188;222;102m⢁[38;2;242;251;105;48;2;0;7;9m⠃[38;2;113;70;170;48;2;0;0;4m⢰[38;2;143;80;175;48;2;0;0;9m▊[38;2;111;72;168;48;2;0;9;35m⢁[38;2;37;79;146;48;2;0;1;6m⠁[38;2;0;4;4;48;2;193;233;112m⡤[38;2;82;172;106;48;2;1;1;3m▕[38;2;212;237;102;48;2;0;3;0m▅[38;2;255;253;152;48;2;4;5;5m⠆[38;2;1;1;2;48;2;250;255;169m⠒[38;2;253;254;112;48;2;0;6;0m⡄[38;2;0;2;3;48;2;254;253;132m⣆[38;2;253;254;121;48;2;0;2;0m⠃[38;2;227;243;94;48;2;2;0;3m⣈[38;2;139;211;132;48;2;0;3;0m⢈[38;2;10;156;129;48;2;1;0;3m⡁[38;2;0;0;0;48;2;0;97;114m⠓[38;2;2;106;145;48;2;3;0;4m⡁[38;2;16;112;180;48;2;0;0;5m⡀[38;2;19;103;153;48;2;0;5;20m⢀[38;2;34;127;187;48;2;0;0;0m⡄ [38;2;210;217;122;48;2;0;1;0m▃[48;2;192;222;68m [38;2;85;146;241;48;2;230;246;255m⢀[38;2;68;137;229;48;2;208;233;72m⡀[38;2;221;242;71;48;2;205;232;66m⠍[38;2;83;96;147;48;2;194;227;69m⢀[38;2;63;151;106;48;2;169;211;74m▁[38;2;138;152;181;48;2;17;110;124m⢀[38;2;253;235;221;48;2;1;84;115m▃[38;2;252;255;131;48;2;0;83;114m▃[38;2;152;198;82;48;2;0;81;113m▃[38;2;221;244;85;48;2;0;89;112m⣀[38;2;224;243;78;48;2;2;87;109m▁[38;2;223;245;83;48;2;3;86;113m⣁[38;2;142;187;91;48;2;2;84;113m⣈[0m
[38;2;110;178;101;48;2;0;80;106m⠃[38;2;102;172;93;48;2;0;81;104m⠉[38;2;165;209;73;48;2;13;94;123m▔[38;2;221;224;195;48;2;1;80;115m⢉[38;2;252;249;213;48;2;72;139;136m⣡[38;2;109;138;176;48;2;255;252;219m⠉[38;2;187;217;78;48;2;251;239;212m⣀[38;2;239;249;64;48;2;252;241;213m▃[38;2;127;135;170;48;2;241;252;83m⠉[38;2;222;246;65;48;2;254;253;217m⣤[38;2;253;253;219;48;2;186;223;72m⠉[38;2;255;253;216;48;2;244;247;70m⠁[38;2;200;225;83;48;2;0;0;0m▏[48;2;0;0;1m [38;2;67;97;162;48;2;1;2;6m⡀[38;2;0;1;0;48;2;43;62;100m⣻[38;2;2;1;2;48;2;75;160;123m⠹[38;2;77;180;116;48;2;1;2;0m▝[38;2;73;175;124;48;2;0;2;2m⢃[38;2;43;150;115;48;2;2;0;5m⢈[38;2;0;2;2;48;2;116;194;106m⠋[38;2;41;94;114;48;2;147;215;110m⣠[48;2;0;7;1m [48;2;0;0;0m [38;2;12;79;136m⠁[38;2;58;174;136;48;2;0;0;2m⠸[38;2;17;49;73;48;2;193;226;106m⣤[48;2;2;1;1m [38;2;0;4;5;48;2;165;233;133m⠋[38;2;223;250;109;48;2;0;4;5m▏[38;2;0;2;0;48;2;144;204;103m⣤[38;2;121;192;94;48;2;0;2;12m⠁[38;2;21;139;138;48;2;157;210;99m⣈[38;2;140;204;106;48;2;0;2;1m⠈[38;2;106;189;116;48;2;0;2;0m⠋[38;2;64;162;112;48;2;0;2;3m⡈[38;2;1;1;1;48;2;6;111;139m▃[38;2;8;100;115;48;2;1;3;4m▝[38;2;34;111;176;48;2;0;0;2m⠃[48;2;0;0;3m [38;2;8;90;145;48;2;0;14;26m⢀[38;2;36;125;194;48;2;0;0;0m⡄[38;2;247;253;131m⠠[38;2;2;2;0;48;2;231;247;71m⠃[48;2;227;246;69m [38;2;211;237;67;48;2;145;189;180m⡆[38;2;200;235;83;48;2;65;126;194m▝[38;2;46;143;114;48;2;222;243;59m⠴[38;2;250;236;211;48;2;107;128;165m⡄[38;2;60;117;160;48;2;255;251;219m⠉[38;2;255;252;223;48;2;169;212;88m⠋[38;2;114;181;108;48;2;148;197;81m⣀[38;2;249;159;242;48;2;159;197;88m⠠[38;2;152;200;84;48;2;255;144;239m⣻[38;2;12;101;114;48;2;253;255;76m▃[38;2;1;82;118;48;2;255;255;71m▃[38;2;32;114;107;48;2;182;212;74m▃[38;2;0;80;112;48;2;134;187;85m▃[0m
[38;2;103;168;99;48;2;0;82;109m⢀[38;2;105;172;99;48;2;0;82;111m⣀[38;2;226;221;189;48;2;1;83;113m⠈[38;2;46;129;105;48;2;255;251;221m⣤[38;2;107;172;91m⣀[38;2;189;223;85;48;2;255;251;222m⣀[38;2;122;154;145;48;2;255;252;221m⠉[38;2;92;139;135;48;2;254;251;226m⠉[38;2;254;249;226;48;2;161;203;77m▅[38;2;254;254;222;48;2;124;157;141m▅[48;2;226;249;66m [38;2;181;218;79;48;2;2;1;1m⠋[38;2;101;153;225;48;2;42;59;97m⢀[38;2;90;143;214;48;2;42;54;93m⠭[38;2;92;140;212;48;2;0;6;19m⠂[38;2;52;70;107;48;2;0;0;0m⢈[38;2;0;2;2;48;2;41;61;98m⠖[38;2;73;159;121;48;2;0;1;0m⢠[38;2;0;4;1;48;2;73;161;123m▕[38;2;54;150;125;48;2;0;0;2m⠈[38;2;19;112;130;48;2;3;0;1m⠉[38;2;0;26;41;48;2;0;1;1m⠤[38;2;4;15;27;48;2;0;0;0m⠂ [38;2;99;149;219;48;2;0;0;2m⢀[38;2;109;179;253;48;2;0;1;3m⡄[38;2;178;105;216;48;2;55;66;129m▝[38;2;190;117;228;48;2;0;0;7m⠃[38;2;0;1;6;48;2;90;147;212m⠶[38;2;44;148;123;48;2;2;1;1m⢰[38;2;10;118;133;48;2;70;160;119m⣀[38;2;35;127;135;48;2;0;1;1m⠃[38;2;0;1;10;48;2;55;148;125m⠋[38;2;0;0;3;48;2;54;147;121m⣠[38;2;45;153;116;48;2;0;2;1m▝[48;2;30;125;126m [38;2;10;104;154;48;2;0;0;4m▏[38;2;10;116;184;48;2;1;14;28m⠔[38;2;33;97;149;48;2;0;0;4m⠐[38;2;44;136;193;48;2;0;5;7m⠂[48;2;0;0;0m [48;2;0;0;2m [48;2;0;0;0m [38;2;255;251;221;48;2;141;192;91m▅[38;2;254;250;222;48;2;91;141;138m▅[38;2;253;252;218;48;2;73;149;103m▅[38;2;150;149;166;48;2;254;251;218m▏[38;2;217;151;137;48;2;255;252;220m⢀[38;2;193;117;109;48;2;254;225;198m▁[38;2;221;233;89;48;2;249;245;181m⠚[38;2;254;250;220;48;2;188;224;79m▃[48;2;191;226;81m⣤[38;2;255;250;218;48;2;188;226;79m▃[38;2;66;154;126;48;2;186;223;81m⢉[38;2;185;222;74;48;2;125;182;106m⡒[38;2;218;211;118;48;2;135;48;62m⠢[38;2;189;109;65;48;2;93;16;60m⡤[38;2;0;83;109;48;2;111;175;93m▔[0m
[38;2;1;82;105;48;2;106;172;94m⣄[38;2;31;114;109;48;2;107;171;95m▁[38;2;3;82;112;48;2;104;171;90m⣠[38;2;0;82;109;48;2;105;171;92m▃[48;2;107;172;91m▅[38;2;185;219;92;48;2;25;112;104m⢀[38;2;35;121;103;48;2;253;255;108m⠃[38;2;255;255;110;48;2;255;255;102m⣠[38;2;255;255;108;48;2;255;254;104m▅[48;2;255;255;103m▅[48;2;255;254;104m [48;2;1;1;4m [38;2;45;65;100;48;2;0;1;0m⣠[38;2;41;83;159;48;2;0;0;10m⠤[38;2;28;50;97;48;2;104;167;244m⠭[38;2;97;162;238;48;2;26;41;91m⠥[48;2;0;3;6m [38;2;13;71;142;48;2;0;1;0m⢈[38;2;16;65;111;48;2;1;1;2m⠤[38;2;5;51;94;48;2;0;2;1m⠂[38;2;0;43;74;48;2;0;0;0m⠁ [38;2;34;52;84;48;2;0;4;0m⣠[38;2;0;1;5;48;2;31;49;83m⠁[38;2;68;120;183;48;2;41;57;90m⠈[38;2;56;110;185;48;2;33;52;85m⠃[38;2;2;0;2;48;2;33;52;86m⠉[38;2;37;59;97;48;2;58;104;159m▃[38;2;89;144;209;48;2;31;50;88m⠋[38;2;1;2;10;48;2;40;53;84m⢉[38;2;36;51;83;48;2;0;1;2m▅[38;2;0;1;5;48;2;32;47;80m⠈[38;2;27;108;119;48;2;0;0;1m▔[38;2;1;0;5;48;2;31;50;80m▍[38;2;15;19;26;48;2;36;50;78m⢈[48;2;0;0;0m   [38;2;10;117;209;48;2;0;3;10m⡄[38;2;7;92;162;48;2;0;17;28m⠔[48;2;0;0;0m [38;2;252;253;140m⢰[38;2;6;92;162;48;2;255;252;220m⠉[38;2;255;255;102;48;2;255;249;224m▃[38;2;255;255;100;48;2;254;250;222m▃[38;2;88;157;97;48;2;236;245;109m⠠[38;2;62;143;114;48;2;220;239;51m⠤[38;2;85;156;96;48;2;187;210;103m⠤[38;2;43;139;114;48;2;121;187;79m▃[38;2;21;121;119;48;2;161;212;80m▃[38;2;5;103;119;48;2;254;250;220m▅[38;2;103;34;54;48;2;255;250;221m▃[38;2;253;244;155;48;2;146;71;69m⡕[38;2;159;211;97;48;2;103;24;56m⢈[38;2;125;184;106;48;2;85;22;63m▃[38;2;201;234;100;48;2;62;144;108m⣀[38;2;223;245;93;48;2;0;81;113m▁[38;2;109;173;100;48;2;0;81;115m▔[0m
[38;2;105;173;93;48;2;0;82;111m⣤[38;2;105;173;91;48;2;0;83;109m⣤[38;2;105;171;91;48;2;3;87;114m▅[38;2;104;169;90;48;2;32;109;113m▅[38;2;105;170;94;48;2;211;234;99m▃[48;2;249;255;109m▁[38;2;156;199;110;48;2;250;255;113m▁[48;2;252;254;114m [38;2;253;255;114;48;2;251;255;116m⠉[38;2;253;255;112m⠉[38;2;1;1;1;48;2;253;255;114m⢰[38;2;46;64;102;48;2;1;1;1m▝[38;2;27;96;172;48;2;44;64;99m▁[38;2;31;104;170;48;2;1;5;23m⡁[38;2;36;63;121;48;2;0;0;2m⠥[38;2;25;91;159;48;2;1;0;1m⠐[38;2;25;82;153;48;2;0;1;0m⠈[48;2;0;0;0m   [38;2;0;0;0;48;2;23;31;55m⠋[38;2;28;43;80;48;2;3;5;17m⠎[38;2;9;15;24;48;2;27;42;72m⣀[38;2;3;10;23;48;2;27;41;66m▃[38;2;0;4;2;48;2;25;37;60m▃[38;2;24;38;66;48;2;0;0;2m⠃[38;2;6;14;25;48;2;28;40;66m⣠[38;2;12;17;21;48;2;30;46;74m▅[38;2;0;0;0;48;2;30;40;62m▅[38;2;18;27;48;48;2;0;0;0m▕[38;2;30;41;67;48;2;5;9;11m⠋[38;2;25;35;53;48;2;0;2;0m⠁[48;2;0;0;0m [38;2;16;27;45m⠈[38;2;23;27;36m⠁  [38;2;0;0;0;48;2;29;129;198m▅[48;2;0;2;0m [38;2;216;220;129;48;2;0;0;2m⢀[38;2;251;253;114;48;2;0;0;0m⢀[38;2;8;1;2;48;2;252;255;112m⠁[38;2;208;236;89m⠐[38;2;196;224;89;48;2;250;255;110m⠒[38;2;207;233;88;48;2;252;255;110m⠤[38;2;208;234;85;48;2;252;255;108m⠤[38;2;253;254;110;48;2;197;226;87m⣻[38;2;243;250;98;48;2;229;243;97m⣻[38;2;115;39;51;48;2;254;255;104m⢀[38;2;87;41;12;48;2;255;245;161m⠔[38;2;121;62;69;48;2;240;194;109m⢀[38;2;255;241;195;48;2;106;41;62m⠊[38;2;242;206;143;48;2;80;24;66m⢀[38;2;79;21;61;48;2;244;255;98m⠇[38;2;236;246;54;48;2;242;255;93m⣀[38;2;115;178;91;48;2;238;254;100m⢠[38;2;242;255;94;48;2;108;174;90m⠁[38;2;107;176;89;48;2;0;80;117m▅[0m
[38;2;1;83;110;48;2;105;173;91m⣀[38;2;31;116;108;48;2;105;170;94m▁[38;2;106;171;95;48;2;1;81;111m⠙[38;2;0;82;111;48;2;105;170;92m⣤[38;2;105;170;93;48;2;0;82;111m⠉[38;2;103;169;94;48;2;0;82;109m⠉[38;2;239;255;107;48;2;25;113;109m⢀[38;2;127;181;114;48;2;244;254;107m⠁[38;2;246;254;112;48;2;248;255;113m⣀[38;2;249;255;114m⠙[48;2;249;255;114m [38;2;1;1;0m⣠[48;2;1;0;0m [48;2;0;0;0m      [38;2;9;14;24m⠈[38;2;15;22;33m▔ [38;2;8;11;14m▔   [48;2;1;1;1m [48;2;0;0;0m    [38;2;42;194;236m⢀[38;2;47;181;223;48;2;0;3;5m⠂[38;2;41;166;231;48;2;0;0;0m▁[38;2;66;162;220;48;2;0;1;0m⠤[38;2;42;156;231;48;2;0;0;0m⠁[38;2;40;224;241m⢀[38;2;12;157;181;48;2;2;3;2m⠔[38;2;238;253;129;48;2;0;1;2m⣠[48;2;253;254;114m [38;2;248;253;110;48;2;249;254;113m▃[38;2;248;253;108m▃[48;2;250;255;112m▃[38;2;249;255;109m▃[48;2;252;255;112m [38;2;105;37;54;48;2;253;255;110m⡠[38;2;114;38;59;48;2;255;252;174m⠒[38;2;99;37;49;48;2;255;249;158m⢈[38;2;175;102;87;48;2;200;150;52m⣤[38;2;190;131;74;48;2;75;21;64m⠋[38;2;244;254;107;48;2;74;19;64m⢀[38;2;78;19;63;48;2;245;255;104m⠋[48;2;241;254;102m [38;2;26;117;116;48;2;208;231;71m⠲[38;2;173;210;80;48;2;2;84;115m⠉[38;2;0;81;113;48;2;109;174;94m▅[38;2;111;176;88;48;2;0;82;111m⠋[38;2;108;176;89m⠁[0m
[38;2;108;174;90;48;2;0;82;111m▃[38;2;106;172;93m▃[38;2;105;170;94;48;2;0;86;108m⣤[38;2;8;94;110;48;2;103;170;90m⠉[38;2;103;170;92;48;2;27;112;108m▅[38;2;104;171;94;48;2;184;225;97m▃[38;2;106;170;94;48;2;242;255;101m⣀[38;2;82;146;98;48;2;244;254;106m⡀[48;2;245;255;108m [38;2;1;1;0;48;2;245;255;99m⣠[38;2;92;161;225;48;2;0;3;3m⠡[38;2;140;205;243;48;2;48;63;103m⠊[38;2;39;58;97;48;2;1;3;1m⠇[48;2;0;0;0m    [48;2;4;0;0m [38;2;220;243;83;48;2;0;0;0m▁[48;2;0;0;3m [38;2;179;81;12;48;2;0;1;0m⢀[38;2;181;81;10;48;2;0;0;1m⡄[48;2;0;0;0m      [38;2;61;172;172;48;2;0;0;2m⠄[48;2;0;0;0m [38;2;47;155;193m⠈   [38;2;44;161;201m⠠[38;2;45;218;240;48;2;73;16;64m⠐[38;2;77;18;65;48;2;246;250;118m▃[38;2;242;254;98;48;2;81;19;69m⠚[38;2;82;19;66;48;2;244;255;101m⣤[38;2;83;15;55;48;2;244;254;103m⣤[38;2;87;26;66;48;2;245;253;105m▅[38;2;96;35;68;48;2;246;253;105m▅[38;2;250;252;117;48;2;142;70;72m⠍[38;2;168;91;40;48;2;255;238;141m⣀[38;2;166;98;52;48;2;255;225;135m⣁[38;2;228;157;76;48;2;165;95;50m⠖[38;2;255;245;133;48;2;159;88;69m⠁[48;2;82;17;56m [38;2;242;247;83;48;2;73;20;64m⣀[38;2;74;21;67;48;2;255;255;72m⠋[38;2;153;197;77;48;2;249;255;77m⣀[48;2;250;253;62m [38;2;238;254;102;48;2;249;252;59m⠉[38;2;173;213;75;48;2;240;255;92m⢀[48;2;174;221;103m [38;2;6;92;110;48;2;156;203;80m▔[38;2;195;229;76;48;2;13;97;109m⠖[38;2;127;183;104;48;2;0;80;110m⠂[0m
[38;2;7;91;105;48;2;106;172;93m⣀[38;2;4;94;107;48;2;104;171;93m⣰[38;2;0;80;108;48;2;105;170;96m⣤[38;2;0;79;107;48;2;104;171;94m▃[38;2;98;163;96;48;2;0;81;111m▔[38;2;104;171;93m▔[38;2;215;240;81;48;2;6;93;109m⣠[48;2;219;242;79m [38;2;242;254;101;48;2;1;1;1m⠁[38;2;0;0;4;48;2;38;53;87m⢁[38;2;0;0;0;48;2;37;51;88m⣠[38;2;55;64;86;48;2;0;0;0m⠁    [38;2;215;244;82m⢀[38;2;0;0;0;48;2;218;244;81m⠃[38;2;0;4;0;48;2;219;244;80m⢀[38;2;28;29;2;48;2;222;247;79m▃[38;2;252;208;68;48;2;18;18;0m▁[48;2;246;156;5m [38;2;241;163;23;48;2;0;0;0m▅[38;2;247;175;64m⣀[48;2;0;1;5m [38;2;75;14;61;48;2;0;0;0m▃[38;2;76;14;64m▃[38;2;72;15;62m▃[38;2;68;13;64m▃[38;2;65;10;64m▃[38;2;66;9;65m⣤[38;2;205;79;7;48;2;12;0;0m⠠[38;2;201;178;101;48;2;40;8;49m⣤[38;2;167;62;28;48;2;43;4;50m⠈[38;2;173;55;9;48;2;230;137;0m▏[38;2;129;164;163;48;2;71;15;65m⠄[48;2;76;13;64m [48;2;78;14;64m [38;2;149;75;69;48;2;79;19;62m⠈[38;2;153;79;79;48;2;84;22;63m▔[38;2;178;104;79;48;2;85;22;64m⠒[38;2;86;23;47;48;2;213;137;86m▅[38;2;90;25;56;48;2;208;140;81m▅[38;2;185;115;90;48;2;86;26;60m⠠[48;2;97;29;36m [38;2;193;137;57;48;2;75;16;57m⢄[38;2;203;136;82;48;2;74;15;55m⢀[38;2;211;235;85;48;2;77;21;67m⠰[48;2;217;241;79m [38;2;249;255;74;48;2;151;203;82m⠇[38;2;232;242;64;48;2;145;198;80m⠈[38;2;210;232;65;48;2;142;198;81m⠁[48;2;141;196;82m [38;2;233;247;49;48;2;149;195;84m⣠[48;2;233;245;47m [38;2;223;238;61;48;2;35;102;107m▅[38;2;113;176;86;48;2;1;85;113m▅[38;2;3;85;114;48;2;109;176;87m⠉[0m
[38;2;1;78;107;48;2;1;78;107m [38;2;0;79;109;48;2;0;79;107m⣰[38;2;0;78;111;48;2;0;79;109m⡀ [38;2;209;237;82;48;2;1;82;107m⠲[38;2;0;84;109;48;2;215;237;76m▁[38;2;66;141;111;48;2;214;240;81m▁[48;2;217;240;82m [38;2;217;240;82;48;2;2;0;0m▃[38;2;217;241;80;48;2;0;0;0m▃[38;2;217;241;78m⣤[38;2;0;0;1;48;2;217;241;78m⠁ [38;2;2;1;0;48;2;217;241;80m⠙[38;2;218;242;81;48;2;0;0;0m⣤[38;2;0;0;0;48;2;218;242;83m⠉[38;2;107;35;63;48;2;217;243;81m⣀[38;2;111;34;66;48;2;219;243;82m▃[38;2;90;19;65;48;2;189;107;68m⠧[38;2;223;127;5;48;2;196;94;5m⡈[38;2;236;142;7;48;2;82;10;70m⠉[38;2;250;176;4;48;2;72;8;58m⠙[38;2;87;35;0;48;2;238;178;52m⡈[38;2;37;3;0;48;2;253;201;30m⢲[38;2;30;3;27;48;2;255;194;14m⡀[38;2;253;168;13;48;2;85;40;63m⡆[48;2;102;30;66m [38;2;149;78;86;48;2;95;26;57m⠠[38;2;79;19;66;48;2;88;23;69m⣠[38;2;29;81;143;48;2;79;16;67m⣀[38;2;27;82;148m⣀[38;2;34;6;30;48;2;217;127;12m▊[38;2;20;75;143;48;2;224;121;19m⣀[38;2;160;191;130;48;2;18;78;144m▁[38;2;243;254;80;48;2;28;76;106m▁[38;2;239;251;94;48;2;28;77;143m⣁[38;2;241;254;80;48;2;28;80;147m⣀[38;2;241;255;77;48;2;30;85;148m▃[38;2;241;255;76;48;2;30;83;149m▃[38;2;240;255;76;48;2;31;82;149m⣠[38;2;240;255;82;48;2;29;83;151m⣤[38;2;238;254;78;48;2;28;78;150m⣤[38;2;235;252;77;48;2;28;78;149m⣤[38;2;236;254;75;48;2;27;75;145m⣤[38;2;220;250;76;48;2;26;76;144m⡀[38;2;87;16;58;48;2;27;77;146m⠙[38;2;155;89;53;48;2;86;15;45m⠡[38;2;203;122;55;48;2;124;58;63m⠈[38;2;163;210;82;48;2;149;79;43m⠈[38;2;103;40;65;48;2;149;200;80m⢄[38;2;246;162;245;48;2;140;187;97m⠐[48;2;144;202;83m [38;2;186;224;82;48;2;60;134;113m⡉[38;2;15;103;115;48;2;158;202;89m⣤[38;2;22;111;108;48;2;112;176;88m▃[38;2;3;89;106;48;2;113;177;89m▃[38;2;2;86;114;48;2;112;177;89m▁[38;2;1;82;116;48;2;112;176;88m⣠[0m
[38;2;240;249;50;48;2;0;82;109m▃[38;2;240;249;51;48;2;0;82;110m⣀[48;2;0;81;115m [38;2;0;79;112;48;2;0;80;110m▃[38;2;0;80;110;48;2;0;79;107m▃[38;2;0;80;108;48;2;0;79;109m⠙[48;2;0;80;110m [38;2;142;194;101m▔[38;2;216;241;82;48;2;1;83;112m⠙[38;2;128;60;52;48;2;219;243;83m▃[38;2;102;41;33;48;2;219;244;81m⠤[38;2;164;108;85;48;2;218;242;81m⢄[38;2;123;44;66;48;2;219;242;80m⡒[38;2;255;246;147;48;2;125;46;69m▅[38;2;255;247;169;48;2;164;85;51m⡦[38;2;165;90;54;48;2;255;242;135m⠋[38;2;161;78;53;48;2;221;176;87m⣀[38;2;240;206;127;48;2;196;117;67m⡁[38;2;222;165;91;48;2;181;94;71m⠄[38;2;230;179;98;48;2;174;90;51m▔[38;2;168;93;50;48;2;88;21;37m⠖[38;2;169;86;50;48;2;72;14;68m⠂[38;2;242;154;11;48;2;50;9;70m⢸[48;2;46;0;48m [38;2;42;53;105;48;2;218;134;46m▊[38;2;246;147;6;48;2;23;91;145m⠃[38;2;233;255;89;48;2;23;80;150m⢀[38;2;224;248;88;48;2;25;83;150m▃[38;2;225;248;82;48;2;25;85;151m⣤[38;2;219;244;80;48;2;27;84;151m▅[38;2;27;82;150;48;2;215;241;83m⠉[38;2;25;81;151;48;2;215;241;81m▔[48;2;213;239;78m [38;2;216;240;79;48;2;210;240;81m⠙[38;2;225;248;73;48;2;211;240;80m▔[38;2;239;253;74;48;2;210;241;80m▔[38;2;213;240;75;48;2;211;240;80m▔[38;2;210;239;78;48;2;209;239;81m⠁[38;2;223;237;71;48;2;210;239;79m⢀[38;2;141;196;82;48;2;220;246;66m⢀[38;2;229;244;62;48;2;141;194;81m⠋[38;2;228;244;58;48;2;141;195;85m⠉[38;2;89;159;92;48;2;144;197;80m⢀[38;2;9;96;102;48;2;151;199;83m▁[38;2;0;82;113;48;2;170;211;79m⣤[38;2;147;203;100;48;2;0;84;113m⠓[38;2;115;178;89;48;2;28;78;150m⢄[48;2;28;80;147m [38;2;148;74;77;48;2;130;53;80m⠙[38;2;242;180;81;48;2;146;77;78m⠈[38;2;232;161;84;48;2;151;81;55m⠪[38;2;140;65;33;48;2;144;201;81m⡄[48;2;139;197;82m [38;2;3;86;112;48;2;138;197;85m⠉[38;2;140;196;83;48;2;0;84;110m⣤[48;2;0;78;111m  [38;2;251;206;120;48;2;1;81;112m⢠[0m
[38;2;116;39;67;48;2;182;215;60m▁[38;2;118;39;71;48;2;220;239;61m⣀[38;2;121;38;57;48;2;255;245;173m⠨[38;2;255;254;174;48;2;1;84;114m▃[38;2;255;253;151;48;2;10;77;110m⣤[38;2;255;248;154;48;2;106;53;79m▅[38;2;143;79;59;48;2;255;250;183m⠭[38;2;125;42;69;48;2;255;227;140m▔[38;2;193;124;49;48;2;255;248;182m⢀[38;2;255;255;174;48;2;189;110;53m⠍[38;2;189;109;47;48;2;255;234;176m▃[38;2;98;28;60;48;2;232;202;96m▃[38;2;91;25;62;48;2;214;153;71m▃[38;2;248;213;120;48;2;152;77;72m⠒[38;2;255;246;165;48;2;141;83;64m⠉[48;2;111;41;28m [38;2;230;175;100;48;2;79;20;47m▔[38;2;161;79;42;48;2;73;17;59m⠑[38;2;163;90;48;48;2;54;24;80m⠉[38;2;74;19;67;48;2;29;79;149m⠋[38;2;186;228;106;48;2;26;79;148m⢀[38;2;193;233;91;48;2;26;79;147m▃[38;2;25;75;144;48;2;195;234;91m⠓[38;2;198;235;90;48;2;27;76;140m▅[38;2;27;85;146;48;2;215;242;81m▔[48;2;221;246;85m [38;2;200;234;86;48;2;233;255;84m⣀[38;2;204;239;92;48;2;236;255;85m▁[38;2;211;240;80;48;2;237;255;84m▔[38;2;205;241;92;48;2;234;255;88m▁[38;2;207;239;94;48;2;238;255;91m▁[38;2;216;243;85m⠉[38;2;213;241;83;48;2;237;255;87m⠉[38;2;210;238;83;48;2;237;253;87m⠉[38;2;238;255;83;48;2;210;240;82m▅[48;2;229;248;83m [38;2;140;192;83;48;2;209;239;81m⣠[38;2;222;245;65;48;2;138;191;82m⠉[48;2;140;192;83m [38;2;11;94;109;48;2;140;193;80m▃[38;2;141;194;81;48;2;238;155;232m⡉[38;2;170;141;167;48;2;71;135;110m⢆[38;2;1;87;112;48;2;236;248;55m⠋[38;2;64;129;99;48;2;238;250;51m⠉[38;2;1;83;112;48;2;225;244;62m⠉[38;2;158;204;79;48;2;1;93;122m⣤[38;2;140;196;84;48;2;206;154;208m⢉[48;2;142;192;87m [38;2;36;84;145;48;2;140;194;87m⠙[48;2;64;29;79m [38;2;143;74;79;48;2;70;22;72m⠉[38;2;88;16;64;48;2;172;94;57m⡌[38;2;166;85;46;48;2;142;194;90m⡢[38;2;51;137;102;48;2;134;191;105m▝[38;2;255;243;144;48;2;0;82;111m⣀[38;2;255;247;149;48;2;0;81;113m⣀[38;2;255;244;144;48;2;26;68;99m⡠[38;2;251;204;130;48;2;96;26;51m⠃[0m
[38;2;115;38;63;48;2;255;251;152m▔[38;2;194;111;57;48;2;253;252;172m⣀[38;2;255;252;174;48;2;191;116;57m⠍[38;2;255;240;171;48;2;189;119;58m⠑[48;2;195;119;60m [38;2;246;200;104;48;2;180;109;58m⠅[38;2;255;216;161;48;2;176;109;61m⠊[38;2;255;236;163;48;2;172;103;51m⠁[38;2;174;102;50;48;2;87;27;51m⡡[38;2;84;25;66;48;2;152;88;67m⣻[38;2;183;123;54;48;2;84;25;61m⠐[38;2;158;102;52;48;2;80;16;57m⠊[38;2;208;144;74;48;2;71;15;66m⠉[38;2;148;85;62;48;2;74;17;64m▔[38;2;22;84;154;48;2;78;17;67m⣠[38;2;183;226;96;48;2;23;78;152m▁[38;2;184;229;96;48;2;25;79;152m▃[38;2;26;80;153;48;2;187;235;99m⠋[38;2;27;81;156;48;2;189;232;97m⠉[48;2;188;231;96m [38;2;179;227;108;48;2;191;232;91m▁[38;2;173;222;107m⣀[38;2;184;231;105;48;2;189;233;93m⣀[38;2;180;226;102;48;2;189;230;88m▃[38;2;177;224;107;48;2;189;232;95m⣀[38;2;183;229;107;48;2;188;231;94m⣀[38;2;179;224;102;48;2;188;232;101m⣀[38;2;171;221;109;48;2;188;230;98m⣀[38;2;182;227;103;48;2;187;231;98m▃[38;2;183;226;101;48;2;189;232;97m⣀[38;2;177;223;104;48;2;192;232;98m▁[38;2;190;231;98;48;2;195;231;94m▁[38;2;197;233;95;48;2;194;232;94m▏[38;2;194;232;94;48;2;195;232;90m⠂[38;2;201;234;84;48;2;187;229;87m⠉[48;2;176;222;83m [38;2;0;84;110;48;2;139;192;86m▁[48;2;137;191;84m [38;2;131;187;86;48;2;1;89;110m⣁[38;2;251;157;251;48;2;0;82;111m⢠[38;2;230;148;227;48;2;1;86;115m⣤[38;2;96;160;92;48;2;139;192;86m⠁[48;2;137;191;84m   [38;2;1;88;108;48;2;139;193;84m⢀[38;2;138;196;91;48;2;0;81;108m⠋[38;2;139;195;90;48;2;0;80;108m⠉[38;2;139;195;89;48;2;0;80;110m⠉[38;2;136;192;86;48;2;1;82;106m⠑[38;2;135;192;98;48;2;64;22;66m⢄[38;2;141;191;97;48;2;50;35;35m▁[38;2;102;154;124;48;2;67;16;37m▁[38;2;161;72;64;48;2;86;46;96m▔[38;2;176;88;78;48;2;0;82;110m▔[38;2;181;93;79;48;2;0;80;111m▔[38;2;166;86;80;48;2;66;16;71m▔[38;2;75;20;70;48;2;0;80;110m⠃[0m
[38;2;180;118;44;48;2;175;99;65m⠡[48;2;178;95;56m [38;2;195;122;55;48;2;119;47;58m⠐[38;2;179;101;61;48;2;87;31;60m⢊[38;2;90;23;53;48;2;172;100;52m⢊[38;2;77;15;57;48;2;172;101;52m⣠[48;2;81;14;66m [38;2;173;102;53;48;2;79;16;67m⠁[48;2;79;16;66m [48;2;114;51;69m [48;2;75;14;68m [38;2;9;74;159;48;2;75;18;67m⢁[38;2;154;215;122;48;2;51;72;150m⢀[38;2;23;80;162;48;2;154;215;124m⠋[38;2;23;85;156;48;2;158;215;124m⠁[38;2;153;215;126;48;2;175;224;102m▅[38;2;153;214;130;48;2;171;222;107m⣤[48;2;179;224;104m▅[38;2;152;213;130;48;2;178;223;111m⣤[38;2;152;213;131;48;2;171;218;114m▅[38;2;171;219;110;48;2;150;212;129m⠉[38;2;162;217;113;48;2;150;214;130m⠉[38;2;161;215;123m⠉[38;2;168;223;116;48;2;152;213;128m▔[38;2;172;223;116;48;2;150;212;127m▔[38;2;170;220;117m▔[38;2;167;219;117;48;2;150;212;128m▔[38;2;162;214;121;48;2;150;212;127m⠉[38;2;164;215;117;48;2;150;212;125m⠉[48;2;151;212;115m [38;2;220;245;64;48;2;152;212;122m⣀[38;2;229;252;61;48;2;160;213;116m⣀[38;2;0;83;113;48;2;171;221;98m⢠[38;2;186;226;92;48;2;1;83;114m⠁[38;2;178;228;85;48;2;0;81;113m▔ [38;2;138;194;88;48;2;0;82;111m⣠[38;2;12;96;115;48;2;140;194;83m⠓ [38;2;0;83;109;48;2;141;196;84m⣠[38;2;0;84;109m⣤[38;2;0;80;110;48;2;140;194;86m▅[38;2;1;83;111;48;2;137;193;88m⣄[38;2;255;153;255;48;2;141;190;93m⢠[38;2;255;149;254;48;2;138;191;86m⡄[38;2;0;84;111;48;2;122;185;86m⠸[38;2;138;194;87;48;2;0;82;111m▃[38;2;139;195;84;48;2;0;80;110m▃[38;2;139;196;86;48;2;0;80;111m⡀[48;2;0;80;112m [38;2;124;186;96;48;2;0;80;110m⠈[38;2;0;81;113;48;2;135;184;100m▅[48;2;0;81;113m [48;2;0;82;111m▃⣠▃[48;2;0;80;110m▃[38;2;0;77;115m▕[0m
[?25h