[?25l[0m[38;2;45;45;22;48;2;45;45;22m▔▔▔▔▔▔▔▔▔▔▔▔▔▔▔▔▔▔▔▔▔▔▔▔▔▔▔▔▔▔▔▔▔▔▔▔▔▔▔▔▔▔▔▔▔▔▔▔▔▔▔▔▔▔▔▔▔▔▔▔▔▔▔▔▔▔▔▔▔▔▔▔▔▔▔▔▔▔▔▔▔▔▔▔▔▔▔▔▔▔[0m
[38;2;45;45;22;48;2;45;45;22m▔▔[38;2;49;49;24m▂[38;2;52;53;27m▃[38;2;56;58;30m▃[38;2;58;59;31m▃▃[38;2;56;58;30m▃[38;2;52;53;27m▃[38;2;48;49;24m▂[38;2;45;45;22m▔▔▔▔▔▔▔▔▔[38;2;46;47;23m▁[38;2;50;50;25m▂[38;2;53;54;28m▃▃[38;2;50;50;25m▂[38;2;46;47;23m▁[38;2;45;45;22m▔▔[38;2;47;48;24m▂▃[38;2;45;45;22;48;2;47;48;24m▀▀[38;2;47;48;24;48;2;45;45;22m▃▂[38;2;45;45;22m▔▔▔[38;2;47;48;24m▂▃▃▂[38;2;45;45;22m▔▔▔▔▔▔▔▔▔▔▔▔▔▔▔▔▔▔[38;2;48;49;24m▂[38;2;52;53;27m▃[38;2;56;58;30m▃[38;2;58;59;31m▃▃[38;2;56;58;30m▃[38;2;52;53;27m▃[38;2;49;49;24m▂[38;2;45;45;22m▔▔▔▔▔▔▔▔▔▔▔▔▔▔▔▔▔▔▔▔▔▔▔▔[0m
[38;2;45;45;22;48;2;45;45;22m▔[38;2;81;81;42;48;2;47;48;24m▕[38;2;160;157;83;48;2;174;170;91m▗[38;2;33;33;32;48;2;175;171;92m▗[38;2;32;32;32;48;2;176;173;94m▗[48;2;177;174;94m▖▗[48;2;176;173;93m▖[38;2;35;35;33;48;2;175;171;92m▖[38;2;136;133;69;48;2;158;154;80m▐[38;2;95;127;84;48;2;109;144;98m▗[38;2;109;144;98;48;2;94;126;84m▀▀▀▀▀▀[38;2;82;110;73m▐[38;2;155;152;78;48;2;174;170;90m▗[38;2;174;170;91;48;2;156;153;79m▀[38;2;174;171;91;48;2;160;158;84m▀[38;2;32;32;32;48;2;175;172;93m▗[48;2;175;172;92m▖[38;2;175;171;92;48;2;160;158;84m▀[38;2;174;171;91;48;2;156;153;79m▀[38;2;135;132;67;48;2;156;152;78m▐[38;2;99;130;86;48;2;109;145;99m▗[38;2;110;145;99;48;2;102;132;86m▀[38;2;112;146;99;48;2;108;137;89m▀[38;2;112;147;99;48;2;112;139;91m▀▀[48;2;108;136;88m▀[38;2;110;145;99;48;2;102;132;86m▀[38;2;85;112;75;48;2;96;128;85m▐[38;2;156;152;79;48;2;174;170;91m▗[38;2;174;170;91;48;2;156;153;79m▀[48;2;158;155;81m▀[38;2;174;171;91;48;2;160;158;83m▀[48;2;160;158;84m▀[38;2;174;170;91;48;2;158;155;81m▀[48;2;156;153;79m▀[38;2;135;132;67;48;2;156;152;79m▐[38;2;94;126;84;48;2;109;144;98m▗[38;2;109;144;98;48;2;94;126;84m▀▀▀▀▀▀[38;2;83;112;74m▐[38;2;155;151;78;48;2;174;170;90m▗[38;2;174;170;90;48;2;155;151;78m▀▀▀▀▀▀[38;2;136;133;69;48;2;155;152;78m▐[38;2;105;134;88;48;2;112;146;99m▗[38;2;39;41;37;48;2;113;147;100m▗[38;2;32;32;32;48;2;127;151;96m▗[48;2;130;154;97m▖[48;2;124;155;103m▗[48;2;118;151;101m▖[38;2;38;39;36;48;2;114;147;100m▖[38;2;86;113;74;48;2;103;132;87m▐[38;2;58;64;35;48;2;47;48;24m▏[38;2;47;48;24;48;2;45;45;22m▖[38;2;45;45;22m▔▔▔▔▔▔▔▔▔▔▔▔▔▔▔▔▔▔▔▔▔▔[0m
[38;2;45;45;22;48;2;45;45;22m▔[38;2;84;84;45;48;2;50;50;25m▕[38;2;159;157;83;48;2;175;172;92m▐[38;2;32;32;32;48;2;163;163;87m▝[38;2;172;174;96;48;2;32;32;32m▖[38;2;32;32;32m▔▔[38;2;171;174;98m▗[38;2;32;32;32;48;2;164;163;88m▘[38;2;138;136;70;48;2;160;157;83m▐[38;2;95;127;84;48;2;111;146;99m▐[48;2;94;126;84m▍[38;2;94;126;84m▔▔▔▔▔[38;2;83;111;73m▐[38;2;156;152;79;48;2;174;170;91m▐[38;2;159;157;83;48;2;157;154;80m▐[38;2;32;32;32;48;2;164;163;88m▗[48;2;157;157;157m▊[38;2;157;157;157;48;2;32;32;32m▍[38;2;32;32;32;48;2;164;163;88m▖[38;2;160;159;84;48;2;158;155;81m▖[38;2;137;134;69;48;2;156;153;79m▐[38;2;106;136;88;48;2;114;146;97m▐[38;2;38;40;36;48;2;115;142;91m▝[38;2;117;143;92;48;2;32;32;32m▘[38;2;124;149;95m▘▝[38;2;118;144;93m▝[38;2;39;41;37;48;2;119;145;93m▘[38;2;95;120;78;48;2;107;134;87m▐[38;2;159;157;83;48;2;175;172;92m▐[38;2;32;32;32;48;2;160;158;83m▗[48;2;163;162;87m▖[38;2;172;174;97;48;2;32;32;32m▖▗[38;2;32;32;32;48;2;163;162;87m▗[48;2;160;159;84m▖[38;2;138;135;70;48;2;158;155;81m▐[38;2;95;127;84;48;2;111;146;99m▐[48;2;94;126;84m▖[38;2;94;126;84m▔▔▔▔▔[38;2;83;112;74m▐[38;2;155;151;78;48;2;174;170;90m▐[48;2;155;151;78m▔▔▔▔▔[38;2;155;152;78m▐[38;2;136;133;69;48;2;155;152;78m▐[38;2;108;137;90;48;2;116;148;99m▐[38;2;32;32;32;48;2;118;144;93m▝[38;2;135;158;99;48;2;32;32;32m▖[38;2;32;32;32m▔▔[38;2;136;159;100m▗[38;2;32;32;32;48;2;118;144;93m▘[38;2;91;116;76;48;2;108;137;89m▐[38;2;62;67;38;48;2;50;50;25m▏[38;2;45;45;22;48;2;47;48;24m▐[48;2;45;45;22m▔▔▔▔▔▔▔▔▔▔▔▔▔▔▔▔▔▔▔▔▔▔[0m
[38;2;45;45;22;48;2;45;45;22m▔[38;2;83;83;44;48;2;49;49;24m▕[38;2;158;156;81;48;2;175;172;92m▐[38;2;161;159;85;48;2;164;163;88m▏[38;2;172;174;96;48;2;32;32;32m▘[38;2;157;157;157m▂[38;2;128;128;128m▂[38;2;171;173;96m▝[38;2;162;161;86;48;2;167;167;91m▐[38;2;138;136;70;48;2;158;156;82m▐[38;2;95;127;84;48;2;111;146;99m▐[48;2;94;126;84m▍[38;2;94;126;84m▔▔▔▔▔[38;2;83;111;73m▐[38;2;157;153;79;48;2;174;170;91m▐[38;2;162;161;86;48;2;158;156;82m▐[38;2;32;32;32;48;2;167;168;92m▗[38;2;149;149;149;48;2;32;32;32m▗[38;2;133;133;133m▖[38;2;32;32;32;48;2;168;168;92m▖[38;2;163;162;87;48;2;159;157;82m▍[38;2;138;136;70;48;2;158;154;80m▐[38;2;112;140;90;48;2;116;149;100m▐[38;2;32;32;32;48;2;123;149;95m▝[38;2;136;136;136;48;2;32;32;32m▝[38;2;32;32;32;48;2;146;146;146m▆[48;2;136;136;136m▆[38;2;136;136;136;48;2;32;32;32m▘[38;2;32;32;32;48;2;129;149;95m▘[38;2;100;124;80;48;2;114;140;91m▐[38;2;163;162;87;48;2;169;169;93m▕[38;2;166;166;90;48;2;32;32;32m▞[38;2;172;174;96m▘[38;2;138;138;138m▞[38;2;32;32;32;48;2;139;139;139m▞[38;2;172;174;97;48;2;32;32;32m▝[38;2;32;32;32;48;2;166;166;90m▞[38;2;140;138;73;48;2;161;160;85m▐[38;2;96;128;85;48;2;113;147;100m▐[38;2;94;126;84;48;2;95;127;84m▕[48;2;94;126;84m▔▔▔▔▔[38;2;83;112;74m▐[38;2;155;151;78;48;2;174;170;90m▐[48;2;155;151;78m▔▔▔▔▔[48;2;155;152;78m▊[38;2;136;133;69m▐[38;2;105;134;88;48;2;113;147;99m▐[38;2;124;149;95;48;2;114;141;91m▐[38;2;135;158;100;48;2;32;32;32m▘[38;2;157;157;157m▂[38;2;128;128;128m▂[38;2;135;158;100m▝[38;2;114;141;91;48;2;125;150;96m▐[38;2;89;114;75;48;2;105;134;87m▐[38;2;60;65;37;48;2;49;49;24m▏[38;2;47;48;24;48;2;45;45;22m▍[38;2;45;45;22m▔▔▔▔▔▔▔▔▔▔▔▔▔▔▔▔▔▔▔▔▔▔[0m
[38;2;45;45;22;48;2;45;45;22m▔[38;2;78;78;41;48;2;49;49;24m▕[38;2;158;155;81;48;2;138;135;70m▀[38;2;32;32;32;48;2;144;144;77m▝[48;2;149;150;82m▀[48;2;153;155;86m▀▀[48;2;149;150;82m▀[48;2;145;145;78m▘[38;2;159;157;82;48;2;138;136;71m▘[38;2;96;128;85;48;2;83;111;73m▀[38;2;94;126;84;48;2;82;110;73m▀▀▀▀▀▀[48;2;83;111;73m▘[38;2;157;154;80;48;2;136;133;69m▀[38;2;160;157;83;48;2;140;138;72m▀[38;2;32;32;32;48;2;146;146;79m▀[48;2;151;152;84m▀[48;2;151;152;83m▀[48;2;146;146;79m▀[38;2;160;159;84;48;2;140;138;72m▀[38;2;158;155;81;48;2;137;134;69m▘[38;2;105;133;85;48;2;90;116;76m▀[38;2;32;32;32;48;2;105;127;83m▝[48;2;115;137;86m▀[48;2;122;143;89m▀▀[48;2;115;137;86m▀[48;2;107;130;83m▘[38;2;110;138;90;48;2;93;119;77m▘[38;2;159;156;82;48;2;138;136;71m▀[38;2;163;163;87;48;2;142;141;74m▀[38;2;32;32;32;48;2;149;150;82m▀[48;2;153;155;86m▀▀[48;2;148;149;81m▀[38;2;164;163;88;48;2;142;141;74m▀[38;2;159;157;83;48;2;137;134;69m▘[38;2;96;128;85;48;2;83;111;73m▀[38;2;95;127;84;48;2;82;110;73m▀[38;2;94;126;84m▀▀▀▀▀▘[38;2;155;151;78;48;2;135;132;67m▀▀▀▀▀▀▀[38;2;155;152;78m▘[38;2;105;130;83;48;2;90;115;76m▀[38;2;32;32;32;48;2;106;129;82m▝[48;2;114;135;86m▀[48;2;122;142;89m▀▀[48;2;114;135;86m▀[48;2;104;127;81m▘[38;2;106;135;88;48;2;90;115;76m▘[38;2;60;65;37;48;2;49;49;24m▏[38;2;47;48;24;48;2;45;45;22m▘[38;2;45;45;22m▔▔▔▔▔▔▔▔▔▔▔▔▔▔▔▔▔▔▔▔▔▔[0m
[38;2;45;45;22;48;2;45;45;22m▔[38;2;62;71;42m▕[38;2;95;127;84;48;2;109;145;99m▗[38;2;113;147;99;48;2;97;128;85m▀[38;2;116;149;101;48;2;101;131;86m▀[38;2;119;151;101;48;2;105;134;88m▀▀[38;2;116;149;100;48;2;101;131;86m▀[38;2;113;147;100;48;2;97;128;85m▀[38;2;83;111;73;48;2;95;125;82m▐[38;2;155;152;78;48;2;174;170;91m▗[38;2;174;170;90;48;2;156;152;79m▀[38;2;174;170;91;48;2;157;153;79m▀[38;2;174;171;91;48;2;158;155;81m▀[38;2;174;170;91m▀[48;2;156;153;79m▀[48;2;156;152;78m▀[38;2;135;132;67;48;2;155;151;78m▐[38;2;95;127;84;48;2;109;145;99m▗[38;2;112;146;99;48;2;97;128;85m▀[38;2;115;148;100;48;2;101;131;86m▀[38;2;118;151;101;48;2;105;134;88m▀▀[38;2;115;148;100;48;2;101;131;86m▀[38;2;112;147;99;48;2;97;128;85m▀[38;2;83;111;73;48;2;95;127;84m▐[38;2;155;152;78;48;2;174;170;91m▗[38;2;174;171;91;48;2;155;152;78m▀[38;2;176;173;94;48;2;156;152;79m▀[38;2;177;174;94;48;2;156;153;79m▀▀[38;2;176;173;94;48;2;156;152;79m▀[38;2;174;171;91;48;2;155;152;78m▀[38;2;135;132;68m▐[38;2;96;128;85;48;2;110;145;99m▗[38;2;113;147;100;48;2;99;130;86m▀[38;2;120;152;102;48;2;110;138;90m▀[38;2;32;32;32;48;2;124;155;103m▗[48;2;125;155;103m▖[38;2;120;152;102;48;2;110;137;89m▀[38;2;113;147;100;48;2;99;130;86m▀[38;2;84;111;74;48;2;96;128;85m▐[38;2;155;152;78;48;2;174;170;90m▗[38;2;174;170;90;48;2;156;152;79m▀[38;2;174;170;91;48;2;157;153;79m▀[38;2;174;171;91;48;2;158;155;81m▀[38;2;174;170;91m▀[48;2;156;153;79m▀[48;2;156;152;78m▀[38;2;135;132;67;48;2;155;152;78m▐[38;2;95;127;84;48;2;109;144;98m▗[38;2;109;144;98;48;2;96;128;85m▀[38;2;109;145;99;48;2;99;130;86m▀[38;2;110;145;99;48;2;103;132;87m▀▀[38;2;109;145;99;48;2;99;129;86m▀[38;2;109;144;98;48;2;96;128;85m▀[38;2;83;111;73;48;2;94;126;84m▐[38;2;156;152;78;48;2;174;170;91m▗[38;2;175;172;93;48;2;156;152;79m▀[38;2;176;173;93;48;2;157;154;80m▀[38;2;177;174;94;48;2;160;157;83m▀[48;2;159;157;82m▀[38;2;176;173;93;48;2;158;154;80m▀[38;2;175;172;92;48;2;156;152;78m▀[38;2;135;132;68;48;2;155;152;78m▐[38;2;63;63;32;48;2;45;45;22m▏[38;2;45;45;22m▔▔▔▔▔▔▔▔▔▔▔▔▔▔▔▔▔▔▔▔▔▔▔[0m
[38;2;45;45;22;48;2;45;45;22m▔[38;2;62;71;42m▕[38;2;97;128;85;48;2;109;145;99m▐[38;2;109;137;89;48;2;100;131;86m▗[38;2;32;32;32;48;2;112;139;90m▗[48;2;117;143;92m▆▆[48;2;114;140;90m▖[38;2;108;136;89;48;2;100;131;86m▖[38;2;84;111;74;48;2;97;128;85m▐[38;2;156;152;79;48;2;174;170;91m▐[38;2;160;158;84;48;2;158;154;80m▗[38;2;32;32;32;48;2;161;159;84m▗[48;2;163;162;87m▆▆[48;2;161;160;85m▖[38;2;160;158;83;48;2;157;154;80m▖[38;2;136;133;68;48;2;156;153;79m▐[38;2;97;128;85;48;2;110;145;99m▐[38;2;109;137;89;48;2;100;131;86m▗[38;2;32;32;32;48;2;112;139;90m▗[48;2;117;143;92m▆▆[48;2;113;137;88m▖[38;2;108;136;89;48;2;100;131;86m▖[38;2;83;112;73;48;2;96;128;85m▐[38;2;155;151;78;48;2;174;170;90m▐[48;2;155;151;78m▔[48;2;155;152;78m▆▆▆▆[38;2;155;152;78;48;2;155;151;78m▔[38;2;135;132;68m▐[38;2;98;129;85;48;2;109;145;99m▐[38;2;108;136;89;48;2;101;131;86m▐[38;2;32;32;32;48;2;117;143;92m▗[48;2;157;157;157m▊[38;2;157;157;157;48;2;32;32;32m▍[38;2;32;32;32;48;2;118;144;92m▖[38;2;109;138;89;48;2;102;132;87m▍[38;2;85;112;74;48;2;97;128;85m▐[38;2;156;153;79;48;2;174;170;91m▐[38;2;160;158;84;48;2;158;154;80m▗[38;2;32;32;32;48;2;161;159;84m▗[48;2;163;162;87m▆▆[48;2;161;159;84m▖[38;2;160;158;83;48;2;157;154;80m▖[38;2;136;133;68;48;2;156;153;79m▐[38;2;97;128;85;48;2;110;145;99m▐[38;2;108;137;89;48;2;100;130;86m▗[38;2;32;32;32;48;2;113;140;90m▗[48;2;116;142;91m▆▆[48;2;111;138;90m▖[38;2;108;136;89;48;2;100;130;86m▖[38;2;84;111;74;48;2;97;128;85m▐[38;2;156;153;79;48;2;174;170;91m▐[38;2;160;158;84;48;2;158;154;80m▗[38;2;32;32;32;48;2;161;159;85m▗[48;2;163;162;87m▆[48;2;162;162;86m▆[48;2;161;159;84m▖[38;2;160;158;83;48;2;157;154;80m▖[38;2;135;132;67;48;2;156;152;79m▐[38;2;63;63;32;48;2;45;45;22m▏[38;2;45;45;22m▔▔▔▔▔▔▔▔▔▔▔▔▔▔▔▔▔▔▔▔▔▔▔[0m
[38;2;45;45;22;48;2;45;45;22m▔[38;2;64;73;42;48;2;47;48;24m▕[38;2;99;129;86;48;2;110;145;99m▐[38;2;114;141;91;48;2;105;134;88m▐[38;2;32;32;32;48;2;126;151;96m▗[48;2;32;32;32m▔▔[48;2;128;152;97m▖[38;2;115;142;92;48;2;106;135;88m▍[38;2;86;113;74;48;2;99;129;86m▐[38;2;157;153;79;48;2;174;171;91m▐[38;2;162;161;86;48;2;158;156;81m▐[38;2;32;32;32;48;2;167;167;91m▗[48;2;32;32;32m▔▔[48;2;168;168;92m▖[38;2;163;162;87;48;2;160;157;83m▍[38;2;137;134;69;48;2;157;154;80m▐[38;2;99;130;86;48;2;112;146;99m▐[38;2;114;141;91;48;2;105;134;87m▐[38;2;32;32;32;48;2;127;151;97m▗[48;2;32;32;32m▔[38;2;51;55;44m▕[38;2;32;32;32;48;2;127;152;97m▖[38;2;104;134;88;48;2;114;140;91m▐[38;2;85;112;74;48;2;99;130;86m▐[38;2;155;152;78;48;2;174;170;91m▐[38;2;155;151;78;48;2;155;151;78m▔▔▔▔▔▔[38;2;135;132;68m▐[38;2;100;131;86;48;2;110;145;99m▐[38;2;114;141;91;48;2;105;134;87m▐[38;2;32;32;32;48;2;127;151;96m▗[38;2;149;149;149;48;2;32;32;32m▗[38;2;133;133;133m▖[38;2;32;32;32;48;2;128;152;97m▖[38;2;116;143;92;48;2;106;135;88m▍[38;2;87;114;75;48;2;99;130;86m▐[38;2;158;155;80;48;2;174;171;91m▐[38;2;162;161;86;48;2;158;156;81m▐[38;2;32;32;32;48;2;167;167;91m▗[48;2;32;32;32m▔▔[48;2;167;167;91m▖[38;2;163;162;87;48;2;160;157;83m▍[38;2;137;135;70;48;2;157;154;80m▐[38;2;100;131;87;48;2;112;146;99m▐[38;2;114;142;91;48;2;105;134;87m▐[38;2;32;32;32;48;2;127;147;93m▗[48;2;32;32;32m▔▔[48;2;127;151;97m▖[38;2;115;142;92;48;2;106;135;88m▍[38;2;87;115;75;48;2;99;130;86m▐[38;2;158;155;81;48;2;174;171;91m▐[38;2;162;161;86;48;2;158;156;81m▐[38;2;32;32;32;48;2;167;167;91m▗[48;2;32;32;32m▔▔[48;2;167;167;91m▖[38;2;163;162;87;48;2;159;157;83m▍[38;2;136;133;68;48;2;157;154;80m▐[38;2;65;65;32;48;2;47;48;24m▏[38;2;45;45;22;48;2;45;45;22m▔▔▔▔▔▔▔▔▔▔▔▔▔▔▔▔▔▔▔▔▔▔▔[0m
[38;2;45;45;22;48;2;45;45;22m▔[38;2;61;68;39;48;2;47;48;24m▕[38;2;99;130;86;48;2;85;112;74m▀[38;2;109;137;89;48;2;93;118;77m▀[38;2;32;32;32;48;2;109;131;83m▀[48;2;117;138;87m▀[48;2;118;138;87m▀[48;2;109;131;83m▀[38;2;110;138;89;48;2;93;119;77m▀[38;2;101;131;86;48;2;87;114;75m▘[38;2;157;154;80;48;2;136;133;68m▀[38;2;160;157;83;48;2;140;138;73m▀[38;2;32;32;32;48;2;146;146;79m▀[48;2;151;152;83m▀▀[48;2;146;146;79m▀[38;2;158;158;86;48;2;140;138;72m▀[38;2;157;154;80;48;2;137;135;70m▘[38;2;99;129;86;48;2;87;114;75m▀[38;2;108;137;89;48;2;96;120;78m▀[38;2;32;32;32;48;2;111;133;85m▀[48;2;120;140;88m▀[48;2;119;140;88m▀[48;2;109;131;83m▀[38;2;110;138;89;48;2;94;119;77m▀[38;2;100;130;86;48;2;86;113;74m▘[38;2;155;152;78;48;2;135;132;67m▀[38;2;155;151;78m▀▀▀▀▀▀▘[38;2;99;129;86;48;2;85;112;74m▀[38;2;109;137;89;48;2;93;118;77m▀[38;2;32;32;32;48;2;109;130;83m▀[48;2;118;138;87m▀▀[48;2;109;131;83m▀[38;2;110;133;86;48;2;93;119;77m▀[38;2;101;131;86;48;2;87;114;75m▘[38;2;157;154;80;48;2;137;135;70m▀[38;2;160;158;84;48;2;141;139;73m▀[38;2;32;32;32;48;2;148;148;80m▀[48;2;152;154;85m▀▀[48;2;147;147;79m▀[38;2;160;159;84;48;2;140;138;72m▀[38;2;157;154;80;48;2;137;135;70m▘[38;2;100;131;86;48;2;86;113;74m▀[38;2;110;138;90;48;2;93;118;77m▀[38;2;32;32;32;48;2;109;130;83m▀[48;2;118;138;87m▀▀[48;2;109;131;83m▀[38;2;108;137;89;48;2;93;119;77m▀[38;2;101;131;86;48;2;87;114;75m▘[38;2;157;154;80;48;2;136;133;68m▀[38;2;160;157;83;48;2;140;138;73m▀[38;2;32;32;32;48;2;146;146;79m▀[48;2;151;152;83m▀▀[48;2;146;146;79m▀[38;2;160;158;83;48;2;140;138;72m▀[38;2;157;154;80;48;2;136;133;69m▘[38;2;65;65;33;48;2;47;48;24m▏[38;2;45;45;22;48;2;45;45;22m▔▔▔▔▔▔▔▔▔▔▔▔▔▔▔▔▔▔▔▔▔▔▔[0m
[38;2;45;45;22;48;2;45;45;22m▔[38;2;76;75;38m▕[38;2;155;151;78;48;2;174;170;90m▗[38;2;174;170;91;48;2;155;151;78m▀[38;2;175;171;92;48;2;155;152;78m▀[38;2;176;173;94;48;2;156;153;79m▀[48;2;156;152;79m▀[38;2;175;171;92;48;2;155;152;78m▀[38;2;174;170;91m▀[38;2;135;132;68;48;2;155;151;78m▐[38;2;94;126;84;48;2;109;143;97m▗[38;2;111;146;99;48;2;95;127;84m▀[38;2;114;147;100m▀[38;2;117;150;101;48;2;96;128;85m▀▀[38;2;114;147;100;48;2;95;127;84m▀[38;2;111;146;99m▀[38;2;84;111;74m▐[38;2;157;154;80;48;2;174;171;91m▗[38;2;176;173;93;48;2;160;158;83m▀[38;2;32;32;32;48;2;178;176;96m▗[48;2;180;179;99m▃[48;2;179;178;98m▂[38;2;177;174;94;48;2;161;160;85m▀[38;2;175;172;93;48;2;158;155;81m▀[38;2;135;132;68;48;2;156;152;78m▐[38;2;95;127;84;48;2;109;144;98m▗[38;2;109;144;98;48;2;96;128;85m▀[38;2;109;145;99;48;2;99;130;86m▀[38;2;110;145;99;48;2;103;132;87m▀▀[38;2;109;145;99;48;2;99;129;86m▀[38;2;109;144;98;48;2;96;128;85m▀[38;2;83;111;74;48;2;94;126;84m▐[38;2;155;151;78;48;2;174;170;90m▗[38;2;174;170;91;48;2;155;151;78m▀[38;2;175;171;92;48;2;155;152;78m▀[38;2;176;173;94;48;2;156;153;79m▀[48;2;156;152;79m▀[38;2;175;171;92;48;2;155;152;78m▀[38;2;174;170;91m▀[38;2;135;132;68m▐[38;2;100;131;86;48;2;110;145;99m▗[38;2;116;149;101;48;2;110;138;90m▀[38;2;32;32;32;48;2;129;153;97m▗[48;2;128;158;104m▃[48;2;125;155;103m▂[38;2;120;152;102;48;2;114;140;90m▀[38;2;113;147;100;48;2;103;132;87m▀[38;2;85;113;75;48;2;97;128;85m▐[38;2;155;152;78;48;2;174;170;91m▗[38;2;174;171;91;48;2;155;152;78m▀[38;2;175;171;92m▀[38;2;176;173;94;48;2;156;153;79m▀[48;2;156;152;79m▀[38;2;175;171;92;48;2;155;152;78m▀[38;2;174;170;91m▀[38;2;135;132;68;48;2;155;151;78m▐[38;2;94;126;84;48;2;109;145;99m▗[38;2;111;146;99;48;2;95;127;84m▀[38;2;114;147;100m▀[38;2;117;150;101;48;2;96;128;85m▀▀[38;2;114;147;100;48;2;95;127;84m▀[38;2;111;146;99m▀[38;2;82;110;73;48;2;95;126;84m▐[38;2;51;56;31;48;2;45;45;22m▏[38;2;45;45;22m▔▔▔▔▔▔▔▔▔▔▔▔▔▔▔▔▔▔▔▔▔▔▔[0m
[38;2;45;45;22;48;2;45;45;22m▔[38;2;76;75;38m▕[38;2;155;151;78;48;2;174;170;90m▐[48;2;155;151;78m▔▔[48;2;155;152;78m▆▆[48;2;155;151;78m▔▔[38;2;135;132;67m▐[38;2;94;126;84;48;2;109;143;97m▐[48;2;94;126;84m▔▔[48;2;95;127;84m▆▆▆▏[38;2;86;113;74m▐[38;2;160;158;84;48;2;175;172;93m▐[38;2;32;32;32;48;2;163;163;87m▗[48;2;32;32;32m▔[48;2;140;140;140m▆[48;2;32;32;32m▔[48;2;166;167;91m▆[38;2;160;159;84;48;2;164;164;89m▀[38;2;138;136;70;48;2;158;155;81m▐[38;2;98;129;85;48;2;111;146;99m▐[38;2;109;137;89;48;2;101;131;86m▗[38;2;32;32;32;48;2;112;139;90m▗[48;2;116;142;91m▆▆[48;2;113;140;90m▖[38;2;108;136;89;48;2;100;130;86m▖[38;2;84;111;74;48;2;96;128;85m▐[38;2;155;151;78;48;2;174;170;90m▐[48;2;155;151;78m▔▔[48;2;155;152;78m▆▆▆▏[38;2;137;134;69m▐[38;2;109;138;90;48;2;115;148;100m▐[38;2;32;32;32;48;2;118;144;93m▗[38;2;43;46;40;48;2;32;32;32m▏[38;2;32;32;32;48;2;140;140;140m▆[48;2;32;32;32m▔[48;2;126;150;96m▆[38;2;111;139;89;48;2;120;146;93m▀[38;2;91;116;76;48;2;104;133;86m▐[38;2;155;152;78;48;2;174;170;91m▐[48;2;155;151;78m▍▔[38;2;155;151;78;48;2;155;152;78m▆▆[48;2;155;151;78m▔▔[38;2;135;132;67m▐[38;2;94;126;84;48;2;109;144;98m▐[48;2;94;126;84m▔▔[48;2;95;127;84m▆▆[48;2;94;126;84m▔▔[38;2;82;110;73m▐[38;2;51;56;31;48;2;45;45;22m▏[38;2;45;45;22m▔▔▔▔▔▔▔▔▔▔▔▔▔▔▔▔▔▔▔▔▔▔▔[0m
[38;2;45;45;22;48;2;45;45;22m▔[38;2;76;75;38m▕[38;2;155;151;78;48;2;174;170;90m▐[48;2;155;151;78m▔▔▔▔▔▔[38;2;135;132;67m▐[38;2;94;126;84;48;2;109;143;97m▐[48;2;94;126;84m▔▔▔▔▔[38;2;95;127;84m▝[38;2;86;113;74;48;2;95;127;84m▐[38;2;158;155;81;48;2;171;168;90m▗[38;2;161;160;85;48;2;32;32;32m▆[38;2;32;32;32;48;2;166;167;91m▘[48;2;174;177;99m▗[48;2;32;32;32m▔▔[38;2;166;166;90m▐[38;2;141;140;74;48;2;163;162;87m▐[38;2;102;132;87;48;2;115;148;100m▐[38;2;115;141;91;48;2;106;135;88m▐[38;2;32;32;32;48;2;127;151;97m▗[48;2;32;32;32m▔▔[48;2;127;151;96m▖[38;2;115;142;92;48;2;106;135;88m▍[38;2;86;113;75;48;2;99;130;86m▐[38;2;155;152;78;48;2;174;170;91m▐[38;2;155;151;78;48;2;155;151;78m▔▔▔▔▔[48;2;155;152;78m▍[38;2;137;134;69m▐[38;2;106;135;88;48;2;114;147;100m▐[38;2;112;139;90;48;2;32;32;32m▆[38;2;32;32;32;48;2;126;150;96m▘[48;2;142;163;102m▗[48;2;32;32;32m▔▔[38;2;125;149;95m▐[38;2;99;123;79;48;2;115;142;91m▐[38;2;156;152;78;48;2;175;171;92m▐[38;2;155;152;78;48;2;155;152;78m▔[38;2;155;151;78;48;2;155;151;78m▔▔▔▔▔[38;2;135;132;67m▐[38;2;94;126;84;48;2;109;144;98m▐[48;2;94;126;84m▔▔▔▔▔▔[38;2;82;110;73m▐[38;2;51;56;31;48;2;45;45;22m▏[38;2;45;45;22m▔▔▔▔▔▔▔▔▔▔▔▔▔▔▔▔▔▔▔▔▔▔▔[0m
[38;2;45;45;22;48;2;45;45;22m▔[38;2;71;70;35m▕[38;2;155;151;78;48;2;135;132;67m▀▀▀▀▀▀▀▘[38;2;94;126;84;48;2;82;110;73m▀▀▀▀▀▀▀▘[38;2;156;152;79;48;2;135;132;67m▀[38;2;158;155;81;48;2;137;134;69m▀[38;2;162;160;85;48;2;140;138;72m▀[38;2;32;32;32;48;2;146;147;79m▀[48;2;151;152;84m▀[48;2;151;152;83m▀[48;2;146;146;79m▀[38;2;162;161;86;48;2;141;139;73m▘[38;2;104;133;87;48;2;90;115;76m▀[38;2;109;137;89;48;2;94;119;77m▀[38;2;32;32;32;48;2;109;130;83m▀[48;2;118;139;87m▀[48;2;118;138;87m▀[48;2;109;131;83m▀[38;2;110;138;89;48;2;93;118;77m▀[38;2;100;130;86;48;2;86;113;74m▘[38;2;155;152;78;48;2;135;132;67m▀[38;2;155;151;78m▀▀▀▀▀▀▘[38;2;97;128;85;48;2;83;111;73m▀[38;2;102;132;87;48;2;86;113;74m▀[38;2;112;139;90;48;2;94;119;77m▀[38;2;32;32;32;48;2;109;131;84m▀[48;2;118;139;87m▀▀[48;2;109;131;83m▀[38;2;112;140;90;48;2;97;119;76m▘[38;2;156;153;79;48;2;136;133;68m▀[38;2;155;152;78;48;2;135;132;67m▀[38;2;155;151;78m▀▀▀▀▀▘[38;2;94;126;84;48;2;82;110;73m▀▀▀▀▀▀▀▘[38;2;51;56;31;48;2;45;45;22m▏[38;2;45;45;22m▔▔▔▔▔▔▔▔▔▔▔▔▔▔▔▔▔▔▔▔▔▔▔[0m
[38;2;45;45;22;48;2;45;45;22m▔[38;2;60;68;40m▕[38;2;94;126;84;48;2;109;144;98m▗[38;2;109;144;98;48;2;94;126;84m▀▀▀▀▀▀[38;2;82;110;73m▐[38;2;155;151;78;48;2;174;170;90m▗[38;2;174;170;90;48;2;155;151;78m▀▀▀▀▀▀[38;2;135;132;67m▐[38;2;94;126;84;48;2;109;144;98m▗[38;2;109;145;99;48;2;94;126;84m▀[38;2;111;146;99;48;2;95;127;84m▀[38;2;114;148;100m▀[38;2;117;150;101;48;2;96;128;85m▀▀[38;2;114;147;100;48;2;95;127;84m▀[38;2;84;112;74;48;2;96;128;85m▐[38;2;156;152;78;48;2;174;170;91m▗[38;2;174;171;91;48;2;155;151;78m▀[38;2;175;171;92;48;2;155;152;78m▀[38;2;176;173;94;48;2;156;153;79m▀[48;2;156;152;79m▀[38;2;175;171;92;48;2;155;152;78m▀[38;2;174;170;91m▀[38;2;135;132;68;48;2;155;151;78m▐[38;2;95;127;84;48;2;109;144;98m▗[38;2;109;144;98;48;2;96;128;85m▀[38;2;109;145;99;48;2;99;130;86m▀[38;2;110;145;99;48;2;103;132;87m▀▀[38;2;109;145;99;48;2;99;129;86m▀[38;2;109;144;98;48;2;96;128;85m▀[38;2;83;111;74;48;2;94;126;84m▐[38;2;155;151;78;48;2;174;170;90m▗[38;2;174;170;90;48;2;155;151;78m▀[38;2;174;171;91m▀[38;2;175;171;92;48;2;155;152;78m▀[38;2;176;173;94;48;2;156;153;79m▀[48;2;156;152;79m▀[38;2;175;172;92;48;2;155;152;78m▀[38;2;135;132;68m▐[38;2;94;126;84;48;2;109;145;99m▗[38;2;109;144;98;48;2;94;126;84m▀▀▀▀▀▀[38;2;83;112;74m▐[38;2;155;151;78;48;2;174;170;90m▗[38;2;174;170;90;48;2;155;151;78m▀▀▀▀▀▀[38;2;135;132;67m▐[38;2;61;60;30;48;2;45;45;22m▏[38;2;45;45;22m▔▔▔▔▔▔▔▔▔▔▔▔▔▔▔▔▔▔▔▔▔▔▔[0m
[38;2;45;45;22;48;2;45;45;22m▔[38;2;60;68;40m▕[38;2;94;126;84;48;2;109;144;98m▐[48;2;94;126;84m▔▔▔▔▔▔[38;2;82;110;73m▐[38;2;155;151;78;48;2;174;170;90m▐[48;2;155;151;78m▔▔▔▔▔▔[38;2;135;132;67m▐[38;2;94;126;84;48;2;109;144;98m▐[48;2;94;126;84m▔▔▔[48;2;95;127;84m▆▆[48;2;94;126;84m▔[38;2;82;110;73m▐[38;2;155;151;78;48;2;174;170;90m▐[48;2;155;151;78m▔▔[48;2;155;152;78m▆▆[48;2;155;151;78m▔▔[38;2;135;132;67m▐[38;2;97;129;86;48;2;109;145;99m▐[38;2;108;137;89;48;2;100;130;86m▗[38;2;32;32;32;48;2;111;132;86m▗[48;2;116;142;91m▆▆[48;2;113;140;90m▖[38;2;108;136;89;48;2;100;130;86m▖[38;2;84;111;74;48;2;96;128;85m▐[38;2;155;151;78;48;2;174;170;90m▐[48;2;155;151;78m▔▔▔[48;2;155;152;78m▆▆[48;2;155;151;78m▔[38;2;135;132;67m▐[38;2;94;126;84;48;2;109;144;98m▐[48;2;94;126;84m▔▔▔▔▔▔[38;2;83;112;74m▐[38;2;155;151;78;48;2;174;170;90m▐[48;2;155;151;78m▔▔▔▔▔▔[38;2;135;132;67m▐[38;2;61;60;30;48;2;45;45;22m▏[38;2;45;45;22m▔▔▔▔▔▔▔▔▔▔▔▔▔▔▔▔▔▔▔▔▔▔▔[0m
[38;2;45;45;22;48;2;45;45;22m▔[38;2;60;68;40m▕[38;2;94;126;84;48;2;109;144;98m▐[48;2;94;126;84m▔▔▔▔▔▔[38;2;82;110;73m▐[38;2;155;151;78;48;2;174;170;90m▐[48;2;155;151;78m▔▔▔▔▔▔[38;2;135;132;67m▐[38;2;94;126;84;48;2;109;144;98m▐[48;2;94;126;84m▔▔▔▔▔▔[38;2;82;110;73m▐[38;2;155;151;78;48;2;174;170;90m▐[48;2;155;151;78m▔[38;2;155;151;77m▂▃▃▁[38;2;155;151;78m▔[38;2;135;132;68m▐[38;2;99;130;86;48;2;110;145;99m▐[38;2;114;141;91;48;2;105;134;88m▐[38;2;32;32;32;48;2;125;150;95m▗[48;2;32;32;32m▔▔[48;2;126;150;96m▖[38;2;115;142;92;48;2;106;135;88m▍[38;2;86;113;75;48;2;99;130;86m▐[38;2;155;152;78;48;2;174;170;91m▐[38;2;155;151;78;48;2;155;151;78m▔▔▔▔▔▔[38;2;135;132;67m▐[38;2;94;126;84;48;2;109;144;98m▐[48;2;94;126;84m▔▔▔▔▔▔[38;2;83;112;74m▐[38;2;155;151;78;48;2;174;170;90m▐[48;2;155;151;78m▔▔▔▔▔▔[38;2;135;132;67m▐[38;2;61;60;30;48;2;45;45;22m▏[38;2;45;45;22m▔▔▔▔▔▔▔▔▔▔▔▔▔▔▔▔▔▔▔▔▔▔▔[0m
[38;2;45;45;22;48;2;45;45;22m▔[38;2;56;64;37m▕[38;2;94;126;84;48;2;82;110;73m▀▀▀▀▀▀▀▘[38;2;155;151;78;48;2;135;132;67m▀▀▀▀▀▀▀[48;2;135;131;67m▘[38;2;94;126;84;48;2;82;109;73m▀[48;2;81;109;72m▀[38;2;94;126;83;48;2;81;108;72m▀[38;2;93;125;83;48;2;80;107;71m▀[48;2;80;108;71m▀[38;2;94;126;83;48;2;81;108;72m▀▀[38;2;94;126;84;48;2;82;109;73m▘[38;2;155;151;77;48;2;134;131;67m▀▀▀▀▀▀▀[48;2;135;132;68m▘[38;2;99;129;86;48;2;85;112;74m▀[38;2;108;136;89;48;2;93;118;77m▀[38;2;32;32;32;48;2;108;129;83m▀[48;2;117;137;87m▀▀[48;2;108;130;82m▀[38;2;110;133;86;48;2;93;118;77m▀[38;2;101;131;86;48;2;85;112;74m▘[38;2;155;152;78;48;2;135;132;67m▀[38;2;155;151;78m▀▀▀▀▀▀▘[38;2;94;126;84;48;2;82;110;73m▀▀▀▀▀▀▀▘[38;2;155;151;78;48;2;135;132;67m▀▀▀▀▀▀▀▘[38;2;61;60;30;48;2;45;45;22m▏[38;2;45;45;22m▔▔▔▔▔▔▔▔▔▔▔▔▔▔▔▔▔▔▔▔▔▔▔[0m
[38;2;45;45;22;48;2;45;45;22m▔[38;2;76;75;38m▕[38;2;155;151;78;48;2;174;170;90m▗[38;2;174;170;90;48;2;155;151;78m▀▀▀▀▀▀[38;2;135;132;67m▐[38;2;94;126;84;48;2;109;143;97m▗[38;2;109;144;98;48;2;94;126;84m▀▀▀▀▀▀[38;2;82;109;72m▐[38;2;152;148;76;48;2;172;168;90m▗[38;2;170;166;88;48;2;150;147;75m▀[38;2;168;164;87;48;2;144;141;72m▀[38;2;253;253;253;48;2;165;161;85m▗[48;2;164;160;85m▖[38;2;168;164;87;48;2;145;141;72m▀[38;2;170;166;88;48;2;149;145;74m▀[38;2;133;130;66;48;2;152;148;76m▐[38;2;93;125;83;48;2;108;141;94m▗[38;2;108;143;97;48;2;92;123;82m▀[38;2;107;142;97;48;2;90;121;80m▀[38;2;107;141;96;48;2;89;120;80m▀[48;2;90;120;80m▀[38;2;107;142;96;48;2;90;121;80m▀[38;2;107;142;97;48;2;91;123;81m▀[38;2;82;109;73;48;2;93;125;83m▐[38;2;153;149;77;48;2;173;169;90m▗[38;2;172;168;89;48;2;152;148;76m▀[38;2;171;167;89;48;2;149;145;74m▀[38;2;170;166;89;48;2;148;144;74m▀▀[38;2;171;167;89;48;2;149;145;74m▀[38;2;172;168;89;48;2;152;148;76m▀[38;2;134;130;67;48;2;153;149;76m▐[38;2;94;126;84;48;2;109;144;98m▗[38;2;109;144;98;48;2;94;126;84m▀▀▀▀▀▀[38;2;83;112;74m▐[38;2;155;151;78;48;2;174;170;90m▗[38;2;174;170;90;48;2;155;151;78m▀▀▀▀▀▀[38;2;135;132;67m▐[38;2;94;126;84;48;2;109;144;98m▗[38;2;109;144;98;48;2;94;126;84m▀▀▀▀▀▀[38;2;82;110;73m▐[38;2;51;56;31;48;2;45;45;22m▏[38;2;45;45;22m▔▔▔▔▔▔▔▔▔▔▔▔▔▔▔▔▔▔▔▔▔▔▔[0m
[38;2;45;45;22;48;2;45;45;22m▔[38;2;76;75;38m▕[38;2;155;151;78;48;2;174;170;90m▐[48;2;155;151;78m▔▔▔▔▔▔[38;2;135;132;67m▐[38;2;94;126;84;48;2;109;143;97m▐[48;2;94;126;84m▔▔▔▔▔[38;2;94;126;83m▕[38;2;81;108;72;48;2;93;125;83m▐[38;2;150;147;75;48;2;169;166;88m▐[38;2;141;137;70;48;2;146;142;72m▗[38;2;253;253;253;48;2;139;136;69m▗[48;2;157;157;157m▊[38;2;157;157;157;48;2;253;253;253m▍[38;2;253;253;253;48;2;139;136;69m▖[38;2;141;137;69;48;2;145;141;72m▖[38;2;130;127;65;48;2;148;145;74m▐[38;2;91;122;81;48;2;105;140;95m▐[38;2;86;116;77;48;2;89;120;80m▗[38;2;253;253;253;48;2;86;116;77m▗[48;2;85;115;76m▆[48;2;85;114;75m▆[48;2;86;116;77m▖[38;2;86;116;77;48;2;90;120;80m▖[38;2;80;108;71;48;2;90;121;80m▐[38;2;150;146;75;48;2;168;164;87m▐[38;2;143;139;71;48;2;147;143;73m▗[38;2;253;253;253;48;2;144;140;71m▗[48;2;142;138;70m▆▆[48;2;144;140;71m▖[38;2;143;139;71;48;2;148;145;74m▖[38;2;132;129;66;48;2;150;147;75m▐[38;2;94;126;84;48;2;108;143;98m▐[48;2;94;126;84m▔▔▔▔▔▔[38;2;83;112;74m▐[38;2;155;151;78;48;2;174;170;90m▐[48;2;155;151;78m▔▔▔▔▔▔[38;2;135;132;67m▐[38;2;94;126;84;48;2;109;144;98m▐[48;2;94;126;84m▔▔▔▔▔▔[38;2;82;110;73m▐[38;2;51;56;31;48;2;45;45;22m▏[38;2;45;45;22m▔▔▔▔▔▔▔▔▔▔▔▔▔▔▔▔▔▔▔▔▔▔▔[0m
[38;2;45;45;22;48;2;45;45;22m▔[38;2;76;75;38m▕[38;2;155;151;78;48;2;174;170;90m▐[48;2;155;151;78m▔▔▔▔▔▔[38;2;135;132;67m▐[38;2;94;126;84;48;2;109;143;97m▐[48;2;94;126;84m▔▔▔▔▔[48;2;93;125;83m▊[38;2;81;108;71m▐[38;2;148;145;74;48;2;168;164;87m▐[38;2;144;140;72;48;2;140;136;69m▍[38;2;253;253;253;48;2;134;130;66m▗[38;2;149;149;149;48;2;253;253;253m▗[38;2;134;134;134m▖[38;2;253;253;253;48;2;133;130;66m▖[38;2;138;134;68;48;2;142;139;70m▍[38;2;128;125;64;48;2;145;141;72m▐[38;2;89;119;79;48;2;104;138;94m▐[38;2;84;113;75;48;2;87;117;78m▐[38;2;253;253;253;48;2;81;110;72m▗[48;2;253;253;253m▔▔[48;2;81;110;72m▖[38;2;84;113;75;48;2;86;116;77m▍[38;2;79;105;69;48;2;88;118;78m▐[38;2;147;143;73;48;2;166;162;86m▐[38;2;144;140;71;48;2;140;136;69m▍[38;2;253;253;253;48;2;134;130;66m▗[48;2;253;253;253m▔▔[48;2;135;131;67m▖[38;2;144;140;71;48;2;140;137;69m▐[38;2;131;128;65;48;2;147;143;73m▐[38;2;93;125;83;48;2;107;141;96m▐[38;2;94;126;84;48;2;93;125;83m▐[38;2;94;126;83;48;2;94;126;84m▁[38;2;93;125;83m▁[38;2;94;126;83m▂[38;2;94;126;84m▔▔[38;2;83;112;74m▐[38;2;155;151;78;48;2;174;170;90m▐[48;2;155;151;78m▔▔▔▔▔▔[38;2;135;132;67m▐[38;2;94;126;84;48;2;109;144;98m▐[48;2;94;126;84m▔▔▔▔▔▔[38;2;82;110;73m▐[38;2;51;56;31;48;2;45;45;22m▏[38;2;45;45;22m▔▔▔▔▔▔▔▔▔▔▔▔▔▔▔▔▔▔▔▔▔▔▔[0m
[38;2;45;45;22;48;2;45;45;22m▔[38;2;71;70;35m▕[38;2;155;151;78;48;2;135;132;67m▀▀▀▀▀▀▀▘[38;2;94;126;84;48;2;82;110;73m▀▀▀▀▀▀[48;2;82;109;73m▀[38;2;93;125;83;48;2;81;108;72m▘[38;2;149;145;74;48;2;130;127;65m▀[38;2;139;135;68;48;2;139;135;68m▔[38;2;253;253;253;48;2;119;116;59m▀[48;2;115;112;56m▀▀[48;2;119;117;59m▀[38;2;143;139;71;48;2;126;123;62m▀[38;2;146;142;72;48;2;129;126;64m▘[38;2;89;120;79;48;2;79;105;70m▀[38;2;84;113;75;48;2;84;113;75m▔[38;2;253;253;253;48;2;74;100;66m▀[48;2;72;97;64m▀▀[48;2;74;100;66m▀[38;2;87;116;77;48;2;77;103;68m▀[38;2;88;119;79;48;2;79;106;70m▘[38;2;147;144;73;48;2;130;127;64m▀[38;2;144;140;71;48;2;129;126;64m▘[38;2;253;253;253;48;2;123;120;60m▀[48;2;120;117;59m▀▀[48;2;123;120;61m▀[38;2;143;139;71;48;2;127;123;63m▀[38;2;147;143;73;48;2;131;128;65m▘[38;2;93;125;83;48;2;81;108;72m▀[48;2;80;108;71m▀[48;2;80;107;71m▀▀▀▀[38;2;94;126;84;48;2;81;108;72m▀[48;2;82;109;72m▘[38;2;155;151;77;48;2;135;131;67m▀[38;2;155;151;78;48;2;135;132;67m▀▀▀▀▀▀▘[38;2;94;126;84;48;2;82;110;73m▀▀▀▀▀▀▀▘[38;2;51;56;31;48;2;45;45;22m▏[38;2;45;45;22m▔▔▔▔▔▔▔▔▔▔▔▔▔▔▔▔▔▔▔▔▔▔▔[0m
[38;2;45;45;22;48;2;45;45;22m▔[38;2;60;68;40m▕[38;2;94;126;84;48;2;109;144;98m▗[38;2;109;144;98;48;2;94;126;84m▀▀▀▀▀▀[38;2;82;110;73m▐[38;2;155;151;78;48;2;174;170;90m▗[38;2;174;170;90;48;2;155;151;78m▀▀▀[48;2;155;151;77m▀▀[38;2;173;169;90;48;2;154;150;77m▀[38;2;132;129;66;48;2;153;149;76m▐[38;2;88;119;79;48;2;105;140;95m▗[38;2;101;134;91;48;2;86;115;76m▀[38;2;253;253;253;48;2;95;126;86m▗[48;2;93;124;84m▃▂[38;2;97;130;88;48;2;82;111;73m▀[38;2;102;135;92;48;2;87;117;78m▀[38;2;80;107;70;48;2;90;121;80m▐[38;2;153;149;76;48;2;169;166;88m▗[38;2;168;164;87;48;2;153;149;76m▀[38;2;166;162;86;48;2;152;148;76m▀[38;2;164;160;85m▀▀[38;2;166;162;86m▀[38;2;168;164;86;48;2;153;149;76m▀[38;2;133;130;66;48;2;152;148;76m▐[38;2;93;125;83;48;2;107;141;96m▗[38;2;105;140;95;48;2;93;125;83m▀[38;2;103;137;93;48;2;92;124;82m▀[38;2;103;136;93m▀▀[38;2;103;137;93;48;2;93;124;83m▀[38;2;105;139;95;48;2;92;124;82m▀[38;2;81;108;72;48;2;93;124;83m▐[38;2;147;144;73;48;2;169;165;88m▗[38;2;166;162;86;48;2;143;139;71m▀[38;2;253;253;253;48;2;161;157;83m▗[48;2;162;158;84m▃[48;2;160;157;83m▂[38;2;165;161;85;48;2;140;136;69m▀[38;2;168;164;87;48;2;146;142;72m▀[38;2;133;130;66;48;2;150;147;75m▐[38;2;93;125;83;48;2;108;143;98m▗[38;2;109;144;98;48;2;94;126;84m▀▀▀▀▀▀[38;2;83;112;74m▐[38;2;155;151;78;48;2;174;170;90m▗[38;2;174;170;90;48;2;155;151;78m▀▀▀▀▀▀[38;2;135;132;67m▐[38;2;61;60;30;48;2;45;45;22m▏[38;2;45;45;22m▔▔▔▔▔▔▔▔▔▔▔▔▔▔▔▔▔▔▔▔▔▔▔[0m
[38;2;45;45;22;48;2;45;45;22m▔[38;2;60;68;40m▕[38;2;94;126;84;48;2;109;144;98m▐[48;2;94;126;84m▔▔▔▔▔▔[38;2;82;110;73m▐[38;2;155;151;78;48;2;174;170;90m▐[48;2;155;151;78m▔[38;2;155;151;77m▗[48;2;155;151;77m▔▔[48;2;154;150;77m▊[38;2;154;150;77;48;2;153;149;76m▊[38;2;130;127;65;48;2;152;148;76m▐[38;2;87;116;77;48;2;103;137;93m▐[38;2;253;253;253;48;2;84;113;74m▗[48;2;253;253;253m▔[48;2;140;140;140m▆[48;2;253;253;253m▔[48;2;79;107;70m▆[38;2;90;115;81;48;2;83;112;74m▏[38;2;78;105;69;48;2;86;116;76m▐[38;2;152;148;76;48;2;166;162;85m▐[38;2;153;149;76;48;2;154;150;77m▍[38;2;154;150;77m▔[38;2;155;151;77m▃[38;2;153;149;77m▔[38;2;154;150;77;48;2;155;151;77m▀[38;2;155;151;77;48;2;154;150;77m▆[38;2;135;131;67;48;2;155;151;77m▐[38;2;94;126;84;48;2;109;144;98m▐[48;2;93;125;83m▆▅[38;2;93;125;83;48;2;94;126;84m▀▀[38;2;94;126;83;48;2;93;125;83m▖[38;2;92;124;82m▕[38;2;81;108;72;48;2;92;124;82m▐[38;2;144;140;71;48;2;164;160;85m▐[38;2;253;253;253;48;2;140;136;69m▗[48;2;253;253;253m▔[48;2;140;140;140m▆[48;2;253;253;253m▔[48;2;134;130;66m▆[38;2;146;144;89;48;2;138;134;68m▏[38;2;128;125;63;48;2;144;140;71m▐[38;2;92;124;82;48;2;104;139;94m▐[38;2;94;126;83;48;2;93;125;83m▝[38;2;94;126;84;48;2;94;126;84m▔▔▔▔▔[38;2;83;112;74m▐[38;2;155;151;78;48;2;174;170;90m▐[48;2;155;151;78m▔▔▔▔▔▔[38;2;135;132;67m▐[38;2;61;60;30;48;2;45;45;22m▏[38;2;45;45;22m▔▔▔▔▔▔▔▔▔▔▔▔▔▔▔▔▔▔▔▔▔▔▔[0m
[38;2;45;45;22;48;2;45;45;22m▔[38;2;60;68;40m▕[38;2;94;126;84;48;2;109;144;98m▐[48;2;94;126;84m▔▔▔▔▔▔[38;2;82;110;73m▐[38;2;155;151;78;48;2;174;170;90m▐[48;2;155;151;78m▔[48;2;155;151;77m▏[38;2;155;151;77m▔▔[48;2;154;150;77m▊[38;2;154;150;77;48;2;153;149;77m▊[38;2;131;128;65;48;2;152;148;76m▐[38;2;88;118;78;48;2;104;138;94m▐[38;2;85;114;75;48;2;253;253;253m▆[38;2;253;253;253;48;2;78;105;69m▘[48;2;72;98;64m▗[48;2;253;253;253m▔▔[38;2;81;110;72m▐[38;2;76;102;67;48;2;83;112;74m▐[38;2;151;147;75;48;2;165;161;85m▐[38;2;152;148;76;48;2;153;149;76m▍[38;2;154;150;77;48;2;155;151;77m▊[38;2;155;151;77m▔▔▔[48;2;155;151;78m▍[38;2;135;132;67m▐[38;2;94;126;84;48;2;109;144;98m▐[48;2;94;126;84m▔▔▔▔[38;2;94;126;83m▕[48;2;93;125;83m▏[38;2;81;108;72;48;2;92;124;82m▐[38;2;147;143;73;48;2;164;160;85m▐[38;2;140;136;69;48;2;253;253;253m▆[38;2;253;253;253;48;2;130;127;64m▘[48;2;121;118;59m▗[48;2;253;253;253m▔▔[38;2;135;132;67m▐[38;2;126;123;62;48;2;139;135;69m▐[38;2;92;123;82;48;2;103;137;93m▐[38;2;92;124;82;48;2;93;125;83m▍[38;2;93;125;83;48;2;94;126;84m▍[38;2;94;126;84m▔▔▔▔[38;2;83;112;74m▐[38;2;155;151;78;48;2;174;170;90m▐[48;2;155;151;78m▔[38;2;155;151;77m▂▃▃▁[38;2;155;151;78m▔[38;2;135;132;67m▐[38;2;61;60;30;48;2;45;45;22m▏[38;2;45;45;22m▔▔▔▔▔▔▔▔▔▔▔▔▔▔▔▔▔▔▔▔▔▔▔[0m
[38;2;45;45;22;48;2;45;45;22m▔[38;2;56;64;37m▕[38;2;94;126;84;48;2;82;110;73m▀[48;2;82;109;73m▀[48;2;82;109;72m▀[48;2;81;109;72m▀▀[48;2;82;109;73m▀[48;2;82;110;73m▀▘[38;2;155;151;78;48;2;135;131;67m▀[38;2;155;151;77;48;2;134;131;67m▀▀▀▀▀[38;2;154;150;77m▀▘[38;2;91;122;81;48;2;81;108;71m▀[38;2;88;118;78;48;2;79;106;70m▀[38;2;80;108;71;48;2;80;108;71m▔[38;2;253;253;253;48;2;73;98;64m▀[48;2;72;96;63m▀▀[48;2;74;99;65m▀[38;2;85;114;75;48;2;77;103;68m▘[38;2;150;146;75;48;2;131;128;65m▀[38;2;153;149;77;48;2;133;130;66m▀[38;2;154;150;77;48;2;134;131;67m▀[38;2;155;151;77;48;2;135;131;67m▀▀[48;2;135;132;67m▀[38;2;155;151;78m▀▘[38;2;94;126;84;48;2;82;110;73m▀▀▀▀▀▀▀[38;2;93;125;83;48;2;82;109;73m▘[38;2;150;147;75;48;2;132;129;66m▀[38;2;146;142;73;48;2;130;127;64m▀[38;2;140;137;69;48;2;128;125;63m▘[38;2;253;253;253;48;2;121;118;59m▀[48;2;118;115;58m▀▀[48;2;122;119;60m▀[38;2;139;135;68;48;2;128;125;63m▔[38;2;91;122;81;48;2;80;107;71m▀[38;2;93;125;83;48;2;81;108;72m▀[38;2;94;126;83;48;2;81;109;72m▀[38;2;94;126;84m▀▀[48;2;82;109;73m▀[48;2;82;110;73m▀▘[38;2;155;151;78;48;2;135;131;67m▀[38;2;155;151;77;48;2;134;131;67m▀▀▀▀▀▀[48;2;135;131;67m▘[38;2;61;60;30;48;2;45;45;22m▏[38;2;45;45;22m▔▔▔▔▔▔▔▔▔▔▔▔▔▔▔▔▔▔▔▔▔▔▔[0m
[38;2;45;45;22;48;2;45;45;22m▔[38;2;76;75;38m▕[38;2;153;149;76;48;2;173;169;90m▗[38;2;172;168;89;48;2;152;148;76m▀[38;2;171;167;89;48;2;149;145;74m▀[38;2;170;166;89;48;2;148;144;74m▀▀[38;2;171;167;89;48;2;149;145;74m▀[38;2;172;168;89;48;2;152;148;76m▀[38;2;133;130;66;48;2;153;149;76m▐[38;2;93;125;83;48;2;108;143;98m▗[38;2;108;143;97;48;2;92;123;82m▀[38;2;107;142;97;48;2;90;121;80m▀[38;2;107;141;96;48;2;89;120;80m▀[48;2;90;120;80m▀[38;2;107;142;96;48;2;90;121;80m▀[38;2;108;143;97;48;2;91;123;81m▀[38;2;81;109;72;48;2;93;125;83m▐[38;2;152;148;76;48;2;171;167;89m▗[38;2;169;165;88;48;2;151;147;75m▀[38;2;165;161;85;48;2;147;143;73m▀[38;2;162;158;84;48;2;144;140;71m▀[38;2;160;157;83m▀[38;2;161;158;84;48;2;145;142;72m▀[38;2;163;159;84;48;2;149;145;74m▀[38;2;131;128;65;48;2;150;147;75m▐[38;2;94;126;83;48;2;107;142;97m▗[38;2;108;143;98;48;2;94;126;84m▀[38;2;109;144;98m▀▀▀▀▀[38;2;83;111;74m▐[38;2;155;151;78;48;2;174;170;90m▗[38;2;174;170;90;48;2;155;151;78m▀▀▀▀▀[48;2;155;151;77m▀[38;2;134;131;67m▐[38;2;92;124;82;48;2;108;143;97m▗[38;2;106;140;96;48;2;92;123;82m▀[38;2;103;137;93;48;2;89;120;80m▀[38;2;101;134;91;48;2;87;117;77m▀[38;2;100;133;90m▀[38;2;100;133;91;48;2;88;118;78m▀[38;2;102;135;92;48;2;90;121;80m▀[38;2;80;107;71;48;2;91;122;81m▐[38;2;152;148;76;48;2;170;166;89m▗[38;2;171;167;89;48;2;151;147;75m▀[48;2;149;145;74m▀[38;2;170;166;89;48;2;148;144;74m▀▀[38;2;171;167;89;48;2;149;145;74m▀[38;2;172;168;89;48;2;152;148;76m▀[38;2;134;131;67;48;2;153;149;76m▐[38;2;93;125;83;48;2;108;143;98m▗[38;2;108;143;97;48;2;92;123;82m▀[38;2;107;142;97;48;2;90;121;80m▀[38;2;107;141;96;48;2;89;120;80m▀[48;2;90;120;80m▀[38;2;107;142;96;48;2;90;121;80m▀[38;2;108;143;97;48;2;91;123;81m▀[38;2;81;109;72;48;2;93;125;83m▐[38;2;51;56;31;48;2;45;45;22m▏[38;2;45;45;22m▔▔▔▔▔▔▔▔▔▔▔▔▔▔▔▔▔▔▔▔▔▔▔[0m
[38;2;45;45;22;48;2;45;45;22m▔[38;2;74;73;38m▕[38;2;150;147;75;48;2;170;166;88m▐[38;2;143;139;71;48;2;148;144;74m▗[38;2;253;253;253;48;2;144;140;71m▗[48;2;142;138;70m▆▆▖[38;2;143;139;71;48;2;147;144;73m▖[38;2;131;128;65;48;2;149;145;74m▐[38;2;91;122;81;48;2;105;139;95m▐[38;2;86;116;77;48;2;89;120;80m▗[38;2;253;253;253;48;2;87;117;77m▗[48;2;86;115;76m▆▆[48;2;86;116;77m▖[38;2;86;116;77;48;2;90;120;80m▖[38;2;80;108;71;48;2;90;121;80m▐[38;2;150;146;74;48;2;167;163;87m▐[38;2;143;139;71;48;2;147;143;73m▗[38;2;253;253;253;48;2;144;140;71m▗[48;2;140;137;69m▆[48;2;140;136;69m▆[48;2;141;137;70m▖[38;2;143;139;71;48;2;147;143;73m▖[38;2;132;129;65;48;2;149;145;74m▐[38;2;94;126;84;48;2;107;142;97m▐[38;2;94;126;83;48;2;94;126;83m▔[38;2;94;126;84;48;2;255;255;0m▀[38;2;255;255;0m▔▔[38;2;94;126;84m▀[48;2;94;126;84m▔[38;2;83;111;74m▐[38;2;155;151;78;48;2;174;170;90m▐[48;2;155;151;78m▔[48;2;255;255;0m▀[38;2;255;255;0m▔▔[38;2;155;151;77m▀[48;2;155;151;77m▔[38;2;133;130;66;48;2;154;150;77m▐[38;2;92;123;82;48;2;107;142;97m▐[38;2;86;116;77;48;2;89;120;80m▗[38;2;253;253;253;48;2;87;117;77m▗[48;2;85;115;76m▆[48;2;85;114;75m▆[48;2;85;115;76m▖[38;2;86;116;77;48;2;88;119;79m▖[38;2;80;107;71;48;2;90;121;81m▐[38;2;150;146;75;48;2;168;164;87m▐[38;2;143;139;71;48;2;147;143;73m▗[38;2;253;253;253;48;2;144;140;71m▗[48;2;142;138;70m▆▆[48;2;143;140;71m▖[38;2;143;139;71;48;2;147;144;73m▖[38;2;131;128;65;48;2;149;145;74m▐[38;2;91;122;81;48;2;106;141;96m▐[38;2;86;116;77;48;2;89;120;80m▗[38;2;253;253;253;48;2;86;116;77m▗[48;2;85;115;76m▆[48;2;85;114;75m▆[48;2;87;116;77m▖[38;2;86;116;77;48;2;89;120;79m▖[38;2;81;108;72;48;2;91;122;81m▐[38;2;50;55;30;48;2;45;45;22m▏[38;2;45;45;22m▔▔▔▔▔▔▔▔▔▔▔▔▔▔▔▔▔▔▔▔▔▔▔[0m
[38;2;45;45;22;48;2;45;45;22m▔[38;2;74;73;37;48;2;44;44;22m▕[38;2;148;144;74;48;2;168;165;87m▐[38;2;145;142;72;48;2;140;136;69m▍[38;2;253;253;253;48;2;135;131;66m▗[48;2;253;253;253m▔▔[48;2;134;130;66m▖[38;2;143;139;71;48;2;139;135;68m▐[38;2;128;125;64;48;2;146;142;73m▐[38;2;89;120;79;48;2;104;137;93m▐[38;2;84;113;75;48;2;87;117;78m▐[38;2;253;253;253;48;2;81;110;72m▗[48;2;253;253;253m▔▔[48;2;81;110;72m▖[38;2;84;113;75;48;2;86;116;77m▍[38;2;78;104;69;48;2;88;118;78m▐[38;2;147;143;73;48;2;166;162;86m▐[38;2;144;140;72;48;2;140;137;70m▍[38;2;253;253;253;48;2;135;131;66m▗[48;2;253;253;253m▔▔[48;2;135;132;66m▖[38;2;144;140;71;48;2;140;136;69m▐[38;2;131;128;65;48;2;147;143;73m▐[38;2;93;125;83;48;2;107;140;93m▐[48;2;94;126;83m▏[38;2;255;255;0;48;2;94;126;84m▀[38;2;254;254;0;48;2;255;255;0m▖▁[38;2;255;255;0;48;2;94;126;84m▀[38;2;94;126;84m▔[38;2;83;111;74m▐[38;2;155;151;78;48;2;174;170;90m▐[48;2;155;151;77m▔[38;2;255;255;0m▀[48;2;255;255;0m▔[38;2;254;254;0m▁[38;2;255;255;0;48;2;155;151;77m▀[38;2;166;162;68;48;2;154;150;77m▏[38;2;132;129;66m▐[38;2;89;120;80;48;2;106;140;96m▐[38;2;87;117;78;48;2;84;114;75m▍[38;2;253;253;253;48;2;81;110;72m▗[48;2;253;253;253m▔▔[48;2;81;110;72m▖[38;2;84;113;75;48;2;86;116;77m▍[38;2;79;105;70;48;2;88;119;79m▐[38;2;147;143;73;48;2;166;162;86m▐[38;2;144;140;72;48;2;140;136;69m▍[38;2;253;253;253;48;2;134;130;66m▗[48;2;253;253;253m▔▔[48;2;134;130;66m▖[38;2;139;135;68;48;2;143;139;71m▍[38;2;129;126;64;48;2;146;142;72m▐[38;2;88;119;79;48;2;104;138;94m▐[38;2;84;113;75;48;2;87;116;77m▐[38;2;253;253;253;48;2;81;109;72m▗[48;2;253;253;253m▔▔[48;2;81;110;72m▖[38;2;87;117;77;48;2;83;113;74m▐[38;2;79;106;70;48;2;89;120;80m▐[38;2;50;55;30;48;2;44;44;22m▏[38;2;45;45;22;48;2;45;45;22m▔▔▔▔▔▔▔▔▔▔▔▔▔▔▔▔▔▔▔▔▔▔▔[0m
[38;2;45;45;22;48;2;45;45;22m▔[38;2;69;68;34;48;2;44;44;22m▕[38;2;149;145;74;48;2;130;127;64m▀[38;2;139;135;68;48;2;139;135;68m▔[38;2;253;253;253;48;2;118;115;58m▀[48;2;114;111;56m▀▀[48;2;118;115;58m▀[38;2;141;137;70;48;2;124;121;61m▀[38;2;145;142;72;48;2;128;125;63m▘[38;2;89;120;80;48;2;79;105;70m▀[38;2;84;113;75;48;2;84;113;75m▔[38;2;253;253;253;48;2;74;100;66m▀[48;2;72;97;64m▀▀[48;2;74;100;66m▀[38;2;86;116;77;48;2;77;103;68m▀[38;2;88;119;79;48;2;79;105;70m▘[38;2;147;143;73;48;2;129;126;64m▀[38;2;139;135;68;48;2;139;135;68m▔[38;2;253;253;253;48;2;120;117;59m▀[48;2;116;113;57m▀▀[48;2;120;117;59m▀[38;2;143;140;71;48;2;126;123;62m▀[38;2;147;143;73;48;2;130;127;65m▘[38;2;93;125;83;48;2;81;109;72m▀▀[38;2;94;126;83;48;2;81;108;72m▀[48;2;81;108;71m▀▀[38;2;94;126;84;48;2;81;109;72m▀[48;2;81;108;72m▀[48;2;82;109;72m▘[38;2;155;151;77;48;2;134;131;67m▀▀▀[48;2;133;130;66m▀▀▀[38;2;154;150;77;48;2;134;130;67m▀[48;2;133;130;66m▘[38;2;91;122;81;48;2;80;107;70m▀[38;2;84;113;75;48;2;84;113;75m▔[38;2;253;253;253;48;2;74;100;66m▀[48;2;72;97;64m▀▀[48;2;74;100;66m▀[38;2;78;104;69;48;2;84;113;75m▁[38;2;89;120;79;48;2;79;106;70m▘[38;2;147;144;73;48;2;130;127;64m▀[38;2;143;140;71;48;2;127;124;63m▀[38;2;253;253;253;48;2;123;120;60m▀[48;2;120;117;59m▀▀[48;2;123;120;61m▀[38;2;139;136;69;48;2;139;136;69m▔[38;2;146;142;73;48;2;129;126;64m▘[38;2;89;120;80;48;2;78;104;69m▀[38;2;85;114;76;48;2;75;101;67m▀[38;2;253;253;253;48;2;71;96;63m▀[48;2;69;92;61m▀▀[48;2;71;96;63m▀[38;2;75;101;67;48;2;85;114;75m▁[38;2;89;120;80;48;2;79;105;70m▘[38;2;50;55;30;48;2;44;44;22m▏[38;2;45;45;22;48;2;45;45;22m▔▔▔▔▔▔▔▔▔▔▔▔▔▔▔▔▔▔▔▔▔▔▔[0m
[38;2;45;45;22;48;2;44;44;22m▊[38;2;58;66;38;48;2;44;44;21m▕[38;2;88;118;78;48;2;104;138;94m▗[38;2;253;253;253;48;2;99;132;89m▗[48;2;94;125;85m▗[48;2;91;122;82m▖[48;2;92;122;83m▗[48;2;94;125;85m▖[48;2;97;130;88m▖[38;2;78;105;69;48;2;88;118;78m▐[38;2;152;148;76;48;2;168;164;87m▗[38;2;168;164;87;48;2;152;148;76m▀[38;2;165;161;85m▀[38;2;164;160;85m▀▀[38;2;166;162;86m▀[38;2;168;164;87;48;2;153;149;76m▀[38;2;132;129;66;48;2;152;148;76m▐[38;2;91;122;81;48;2;106;141;96m▗[38;2;103;137;93;48;2;89;120;80m▀[38;2;99;132;89;48;2;86;115;76m▀[38;2;253;253;253;48;2;96;128;87m▗▖[38;2;99;132;90;48;2;86;115;76m▀[38;2;103;136;93;48;2;90;120;80m▀[38;2;80;107;71;48;2;91;122;81m▐[38;2;150;146;74;48;2;170;166;88m▗[38;2;169;165;88;48;2;147;143;73m▀[38;2;168;164;87;48;2;144;141;72m▀[48;2;142;139;71m▀▀[48;2;144;141;72m▀[38;2;169;166;88;48;2;147;144;73m▀[38;2;131;128;65;48;2;150;147;75m▐[38;2;91;122;81;48;2;107;142;96m▗[38;2;107;142;97;48;2;90;121;81m▀[38;2;105;140;95;48;2;88;119;79m▀[38;2;106;140;96;48;2;88;118;78m▀▀[48;2;88;119;79m▀[38;2;107;142;97;48;2;91;123;81m▀[38;2;81;108;72;48;2;92;123;82m▐[38;2;153;149;77;48;2;171;167;89m▗[38;2;169;165;88;48;2;153;149;76m▀[38;2;166;162;86;48;2;152;148;76m▀[38;2;164;160;85m▀▀[38;2;166;162;86m▀[38;2;168;164;87;48;2;153;149;76m▀[38;2;133;130;66;48;2;153;149;77m▐[38;2;93;125;83;48;2;106;140;96m▗[38;2;105;140;95;48;2;93;125;83m▀[38;2;103;137;93;48;2;92;124;82m▀[38;2;103;136;93;48;2;92;123;82m▀[48;2;91;123;81m▀[38;2;103;137;93;48;2;92;123;82m▀[38;2;105;139;95m▀[38;2;80;108;71m▐[38;2;145;141;72;48;2;165;161;86m▗[38;2;253;253;253;48;2;158;154;81m▗[48;2;151;148;78m▗[48;2;148;145;76m▖[48;2;147;144;76m▗[48;2;151;148;78m▖[48;2;160;156;82m▖[38;2;130;127;64;48;2;146;142;72m▐[38;2;59;59;29;48;2;44;44;21m▏[38;2;44;44;22;48;2;45;45;22m▍[38;2;45;45;22m▔▔▔▔▔▔▔▔▔▔▔▔▔▔▔▔▔▔▔▔▔▔[0m
[38;2;44;44;21;48;2;45;45;22m▐[38;2;57;66;38;48;2;44;44;21m▕[38;2;86;116;77;48;2;103;137;93m▐[38;2;253;253;253;48;2;83;112;73m▝[38;2;75;102;67;48;2;253;253;253m▖[38;2;253;253;253m▔▔[38;2;75;102;67m▗[38;2;253;253;253;48;2;83;112;74m▘[38;2;78;104;69;48;2;85;115;76m▐[38;2;152;148;76;48;2;167;163;87m▐[38;2;154;150;77;48;2;153;149;76m▐[48;2;154;150;77m▔[38;2;155;151;77m▂[38;2;154;150;77;48;2;153;149;77m▆[38;2;155;151;77;48;2;154;150;77m▃[38;2;154;150;77m▔[38;2;133;130;66m▐[38;2;90;121;81;48;2;106;140;96m▐[38;2;88;118;78;48;2;85;115;76m▊[38;2;253;253;253;48;2;83;112;74m▗[48;2;157;157;157m▊[38;2;157;157;157;48;2;253;253;253m▍[38;2;253;253;253;48;2;83;112;74m▖[38;2;84;114;75;48;2;87;117;77m▖[38;2;78;105;69;48;2;88;118;78m▐[38;2;143;140;71;48;2;161;158;84m▐[38;2;253;253;253;48;2;138;135;68m▝[38;2;143;139;80;48;2;253;253;253m▘[38;2;136;133;77m▘▝[38;2;141;138;80m▝[38;2;253;253;253;48;2;137;133;68m▘[38;2;124;121;61;48;2;141;137;70m▐[38;2;87;117;78;48;2;101;130;87m▐[38;2;253;253;253;48;2;86;116;77m▗[48;2;84;113;75m▖[38;2;76;103;68;48;2;253;253;253m▖[38;2;78;105;69m▗[38;2;253;253;253;48;2;84;113;75m▗[48;2;86;116;77m▖[38;2;79;106;70;48;2;88;118;78m▐[38;2;153;149;77;48;2;168;164;87m▐[48;2;154;150;77m▏[38;2;154;150;77;48;2;254;254;0m▀[38;2;254;254;0;48;2;253;253;0m▁[38;2;252;252;0;48;2;254;254;0m▔[38;2;154;150;77m▀[48;2;155;151;77m▔[38;2;135;131;67m▐[38;2;94;126;84;48;2;109;144;98m▐[48;2;93;125;83m▆▅[38;2;93;125;83;48;2;94;126;84m▀▀[38;2;94;126;83;48;2;93;125;83m▖[38;2;92;124;82m▕[38;2;81;109;72;48;2;92;123;82m▐[38;2;143;139;71;48;2;164;160;85m▐[38;2;253;253;253;48;2;138;134;68m▝[38;2;126;122;62;48;2;253;253;253m▖[38;2;253;253;253m▔▔[38;2;126;122;62m▗[38;2;253;253;253;48;2;138;134;68m▘[38;2;128;125;64;48;2;143;139;71m▐[38;2;58;58;28;48;2;44;44;21m▏[38;2;44;44;22;48;2;45;45;22m▍[38;2;45;45;22m▔▔▔▔▔▔▔▔▔▔▔▔▔▔▔▔▔▔▔▔▔▔[0m
[38;2;44;44;22;48;2;45;45;22m▐[38;2;57;66;38;48;2;44;44;21m▕[38;2;86;116;76;48;2;103;137;93m▐[38;2;83;112;74;48;2;81;109;72m▁[38;2;76;103;67;48;2;253;253;253m▘[38;2;157;157;157m▂[38;2;128;128;128m▂[38;2;76;103;67m▝[38;2;83;112;74;48;2;79;107;70m▐[38;2;78;104;69;48;2;86;115;76m▐[38;2;152;148;76;48;2;167;163;87m▐[38;2;153;149;76;48;2;154;150;77m▍[38;2;154;150;77;48;2;155;151;77m▍[38;2;155;151;77m▔▔▔[48;2;154;150;77m▍[38;2;132;129;66m▐[38;2;89;120;79;48;2;106;140;96m▐[38;2;87;117;78;48;2;84;113;75m▍[38;2;253;253;253;48;2;80;109;72m▗[38;2;149;149;149;48;2;253;253;253m▗[38;2;134;134;134m▖[38;2;253;253;253;48;2;80;108;71m▖[38;2;82;111;73;48;2;85;114;75m▍[38;2;76;102;67;48;2;87;117;78m▐[38;2;140;136;69;48;2;159;155;82m▐[38;2;253;253;253;48;2;134;131;66m▝[38;2;137;137;137;48;2;253;253;253m▝[38;2;253;253;253;48;2;146;146;146m▆[48;2;136;136;136m▆[38;2;136;136;136;48;2;253;253;253m▘[38;2;253;253;253;48;2;133;129;65m▘[38;2;121;118;60;48;2;136;132;67m▐[38;2;83;112;74;48;2;98;130;89m▐[38;2;81;109;72;48;2;253;253;253m▞[38;2;77;104;68m▘[38;2;138;138;138m▞[38;2;253;253;253;48;2;139;139;139m▞[38;2;77;104;69;48;2;253;253;253m▝[38;2;253;253;253;48;2;83;112;74m▞[38;2;86;115;76;48;2;84;113;75m▔[38;2;152;148;76;48;2;166;162;86m▐[38;2;166;162;67;48;2;153;149;77m▕[38;2;254;254;0;48;2;155;151;77m▀[48;2;255;255;0m▏[38;2;255;255;0m▔[48;2;155;151;77m▀[38;2;155;151;77m▔[38;2;135;132;67;48;2;155;151;78m▐[38;2;94;126;84;48;2;109;144;98m▐[48;2;94;126;84m▔▔▔▔[48;2;94;126;83m▊[38;2;94;126;83;48;2;93;125;83m▏[38;2;81;109;72;48;2;93;124;83m▐[38;2;143;139;70;48;2;164;160;85m▐[38;2;138;134;68;48;2;133;130;66m▍[38;2;127;123;62;48;2;253;253;253m▘[38;2;157;157;157m▂[38;2;128;128;128m▂[38;2;127;123;62m▝[38;2;140;137;69;48;2;135;131;66m▕[38;2;128;125;63;48;2;143;140;71m▐[38;2;58;58;28;48;2;44;44;21m▏[38;2;44;44;22;48;2;45;45;22m▍[38;2;45;45;22m▔▔▔▔▔▔▔▔▔▔▔▔▔▔▔▔▔▔▔▔▔▔[0m
[38;2;45;45;22;48;2;44;44;22m▊[38;2;54;61;35;48;2;44;44;21m▕[38;2;89;119;79;48;2;78;105;69m▀[38;2;253;253;253;48;2;77;103;68m▝[48;2;72;97;64m▀[48;2;70;95;62m▀[48;2;71;95;62m▀[48;2;72;97;64m▀[48;2;77;103;68m▘[38;2;87;117;78;48;2;78;105;69m▘[38;2;152;148;76;48;2;133;130;66m▀[38;2;154;150;77;48;2;134;131;67m▀[38;2;155;151;77;48;2;135;131;67m▀▀▀▀[48;2;134;131;67m▀[38;2;154;150;77;48;2;133;130;66m▘[38;2;91;122;81;48;2;80;107;70m▀[38;2;84;113;75;48;2;84;113;75m▔[38;2;253;253;253;48;2;74;100;66m▀[48;2;72;97;64m▀▀[48;2;74;100;66m▀[38;2;86;116;77;48;2;77;103;68m▀[38;2;87;118;78;48;2;78;105;69m▘[38;2;143;139;71;48;2;127;124;63m▀[38;2;253;253;253;48;2;125;122;62m▝[48;2;118;115;58m▀[48;2;116;113;57m▀▀[48;2;118;115;58m▀[48;2;125;122;62m▘[38;2;139;136;69m▘[38;2;86;116;77;48;2;77;104;69m▀[38;2;79;107;70;48;2;79;107;70m▔[38;2;253;253;253;48;2;72;97;64m▀[48;2;71;95;63m▀▀[48;2;72;97;64m▀[38;2;80;108;71;48;2;80;108;71m▔[38;2;87;117;77;48;2;78;105;69m▘[38;2;151;147;75;48;2;133;130;66m▀[38;2;154;150;77;48;2;134;131;67m▀[38;2;155;151;77;48;2;135;131;67m▀▀[48;2;135;132;67m▀▀[38;2;155;151;78m▀▘[38;2;94;126;84;48;2;82;110;73m▀▀▀▀▀▀[38;2;93;125;83;48;2;82;109;72m▀[38;2;92;124;82;48;2;81;108;71m▘[38;2;146;142;73;48;2;129;126;64m▀[38;2;253;253;253;48;2;126;123;62m▝[48;2;120;117;59m▀[48;2;117;114;57m▀[48;2;117;114;58m▀[48;2;120;117;59m▀[48;2;126;123;62m▘[38;2;144;140;72;48;2;129;126;64m▘[38;2;59;59;29;48;2;44;44;21m▏[38;2;44;44;22;48;2;45;45;22m▘[38;2;45;45;22m▔▔▔▔▔▔▔▔▔▔▔▔▔▔▔▔▔▔▔▔▔▔[0m
[38;2;45;45;22;48;2;45;45;22m▔[48;2;44;44;22m▅[38;2;44;44;22;48;2;44;44;21m▅[38;2;43;43;21;48;2;44;44;22m▀[48;2;41;41;20m▅[48;2;41;41;19m▅▅[48;2;41;41;20m▅[38;2;43;43;20;48;2;44;44;21m▀[38;2;44;44;22m▅[48;2;45;45;22m▘[38;2;45;45;22m▔▔▔▔▔▔▔[38;2;44;44;22m▀[48;2;43;43;21m▅[38;2;44;44;21;48;2;42;42;20m▅[38;2;43;43;21;48;2;41;41;20m▅▅[38;2;44;44;21;48;2;42;42;20m▅[38;2;43;43;21;48;2;44;44;22m▀[38;2;45;45;22;48;2;44;44;21m▂[38;2;44;44;22m▃[38;2;44;44;21;48;2;42;42;20m▅[38;2;43;43;21;48;2;41;41;20m▅[48;2;40;40;19m▅▅[48;2;41;41;20m▅[38;2;44;44;21;48;2;42;42;20m▅[38;2;44;44;22;48;2;43;43;21m▅[38;2;43;43;21;48;2;44;44;22m▀▀[48;2;41;41;20m▆[48;2;41;41;19m▅▅[48;2;41;41;20m▆[48;2;44;44;21m▀[38;2;45;45;22m▃[38;2;44;44;22;48;2;45;45;22m▘[38;2;45;45;22m▔▔▔▔▔▔▔▔▔▔▔▔▔▔[48;2;44;44;22m▅[38;2;44;44;22;48;2;44;44;21m▅[38;2;43;43;21;48;2;44;44;22m▀[48;2;41;41;20m▅[48;2;41;41;19m▅▅[48;2;41;41;20m▅[38;2;43;43;20;48;2;44;44;21m▀[38;2;44;44;22m▅[48;2;45;45;22m▘[38;2;45;45;22m▔▔▔▔▔▔▔▔▔▔▔▔▔▔▔▔▔▔▔▔▔▔▔[0m
[38;2;45;45;22;48;2;45;45;22m▔▔▔▔[48;2;44;44;22m▆▆▆▆[48;2;45;45;22m▔▔▔▔▔▔▔▔▔▔▔▔[38;2;44;44;22m▔[38;2;45;45;22;48;2;44;44;22m▆▆[38;2;44;44;22;48;2;45;45;22m▔[38;2;45;45;22m▔▔▔▔[48;2;44;44;22m▆▆▆▆[48;2;45;45;22m▔▔▔▔[48;2;44;44;22m▆▆▆[38;2;44;44;22;48;2;45;45;22m▔[38;2;45;45;22m▔▔▔▔▔▔▔▔▔▔▔▔▔▔▔▔▔▔▔▔[48;2;44;44;22m▆▆▆▆[48;2;45;45;22m▔▔▔▔▔▔▔▔▔▔▔▔▔▔▔▔▔▔▔▔▔▔▔▔▔▔[0m
[?25h