[48;2;226;226;226m[38;2;226;226;226m                                                                       [0m
[48;2;226;226;226m[38;2;226;226;226m  [48;2;188;188;188m[38;2;188;188;188m                                                                   [48;2;226;226;226m[38;2;226;226;226m  [0m
[48;2;226;226;226m[38;2;226;226;226m  [48;2;188;188;188m[38;2;188;188;188m                                                                   [48;2;226;226;226m[38;2;226;226;226m  [0m
[48;2;226;226;226m[38;2;226;226;226m  [48;2;188;188;188m[38;2;188;188;188m                                                                   [48;2;226;226;226m[38;2;226;226;226m  [0m
[48;2;226;226;226m[38;2;226;226;226m  [48;2;188;188;188m[38;2;188;188;188m                                [38;2;202;202;202m▁▁▁[38;2;188;188;188m                                [48;2;226;226;226m[38;2;226;226;226m  [0m
[48;2;226;226;226m[38;2;226;226;226m  [48;2;188;188;188m[38;2;188;188;188m                   [38;2;202;202;202m [38;2;210;210;210m▁▂▃▅▅▄▄▄▄▅▆[48;2;210;210;210m[38;2;195;195;195m [38;2;210;210;210m     [48;2;188;188;188m▅▄▄▄▄▄▅▄▄▃▂▁[38;2;202;202;202m [38;2;188;188;188m                 [48;2;226;226;226m[38;2;226;226;226m  [0m
[48;2;226;226;226m[38;2;226;226;226m  [48;2;188;188;188m[38;2;188;188;188m            [38;2;207;207;207m [38;2;210;210;210m▂▄▄▆▆[48;2;210;210;210m[38;2;195;195;195m [38;2;210;210;210m                                [48;2;188;188;188m▆▅▄▄▄▂[38;2;202;202;202m▁ [38;2;188;188;188m        [48;2;226;226;226m[38;2;226;226;226m  [0m
[48;2;226;226;226m[38;2;226;226;226m  [48;2;202;202;202m[38;2;210;210;210m▆▆[48;2;188;188;188m▆▆▆▅▅▅▅▅▅▆[48;2;210;210;210m[38;2;204;204;204m [38;2;210;210;210m                           [38;2;204;204;204m [38;2;202;202;202m▂[38;2;195;195;195m [38;2;210;210;210m                 [48;2;188;188;188m▅▃▃▅▇[48;2;202;202;202m▆▆[48;2;226;226;226m[38;2;226;226;226m  [0m
[48;2;226;226;226m[38;2;226;226;226m  [48;2;210;210;210m[38;2;210;210;210m                   [38;2;188;188;188m▁▃▄▅▅▆▇▇[48;2;188;188;188m[38;2;202;202;202m [38;2;188;188;188m  [48;2;202;202;202m▇[48;2;159;159;159m▌[48;2;129;129;129m[38;2;77;77;77m▇▇▇[48;2;188;188;188m[38;2;159;159;159m▌[48;2;210;210;210m[38;2;188;188;188m▆▆▆▇[48;2;188;188;188m[38;2;197;197;197m [38;2;188;188;188m  [48;2;210;210;210m▇▇▆▇▆▅▄▃[38;2;207;207;207m▁[38;2;210;210;210m               [48;2;226;226;226m[38;2;226;226;226m  [0m
[48;2;226;226;226m[38;2;226;226;226m  [48;2;210;210;210m[38;2;210;210;210m              [38;2;188;188;188m▁▃▅▆[48;2;188;188;188m[38;2;202;202;202m [38;2;188;188;188m  [38;2;255;211;156m ▂▃▄▅▅▆[48;2;255;211;156m   [48;2;151;151;151m[38;2;188;188;188m▌[48;2;77;77;77m[38;2;77;77;77m   [48;2;255;211;156m[38;2;203;174;137m▌[38;2;255;211;156m  [48;2;188;188;188m▆▅▄▃▃▃▃▃▃▂▁[38;2;188;188;188m  [38;2;197;197;197m [48;2;210;210;210m[38;2;188;188;188m▇▄▃▂▂ [38;2;210;210;210m         [48;2;226;226;226m[38;2;226;226;226m  [0m
[48;2;226;226;226m[38;2;226;226;226m  [48;2;210;210;210m[38;2;210;210;210m           [38;2;195;195;195m▁[38;2;188;188;188m▂[48;2;188;188;188m[38;2;210;210;210m▘[38;2;188;188;188m [38;2;255;211;156m▁▂▃▃▅▆[48;2;255;211;156m          [48;2;195;129;129m[38;2;255;156;156m▌[48;2;77;77;77m[38;2;77;77;77m   [48;2;255;211;156m[38;2;203;174;137m▌[38;2;255;211;156m             [38;2;210;195;177m [48;2;188;188;188m[38;2;255;211;156m▅▅▄▃▁[38;2;232;203;166m [38;2;188;188;188m   [48;2;202;202;202m▇▇[48;2;210;210;210m▇▆▅▅▅▅[48;2;226;226;226m[38;2;226;226;226m  [0m
[48;2;226;226;226m[38;2;226;226;226m  [48;2;210;210;210m[38;2;210;210;210m  [38;2;202;202;202m▂▂[38;2;188;188;188m▂▂▃▃▄[48;2;188;188;188m[38;2;255;211;156m▁▃▃▅▅[48;2;247;208;159m▆[48;2;255;211;156m                [48;2;195;129;129m[38;2;255;156;156m▌[48;2;77;77;77m[38;2;77;77;77m   [48;2;255;211;156m[38;2;203;174;137m▌[38;2;255;211;156m                    [48;2;210;195;177m▇[48;2;188;188;188m▆▅▅▄▄▂▂▂▂▃[48;2;226;226;226m[38;2;226;226;226m  [0m
[48;2;226;226;226m[38;2;226;226;226m  [48;2;255;211;156m[38;2;255;211;156m  [38;2;239;205;162m [48;2;232;203;166m[38;2;255;211;156m▆[48;2;210;195;177m▇[48;2;232;203;166m▆[48;2;210;195;177m▇[48;2;255;211;156m[38;2;210;195;177m [38;2;255;211;156m                       [48;2;203;137;137m[38;2;255;156;156m▌[48;2;77;77;77m[38;2;129;129;129m▂▂▂[48;2;255;211;156m[38;2;203;174;137m▌[38;2;255;211;156m                               [48;2;226;226;226m[38;2;226;226;226m  [0m
[48;2;226;226;226m[38;2;226;226;226m  [48;2;255;211;156m[38;2;255;211;156m                    [38;2;77;77;77m▂[38;2;40;40;40m▂▂▂▂▂▂▂[38;2;54;54;54m▂[38;2;77;77;77m▂▂[48;2;255;156;156m[38;2;127;127;127m▂[48;2;255;89;89m[38;2;255;180;89m▁[38;2;255;156;156m▁[48;2;255;89;188m▁[48;2;255;156;156m[38;2;159;159;159m▂[48;2;255;211;156m[38;2;129;129;129m▂▂▂▂▂▂▂▂▂▂[38;2;255;211;156m                     [48;2;226;226;226m[38;2;226;226;226m  [0m
[48;2;226;226;226m[38;2;226;226;226m  [48;2;255;211;156m[38;2;255;211;156m                    [48;2;40;40;40m[38;2;40;40;40m      [38;2;116;0;116m▁[48;2;54;54;54m▃[48;2;116;0;69m[38;2;181;0;107m▄[48;2;116;0;116m▅▄[48;2;255;180;89m▌[38;2;255;180;89m   [48;2;129;129;129m[38;2;255;156;156m▎[38;2;129;129;129m     [48;2;159;159;159m▆▇▅[38;2;159;159;159m  [48;2;255;211;156m▌[38;2;255;211;156m          [38;2;240;210;174m▂▂[38;2;210;210;210m▂[38;2;188;188;188m▂▂▂▂[38;2;210;210;210m▃▃▃[48;2;226;226;226m[38;2;226;226;226m  [0m
[48;2;226;226;226m[38;2;226;226;226m  [48;2;255;211;156m[38;2;255;211;156m                    [48;2;77;77;77m▄[48;2;54;54;54m▄▄▄▄[48;2;77;77;77m▄[48;2;116;0;116m▄[48;2;181;0;107m▄▄[48;2;255;89;188m▄▄[48;2;255;180;89m[38;2;255;89;188m▘[38;2;255;180;89m   [48;2;255;89;188m▄[48;2;159;159;159m[38;2;255;211;156m▄▄[48;2;129;129;129m▄▄▄▄▄▄▄[48;2;159;159;159m▄[48;2;255;211;156m[38;2;159;159;159m▘[38;2;255;156;156m▗[48;2;255;156;156m[38;2;101;101;101m▗[38;2;77;77;77m▅▄[38;2;255;156;156m [48;2;188;188;188m[38;2;255;180;89m▄▄▄▄▄▃▃[48;2;159;159;159m▃▃▂[48;2;129;129;129m▂▁[48;2;188;188;188m[38;2;101;101;101m▆▆▆[48;2;226;226;226m[38;2;226;226;226m  [0m
[48;2;226;226;226m[38;2;226;226;226m  [48;2;255;211;156m[38;2;195;166;129m▂▂[38;2;188;158;122m▂▂▂[38;2;195;166;129m▂[38;2;203;174;137m▂▂[38;2;193;140;127m▂▂[38;2;77;77;77m▂▂[38;2;71;0;71m▃[48;2;159;159;159m[38;2;101;101;101m▆[48;2;210;210;210m▆[38;2;127;127;127m▂[48;2;255;211;156m[38;2;210;210;210m▃[38;2;255;211;156m [38;2;116;0;116m▂[38;2;127;127;127m▄[38;2;159;159;159m▃[38;2;226;226;226m▁▂[38;2;240;210;174m▂[38;2;255;211;156m      [38;2;226;226;226m▂[48;2;255;180;89m▖[38;2;255;180;89m   [38;2;226;226;226m▃[48;2;255;211;156m[38;2;245;216;179m▂[38;2;255;211;156m          [48;2;255;156;156m[38;2;213;147;147m▂[48;2;127;127;127m[38;2;255;156;156m▘[48;2;77;77;77m[38;2;116;0;116m▌[38;2;77;77;77m  [48;2;255;180;89m▇[48;2;159;159;159m▅[48;2;255;180;89m[38;2;101;101;101m▅[38;2;212;162;101m▂[38;2;255;172;111m▂[38;2;255;180;89m [38;2;101;101;101m▂▂[48;2;255;156;156m[38;2;127;127;127m▂▃▂[48;2;255;211;156m▄[48;2;255;180;89m▄▄▃[48;2;226;226;226m[38;2;226;226;226m  [0m
[48;2;226;226;226m[38;2;226;226;226m  [48;2;54;54;54m[38;2;129;129;129m▃[38;2;159;159;159m▃[48;2;116;0;69m▃▃▃▃[48;2;77;77;77m[38;2;188;188;188m▂▂[38;2;210;210;210m▂▂[48;2;116;0;69m[38;2;188;188;188m▃▃▃▃▃▃▃[38;2;210;210;210m▃[38;2;188;188;188m▃[48;2;101;101;101m[38;2;226;226;226m▂[48;2;127;127;127m▂[48;2;226;226;226m[38;2;193;193;193m▬[38;2;203;203;203m▬▬[38;2;213;213;213m▬[48;2;210;210;210m[38;2;176;176;176m━[48;2;255;211;156m[38;2;210;210;210m▄[38;2;226;226;226m▄▅[48;2;226;226;226m[38;2;255;255;255m▄▆[48;2;255;180;89m▌[38;2;255;180;89m   [48;2;226;226;226m▎[38;2;226;226;226m  [48;2;255;211;156m▅[38;2;245;216;179m▂[38;2;255;211;156m [38;2;129;129;129m▂[38;2;181;0;107m▄▅▃▅[48;2;255;156;156m[38;2;116;0;116m▅[48;2;101;101;101m[38;2;101;101;101m [48;2;116;0;116m[38;2;103;25;103m▬[48;2;77;77;77m[38;2;69;69;69m▬[38;2;40;40;40m▅[48;2;54;54;54m▄▄[48;2;77;77;77m▄▄[48;2;101;101;101m▅[38;2;71;0;42m▄[38;2;40;40;40m▄▄▄[48;2;77;77;77m▄[48;2;101;101;101m▄▄▄▄[48;2;77;77;77m▄[48;2;101;101;101m▄[48;2;226;226;226m[38;2;226;226;226m  [0m
[48;2;226;226;226m[38;2;226;226;226m  [48;2;129;129;129m[38;2;77;77;77m▂[48;2;159;159;159m▄[48;2;188;188;188m▄[38;2;101;101;101m▄▄[48;2;210;210;210m▄▄[48;2;226;226;226m▄▄▄[48;2;210;210;210m▃▃[38;2;127;127;127m▃[38;2;129;129;129m▃▃[38;2;159;159;159m▃[48;2;226;226;226m▃[48;2;210;210;210m▂[48;2;226;226;226m▂[38;2;188;188;188m▂[38;2;210;210;210m▃▃▃[38;2;226;226;226m  [38;2;255;255;255m━[38;2;226;226;226m [38;2;255;255;255m▗[48;2;255;255;255m   [48;2;255;180;89m▌[48;2;255;140;0m[38;2;255;140;0m [48;2;255;180;89m▊[38;2;255;180;89m [48;2;255;255;255m[38;2;255;230;199m▌[48;2;226;226;226m[38;2;255;255;255m▂[38;2;226;226;226m   [48;2;101;101;101m[38;2;188;188;188m▂[48;2;116;0;116m[38;2;54;54;54m▇[48;2;54;54;54m [48;2;116;0;69m▇[48;2;71;0;42m[38;2;101;101;101m▁▁▁[48;2;116;0;69m[38;2;40;40;40m▆[48;2;71;0;71m[38;2;71;0;42m▅[48;2;71;0;42m[38;2;71;33;0m▅▅▅[48;2;54;54;54m▅▆[48;2;77;77;77m▆▆▆▆[48;2;54;54;54m▆▆[48;2;71;0;42m▆[48;2;71;33;0m[38;2;40;40;40m▄[48;2;71;0;42m▄▄▄▅▆[48;2;226;226;226m[38;2;226;226;226m  [0m
[48;2;226;226;226m[38;2;226;226;226m  [48;2;54;54;54m[38;2;54;54;54m [38;2;65;18;46m━[48;2;71;33;0m[38;2;54;54;54m▄[38;2;71;0;42m▄▄▄[38;2;54;54;54m▄[38;2;60;35;13m▂▂[48;2;54;54;54m[38;2;40;40;40m▂[48;2;40;40;40m[38;2;54;54;54m━━━━━━━[48;2;54;54;54m[38;2;77;77;77m━━[38;2;101;101;101m━▄[48;2;77;77;77m▄[48;2;101;101;101m [48;2;188;188;188m▇[48;2;210;210;210m▇[38;2;127;127;127m▇[48;2;226;226;226m[38;2;226;226;226m [48;2;255;255;255m▌[38;2;255;255;255m   [48;2;255;89;89m▌[48;2;255;140;0m[38;2;255;89;89m▅[48;2;255;180;89m▊[38;2;255;180;89m [48;2;255;255;255m[38;2;255;230;199m▌[38;2;255;255;255m [38;2;226;226;226m▝[48;2;226;226;226m[38;2;255;255;255m▁[38;2;226;226;226m  [38;2;213;213;213m▂[38;2;203;203;203m▂▂▂[48;2;210;210;210m[38;2;193;193;193m▂[48;2;226;226;226m[38;2;203;203;203m▂▂[48;2;210;210;210m[38;2;193;193;193m▂▂[48;2;188;188;188m[38;2;210;210;210m▆[48;2;159;159;159m▅▅[48;2;129;129;129m▅▅▅[38;2;188;188;188m▅[48;2;159;159;159m▄[38;2;149;149;149m▂▂▂▂▂[38;2;148;148;148m▂[48;2;77;77;77m[38;2;188;188;188m▆▆[38;2;159;159;159m▆[48;2;226;226;226m[38;2;226;226;226m  [0m
[48;2;226;226;226m[38;2;226;226;226m  [48;2;54;54;54m[38;2;77;77;77m▅▅▅━[38;2;101;101;101m━━━━━[48;2;71;0;42m━━━━━[38;2;127;127;127m━━━[38;2;129;129;129m━━[38;2;159;159;159m━━[48;2;116;0;69m━[48;2;71;0;42m▄[48;2;54;54;54m▄[38;2;188;188;188m▄[48;2;77;77;77m▄[48;2;226;226;226m[38;2;255;156;156m▂[48;2;255;255;255m▃[38;2;255;211;156m▃▃▄[48;2;255;180;89m[38;2;255;255;255m▘[48;2;181;99;0m[38;2;181;99;0m [48;2;255;89;89m▊[48;2;255;180;89m[38;2;255;180;89m [38;2;255;255;255m▝[48;2;255;255;255m[38;2;255;180;89m▄▃▃[48;2;226;226;226m▃▃[48;2;255;140;0m[38;2;210;210;210m▘[48;2;101;101;101m[38;2;255;140;0m▃▃▃▃▃▃▃▂▂▂▂[38;2;181;99;0m▄▄[48;2;127;127;127m[38;2;116;58;0m▅▅▅▅▅▅[48;2;101;101;101m▅▅[48;2;127;127;127m▅[48;2;101;101;101m▄▄[48;2;127;127;127m[38;2;181;99;0m▄[48;2;226;226;226m[38;2;226;226;226m  [0m
[48;2;226;226;226m[38;2;226;226;226m  [48;2;181;99;0m▂▂▂▂▂▂▃▃▃▃▃▃▃▃▃▃▃▃▄▄▄▄▄▅▅[48;2;255;180;89m▃[48;2;210;210;210m[38;2;255;180;89m━[48;2;255;211;156m[38;2;226;226;226m▇[48;2;226;226;226m[38;2;255;255;255m▌[48;2;255;255;255m  [48;2;101;101;101m▌[38;2;77;77;77m▆▊[48;2;255;180;89m[38;2;159;159;159m▆[48;2;255;230;199m[38;2;255;255;255m▆[48;2;255;180;89m▇▆▆[38;2;226;226;226m▆[48;2;255;140;0m▇[38;2;255;140;0m            [38;2;230;126;0m▂▂▂▂▂▂▂▂▂[38;2;255;123;29m▂▂[38;2;255;89;89m▂▂▂[48;2;226;226;226m[38;2;226;226;226m  [0m
[48;2;226;226;226m[38;2;226;226;226m  [38;2;255;148;211m▁▁▂▂▁▁▁[38;2;245;174;216m▁▁▁▁▁[38;2;255;148;211m▁▂▂▂▂▂▂▂▂▂▁[38;2;245;174;216m▁[38;2;226;226;226m  [38;2;210;210;210m▗[38;2;255;180;89m▁[48;2;255;255;255m[38;2;226;226;226m▂[38;2;255;255;255m  [48;2;77;77;77m▌[38;2;54;54;54m▅[48;2;101;101;101m▊[48;2;159;159;159m[38;2;159;159;159m [48;2;255;255;255m[38;2;255;255;255m   [38;2;226;226;226m▃[48;2;226;226;226m[38;2;255;180;89m▂[48;2;255;140;0m[38;2;226;226;226m▘[38;2;255;140;0m           [48;2;181;99;0m▅▃▃▃▃[48;2;255;89;89m▃▃▂▂▂▂▂▃▃▄[48;2;226;226;226m[38;2;226;226;226m  [0m
[48;2;226;226;226m[38;2;226;226;226m  [48;2;255;156;156m[38;2;255;89;89m▄▃▃▃▄▄▅▅▅▆▆▆▅[38;2;181;99;0m▅▅▅▅▅▅▄[38;2;255;140;0m▄▅▅▅[48;2;255;211;156m▆[48;2;240;163;70m▆[48;2;255;140;0m  [48;2;226;226;226m▆▄▂[48;2;54;54;54m[38;2;226;226;226m▌[38;2;54;54;54m [48;2;101;101;101m▊[48;2;129;129;129m[38;2;129;129;129m [48;2;226;226;226m[38;2;255;140;0m▁▂▄[48;2;255;211;156m▆[48;2;255;140;0m [38;2;205;112;0m▁▁[38;2;230;126;0m▂▂[38;2;205;112;0m▁[38;2;230;126;0m▂▂[38;2;205;112;0m▁▁▁[38;2;221;121;0m [38;2;181;99;0m▃▂[38;2;208;112;0m▂[38;2;116;58;0m▂▃▃▃▄▄▅▆▅▄▄▄▄[48;2;226;226;226m[38;2;226;226;226m  [0m
[48;2;226;226;226m[38;2;226;226;226m  [48;2;181;99;0m[38;2;116;58;0m▅▅▅▅▅▅▅▅▅▅▅▆▅▅▅▄▄▄▄▄▅▅[48;2;255;140;0m▆▅▄▄▄▄▅▅▆[48;2;54;54;54m[38;2;181;99;0m▌[48;2;40;40;40m[38;2;40;40;40m [48;2;77;77;77m▊[48;2;129;129;129m[38;2;129;129;129m [48;2;181;99;0m[38;2;181;99;0m [48;2;255;140;0m▆▅▅▇[48;2;181;99;0m      [38;2;71;33;0m▃▃▃▄▄[38;2;116;58;0m▆[48;2;116;58;0m               [48;2;226;226;226m[38;2;226;226;226m  [0m
[48;2;226;226;226m[38;2;226;226;226m  [48;2;116;58;0m[38;2;71;0;42m▄▄▄▄▄▄▄▄▄▄▃▃▃▂[38;2;116;58;0m    [38;2;159;85;0m━━━━━━━━━━━[38;2;181;99;0m━━[48;2;54;54;54m▌[48;2;40;40;40m[38;2;40;40;40m [48;2;77;77;77m▊[48;2;116;58;0m[38;2;116;58;0m [48;2;181;99;0m[38;2;181;99;0m [48;2;116;58;0m▁[38;2;116;58;0m [38;2;71;33;0m▄[48;2;181;99;0m▅▅▇[38;2;40;40;40m▆[38;2;71;0;42m▇[48;2;71;0;42m  [48;2;71;33;0m▇[48;2;71;0;42m  [48;2;71;33;0m▆▆▆▆[48;2;116;58;0m▆▆▆▅▅▅▅▅▄▄▄▄▅▅[48;2;226;226;226m[38;2;226;226;226m  [0m
[48;2;226;226;226m[38;2;226;226;226m  [48;2;71;0;71m[38;2;71;0;71m   [38;2;116;0;69m━━[48;2;116;0;69m   [38;2;181;0;107m━[48;2;181;0;107m[38;2;116;0;69m▂[38;2;255;89;89m▝[48;2;255;89;89m[38;2;181;0;107m▂[38;2;230;59;95m▂▂[38;2;255;89;89m    [48;2;255;180;89m[38;2;255;149;89m▂[38;2;255;156;156m▂[38;2;255;172;111m▂[38;2;255;156;156m▃[48;2;230;137;104m▆▆[48;2;230;173;104m[38;2;255;211;156m▆[48;2;255;170;133m▆[48;2;212;183;146m▆[48;2;213;183;147m▆[48;2;193;193;193m[38;2;210;210;210m▆[48;2;210;210;210m[38;2;173;173;173m▂[38;2;153;153;153m▂[48;2;54;54;54m[38;2;159;159;159m▌[48;2;40;40;40m[38;2;40;40;40m [48;2;77;77;77m▊[48;2;127;127;127m[38;2;127;127;127m [48;2;210;210;210m[38;2;182;182;182m▌[48;2;255;180;89m[38;2;226;226;226m▇▇[48;2;181;99;0m▄[38;2;210;210;210m▄[38;2;226;226;226m▃[48;2;116;58;0m[38;2;255;211;156m▃▃▃[48;2;71;33;0m[38;2;255;156;156m▃[48;2;71;0;42m▃▃[38;2;255;89;89m▃▃▃▃▃▃▃[38;2;181;0;107m▃▃▃▃▃[38;2;116;0;69m▃▃▃▃[38;2;71;0;71m▃▄▄[38;2;71;0;42m [48;2;226;226;226m[38;2;226;226;226m  [0m
[48;2;226;226;226m[38;2;226;226;226m  [48;2;116;0;69m[38;2;116;0;116m▆▆▆▆▆[48;2;116;0;100m▆▆▆[48;2;116;0;116m [48;2;181;0;107m[38;2;159;0;110m▬[38;2;181;0;107m  [38;2;255;89;89m▗▆[48;2;255;89;89m     [38;2;255;156;156m▝[48;2;255;180;89m▄▄[38;2;255;180;89m  [48;2;255;156;156m[38;2;195;129;129m▂[38;2;40;40;40m▂▅[48;2;129;129;129m▇[48;2;40;40;40m     [48;2;54;54;54m▊[48;2;181;99;0m[38;2;134;79;13m▂[48;2;255;180;89m[38;2;19;19;19m▃▂[38;2;40;40;40m▃[38;2;255;180;89m  [38;2;183;133;72m▂▂[38;2;54;54;54m▃[38;2;255;180;89m [38;2;255;149;89m▁▂[38;2;255;89;89m▁▂▂▃[48;2;255;156;156m▆▆▆[48;2;255;89;89m[38;2;255;156;156m [48;2;230;59;95m[38;2;255;89;89m▆[48;2;181;0;107m▅▖[48;2;159;0;110m[38;2;181;0;107m▆▆[48;2;116;0;116m▆[48;2;116;0;69m▆[38;2;116;0;116m▆▅▅▅▅[48;2;71;0;71m▅[48;2;226;226;226m[38;2;226;226;226m  [0m
[48;2;226;226;226m[38;2;226;226;226m  [48;2;116;0;116m[38;2;77;77;77m▆▅▄▃▁[38;2;90;51;90m▁▁[38;2;116;0;116m [38;2;181;0;107m▝[48;2;181;0;107m[38;2;116;0;116m▃▃▂▁[38;2;159;0;110m▂[48;2;255;89;89m[38;2;181;0;107m▆▄▁[38;2;230;59;95m▂[38;2;255;89;89m  [38;2;116;0;69m▂[38;2;54;54;54m▃[48;2;255;180;89m[38;2;40;40;40m▅[48;2;255;89;89m▇[48;2;19;19;19m[38;2;19;19;19m [48;2;40;40;40m[38;2;71;0;42m▁[38;2;116;0;69m▂[38;2;71;0;42m▃[38;2;40;40;40m  [38;2;19;19;19m▃▃▅[48;2;19;19;19m [48;2;40;40;40m[38;2;40;40;40m [48;2;19;19;19m[38;2;83;45;6m▁[38;2;116;58;0m▂[38;2;181;99;0m▂[48;2;40;40;40m━▘[38;2;19;19;19m▄▆▆▂[48;2;255;89;89m▄[38;2;40;40;40m▄[38;2;19;19;19m▃[38;2;40;40;40m▃▂[38;2;71;0;71m▂[38;2;116;0;69m▃[38;2;116;0;116m▄[38;2;181;0;107m▅▅[38;2;116;0;116m▅▆[48;2;181;0;107m▆▆▆▆[48;2;116;0;116m       [48;2;226;226;226m[38;2;226;226;226m  [0m
[48;2;226;226;226m[38;2;226;226;226m  [48;2;77;77;77m[38;2;77;77;77m     [38;2;116;0;116m▄▅▅▄▅▅[48;2;116;0;116m  [38;2;181;0;107m━[48;2;181;0;107m[38;2;116;0;116m▂[38;2;134;13;84m▂[38;2;40;40;40m▂▃[48;2;116;0;69m[38;2;101;0;60m▬[48;2;71;0;42m[38;2;116;0;69m▅[48;2;116;0;69m[38;2;90;13;59m▂[38;2;40;40;40m▄[48;2;40;40;40m[38;2;71;0;42m▄▅[48;2;71;0;42m[38;2;60;13;41m▂[38;2;19;19;19m▃▆[48;2;40;40;40m[38;2;77;77;77m▁▄▅▅[48;2;19;19;19m[38;2;19;19;19m [48;2;40;40;40m[38;2;40;40;40m [38;2;101;101;101m━[48;2;116;58;0m[38;2;19;19;19m▆▅▆[48;2;19;19;19m[38;2;33;33;33m [38;2;40;40;40m▁▂▂[38;2;19;19;19m      [48;2;40;40;40m▇▆▆▆▅[48;2;116;0;69m▄[48;2;116;0;116m▂[38;2;40;40;40m▃▂▃▂▁[38;2;90;13;90m▁[38;2;116;0;116m       [48;2;226;226;226m[38;2;226;226;226m  [0m
[48;2;226;226;226m[38;2;226;226;226m  [48;2;77;77;77m[38;2;77;77;77m        [38;2;40;40;40m▃▅▆▆[48;2;116;0;116m▇[48;2;71;0;71m▇[48;2;40;40;40m[38;2;71;0;42m▄[38;2;40;40;40m [38;2;71;0;42m▃[48;2;71;0;42m[38;2;116;0;69m━[48;2;116;0;69m[38;2;101;0;60m▬[48;2;71;0;42m[38;2;71;0;42m [48;2;40;40;40m[38;2;40;40;40m [48;2;71;0;42m▆[48;2;40;40;40m  [48;2;19;19;19m▄[48;2;40;40;40m[38;2;77;77;77m▅[48;2;77;77;77m[38;2;64;64;64m▂[38;2;57;57;57m▂[48;2;54;54;54m[38;2;54;54;54m [48;2;40;40;40m[38;2;77;77;77m▄[48;2;77;77;77m[38;2;40;40;40m▄[38;2;19;19;19m▆[48;2;19;19;19m     [38;2;40;40;40m [48;2;40;40;40m[38;2;19;19;19m▇[48;2;33;33;33m▇[48;2;19;19;19m[38;2;33;33;33m [38;2;19;19;19m             [48;2;33;33;33m▇[48;2;40;40;40m▆▇[48;2;33;33;33m▇[48;2;40;40;40m▇▆[48;2;116;0;116m▅▂[38;2;116;0;116m [38;2;74;36;74m [38;2;95;18;95m▁▂▂[48;2;226;226;226m[38;2;226;226;226m  [0m
[48;2;226;226;226m[38;2;226;226;226m  [48;2;77;77;77m[38;2;54;54;54m▂[38;2;69;69;69m▂[38;2;57;57;57m▂[38;2;40;40;40m▂▃▄▅[48;2;40;40;40m   [38;2;33;33;33m▂[38;2;19;19;19m▃[38;2;40;40;40m  [38;2;54;54;54m━[48;2;54;54;54m[38;2;40;40;40m▅[48;2;40;40;40m [48;2;71;33;0m▅[48;2;40;40;40m   [38;2;54;54;54m▗▃[48;2;54;54;54m[38;2;77;77;77m▃━[48;2;40;40;40m[38;2;40;40;40m [48;2;19;19;19m▃[48;2;40;40;40m[38;2;54;54;54m▝[48;2;77;77;77m[38;2;40;40;40m▄▅[48;2;40;40;40m[38;2;19;19;19m▆[48;2;19;19;19m              [38;2;40;40;40m▁▁▁[38;2;19;19;19m      [38;2;40;40;40m▬╸[38;2;19;19;19m  [48;2;40;40;40m▇[48;2;19;19;19m    [48;2;54;54;54m▆▆▅▅[48;2;226;226;226m[38;2;226;226;226m  [0m
[48;2;226;226;226m[38;2;226;226;226m  [48;2;40;40;40m[38;2;40;40;40m [48;2;19;19;19m▄[48;2;40;40;40m      [38;2;19;19;19m▃▆[48;2;19;19;19m[38;2;40;40;40m▂━[48;2;40;40;40m       [38;2;54;54;54m▁▂[48;2;54;54;54m [48;2;77;77;77m[38;2;40;40;40m▄[48;2;54;54;54m▆[48;2;40;40;40m [38;2;19;19;19m▄▅▇[48;2;19;19;19m[38;2;33;33;33m [38;2;19;19;19m                [48;2;40;40;40m▆[48;2;33;33;33m▇[48;2;26;26;26m▆[48;2;19;19;19m          [38;2;40;40;40m [38;2;33;33;33m━[38;2;40;40;40m┓[38;2;19;19;19m  [38;2;33;33;33m┏[38;2;19;19;19m   [48;2;226;226;226m[38;2;226;226;226m  [0m
[48;2;226;226;226m[38;2;226;226;226m  [48;2;40;40;40m[38;2;40;40;40m                 [38;2;54;54;54m▗[48;2;54;54;54m    [38;2;40;40;40m▝[48;2;40;40;40m [48;2;19;19;19m▘[38;2;19;19;19m                                   [38;2;33;33;33m [38;2;19;19;19m [48;2;40;40;40m[38;2;40;40;40m [48;2;19;19;19m[38;2;19;19;19m    [48;2;226;226;226m[38;2;226;226;226m  [0m
[48;2;226;226;226m[38;2;226;226;226m                                                                       [0m
