[48;2;255;0;0m[38;2;0;0;0m                                           [0m
[48;2;255;0;0m[38;2;0;0;0m                  [48;2;255;255;0m[38;2;255;0;0m▘▝[48;2;255;0;0m[38;2;0;0;0m                       [0m
[48;2;255;0;0m[38;2;0;0;0m            [48;2;255;0;0m[38;2;255;255;0m▂▂▂▂▂▟▘▝▙▂▂▂▂▂                 [0m
[48;2;255;0;0m[38;2;0;0;0m             [48;2;255;255;0m[38;2;255;0;0m▅▂▀▇[48;2;255;0;0m[38;2;0;0;0m    [48;2;255;255;0m[38;2;255;0;0m▇▀▂▅[48;2;255;0;0m[38;2;0;0;0m                  [0m
[48;2;255;0;0m[38;2;0;0;0m               [48;2;255;255;0m[38;2;255;0;0m▌[48;2;255;0;0m[38;2;255;255;0m▘▁▄▄▁▝▌                    [0m
[48;2;255;0;0m[38;2;0;0;0m              [48;2;255;0;0m[38;2;255;255;0m▗▙▬[48;2;255;255;0m[38;2;255;0;0m▅[48;2;255;0;0m[38;2;0;0;0m  [48;2;255;255;0m[38;2;255;0;0m▅[48;2;255;0;0m[38;2;255;255;0m▬▟▖                   [0m
[48;2;255;0;0m[38;2;0;0;0m              [48;2;255;0;0m[38;2;255;255;0m▝        ▘                   [0m
[48;2;255;0;0m[38;2;0;0;0m           [48;2;255;0;0m[38;2;255;255;0m▂        [48;2;255;255;0m[38;2;255;0;0m▅[48;2;255;0;0m[38;2;255;255;0m━▄▂                   [0m
[48;2;255;0;0m[38;2;0;0;0m        [48;2;255;0;0m[38;2;255;255;0m▂▅[48;2;255;255;0m[38;2;0;0;0m [48;2;255;255;0m[38;2;255;0;0m▬[48;2;255;0;0m[38;2;0;0;0m           [48;2;255;255;0m[38;2;255;0;0m▅[48;2;255;255;0m[38;2;0;0;0m [48;2;255;0;0m[38;2;255;255;0m▅▂                [0m
[48;2;255;0;0m[38;2;0;0;0m       [48;2;255;255;0m[38;2;255;0;0m▂▅▅▁ [48;2;255;0;0m[38;2;255;255;0m▅   ▃▆▘      ▜[48;2;255;255;0m[38;2;0;0;0m  [48;2;255;0;0m[38;2;255;255;0m▃              [0m
[48;2;255;0;0m[38;2;0;0;0m           [48;2;255;255;0m[38;2;255;0;0m▇[48;2;255;0;0m[38;2;0;0;0m [48;2;255;0;0m[38;2;255;255;0m▂▅[48;2;255;255;0m[38;2;0;0;0m   [48;2;255;0;0m[38;2;255;255;0m▃       ▜[48;2;255;255;0m[38;2;255;0;0m  ▝[48;2;255;0;0m[38;2;0;0;0m             [0m
[48;2;255;0;0m[38;2;0;0;0m          [48;2;255;0;0m[38;2;255;255;0m▁▄[48;2;255;255;0m[38;2;255;0;0m▁      [48;2;255;255;0m[38;2;0;0;0m [48;2;255;0;0m[38;2;255;255;0m▄▁     [48;2;255;255;0m[38;2;0;0;0m   [48;2;255;255;0m[38;2;255;0;0m▝[48;2;255;0;0m[38;2;0;0;0m            [0m
[48;2;255;0;0m[38;2;0;0;0m          [48;2;255;255;0m[38;2;255;0;0m▆[48;2;255;0;0m[38;2;0;0;0m  [48;2;255;255;0m[38;2;255;0;0m▅▂       [48;2;255;0;0m[38;2;255;255;0m▆▂   ▐[48;2;255;255;0m[38;2;0;0;0m   [48;2;255;0;0m[38;2;255;255;0m▎           [0m
[48;2;255;0;0m[38;2;0;0;0m               [48;2;255;255;0m[38;2;255;0;0m▇▃[48;2;255;255;0m[38;2;0;0;0m        [48;2;255;0;0m[38;2;255;255;0m▃ ▐[48;2;255;255;0m[38;2;0;0;0m   [48;2;255;0;0m[38;2;255;255;0m▎           [0m
[48;2;255;0;0m[38;2;0;0;0m                  [48;2;255;255;0m[38;2;255;0;0m▅▂       [48;2;255;0;0m[38;2;255;255;0m▅[48;2;255;255;0m[38;2;255;0;0m▬▃[48;2;255;255;0m[38;2;0;0;0m [48;2;255;0;0m[38;2;0;0;0m            [0m
[48;2;255;0;0m[38;2;0;0;0m          [48;2;255;0;0m[38;2;255;255;0m▄▆▆[48;2;255;255;0m[38;2;0;0;0m [48;2;255;0;0m[38;2;255;255;0m▄▂▁   [48;2;255;255;0m[38;2;255;0;0m▆▃[48;2;255;255;0m[38;2;0;0;0m       [48;2;255;0;0m[38;2;255;255;0m▆▃            [0m
[48;2;255;0;0m[38;2;0;0;0m       [48;2;255;0;0m[38;2;255;255;0m▂▄[48;2;255;255;0m[38;2;0;0;0m  [48;2;255;255;0m[38;2;255;0;0m▂▅▅▁   [48;2;255;0;0m[38;2;255;255;0m▇▇[48;2;255;255;0m[38;2;0;0;0m  [48;2;255;0;0m[38;2;255;255;0m▄[48;2;255;255;0m[38;2;255;0;0m▬▂      [48;2;255;255;0m[38;2;0;0;0m [48;2;255;0;0m[38;2;255;255;0m▖          [0m
[48;2;255;0;0m[38;2;0;0;0m    [48;2;255;0;0m[38;2;255;255;0m▂▆[48;2;255;255;0m[38;2;0;0;0m   [48;2;255;255;0m[38;2;255;0;0m▃[48;2;255;0;0m[38;2;0;0;0m     [48;2;255;255;0m[38;2;255;0;0m▇▅▅▃▃▂▂▂▃[48;2;255;0;0m[38;2;0;0;0m [48;2;255;255;0m[38;2;255;0;0m▆▂[48;2;255;255;0m[38;2;0;0;0m    [48;2;255;255;0m[38;2;255;0;0m▃[48;2;255;0;0m[38;2;255;255;0m▂          [0m
[48;2;255;0;0m[38;2;0;0;0m   [48;2;255;255;0m[38;2;255;0;0m▊   ▁▟[48;2;255;0;0m[38;2;0;0;0m                   [48;2;255;255;0m[38;2;255;0;0m▇▇[48;2;255;0;0m[38;2;0;0;0m [48;2;255;0;0m[38;2;255;255;0m▝[48;2;255;255;0m[38;2;255;0;0m▁[48;2;255;0;0m[38;2;255;255;0m▅▂        [0m
[48;2;255;0;0m[38;2;0;0;0m    [48;2;255;255;0m[38;2;255;0;0m▇▇[48;2;255;0;0m[38;2;0;0;0m                           [48;2;255;255;0m[38;2;255;0;0m▆▃[48;2;255;0;0m[38;2;255;255;0m▆▃      [0m
[48;2;255;0;0m[38;2;0;0;0m                                    [48;2;255;255;0m[38;2;255;0;0m▅▂[48;2;255;0;0m[38;2;0;0;0m     [0m
