[?25l[0m[38;2;54;54;54;48;2;54;54;54m                [38;2;76;76;76m▔[38;2;54;54;54;48;2;76;76;76m▆▅[38;2;76;76;76;48;2;54;54;54m▀[38;2;54;54;54;48;2;76;76;76m▃▂        [38;2;254;179;88m▂▂[38;2;254;210;155m▂[48;2;100;100;100m▂▂▂▂   [38;2;100;100;100;48;2;124;124;124m▆[48;2;128;128;128m▅▖[38;2;122;122;122m▝     [38;2;128;128;128;48;2;100;100;100m▆[38;2;100;100;100;48;2;128;128;128m▀[38;2;128;128;128;48;2;100;100;100m▃▂▁        [38;2;76;76;76m▔[38;2;100;100;100;48;2;76;76;76m▅[38;2;76;76;76;48;2;100;100;100m▀[38;2;100;100;100;48;2;76;76;76m▂        [0m
[38;2;54;54;54;48;2;54;54;54m                       [48;2;76;76;76m▆ [38;2;254;88;88m▂[38;2;254;210;155m▅▆[38;2;76;76;76;48;2;254;210;155m▔ [38;2;254;88;88m▂[38;2;254;210;155;48;2;180;58;0m▀▀▀▀▀▀▀▀[38;2;100;100;100;48;2;254;139;0m▀[48;2;254;179;88m▀[38;2;254;179;88;48;2;100;100;100m▂ [38;2;128;128;128m▀[48;2;128;128;128m          [38;2;100;100;100m▔▀[38;2;128;128;128;48;2;100;100;100m▂         [38;2;76;76;76m▝[38;2;94;94;94;48;2;76;76;76m▃      [0m
[38;2;54;54;54;48;2;54;54;54m                    [38;2;180;58;0m▂▃[38;2;54;54;54;48;2;254;139;0m▀[38;2;180;58;0;48;2;254;210;155m▀[38;2;225;225;225;48;2;254;88;88m▆[38;2;254;210;155;48;2;225;225;225m▔[38;2;254;179;88;48;2;254;210;155m▃[38;2;254;210;155;48;2;180;58;0m▀[38;2;180;58;0;48;2;254;210;155m▆[48;2;254;88;88m▆[48;2;180;58;0m [38;2;115;58;0m▁▂▃▃▁   [38;2;254;88;88m▅[38;2;180;58;0;48;2;254;179;88m▀[38;2;254;88;88m▀ [38;2;254;179;88;48;2;100;100;100m▆[38;2;254;210;155;48;2;112;112;112m▅[48;2;128;128;128m▃▂          [38;2;128;128;128;48;2;100;100;100m▆[38;2;100;100;100;48;2;128;128;128m▀[38;2;128;128;128;48;2;100;100;100m▖        [38;2;100;100;100;48;2;76;76;76m▖     [0m
[38;2;54;54;54;48;2;54;54;54m                  [48;2;254;139;0m▀[38;2;254;139;0;48;2;54;54;54m▆[38;2;254;210;155;48;2;254;139;0m▂▅[48;2;225;225;225m▔[38;2;254;179;88m▗[38;2;254;210;155;48;2;254;139;0m▀[38;2;180;58;0;48;2;254;179;88m▆[38;2;254;139;0;48;2;180;58;0m▁▁[38;2;230;117;0m▁ [38;2;180;58;0;48;2;115;58;0m▖      [38;2;115;58;0;48;2;180;58;0m▅[38;2;180;58;0;48;2;115;58;0m▀[48;2;180;58;0m [48;2;254;88;88m▆[38;2;254;179;88;48;2;180;58;0m▀[38;2;180;58;0;48;2;254;88;88m▂▂[48;2;180;58;0m [38;2;115;58;0m▅[38;2;180;58;0;48;2;71;0;0m▀[38;2;254;210;155;48;2;71;32;0m▀[38;2;128;128;128;48;2;180;58;0m▀[48;2;128;128;128m           [48;2;100;100;100m▖       [38;2;76;76;76m▝[48;2;76;76;76m     [0m
[38;2;54;54;54;48;2;54;54;54m                [48;2;254;179;88m▀[48;2;254;139;0m▘[38;2;254;210;155m▃[38;2;254;179;88;48;2;254;210;155m▘ [38;2;254;210;155;48;2;225;225;225m▆[48;2;254;210;155m [48;2;254;179;88m [38;2;180;58;0m▂[38;2;254;139;0;48;2;180;58;0m▀[48;2;115;58;0m▀[38;2;115;58;0;48;2;254;139;0m▅▆[48;2;180;58;0m ▀[38;2;180;58;0;48;2;115;58;0m▅▅▆▆▆▆▅[48;2;180;58;0m [38;2;115;58;0m▀[38;2;180;58;0;48;2;115;58;0m▝[38;2;115;58;0;48;2;180;58;0m▀[38;2;180;58;0;48;2;115;58;0m▁[38;2;115;58;0;48;2;180;58;0m▆[48;2;115;58;0m [38;2;71;32;0m▐[48;2;71;0;0m▃  [38;2;128;128;128m▝[38;2;115;58;0;48;2;128;128;128m▂          [38;2;128;128;128;48;2;100;100;100m▅       [38;2;76;76;76m▝[48;2;76;76;76m    [0m
[38;2;76;76;76;48;2;54;54;54m▂▁▁▁▁▁▂▂▂▁▁▁▁ [38;2;254;179;88m▃[48;2;254;179;88m  [48;2;225;225;225m▀[38;2;254;254;254m▁[38;2;225;225;225;48;2;254;210;155m▅[38;2;254;179;88m▃[38;2;254;210;155;48;2;254;139;0m▀[38;2;254;179;88;48;2;180;58;0m▀  [38;2;180;58;0;48;2;115;58;0m▅[38;2;230;148;70;48;2;180;58;0m▁[38;2;254;179;88m▂▂▃ [38;2;144;58;0m▅[38;2;115;58;0m▆[48;2;115;58;0m [38;2;71;32;0m▅▆▅[38;2;115;58;0;48;2;71;32;0m▀[38;2;71;32;0;48;2;115;58;0m▃▃[48;2;180;58;0m▂[38;2;115;58;0m▂▂▂[38;2;180;58;0;48;2;115;58;0m▅ [48;2;71;32;0m [48;2;71;0;0m   [38;2;71;32;0m▂[38;2;71;0;0;48;2;180;58;0m▆[38;2;71;32;0;48;2;128;128;128m▂          [38;2;128;128;128;48;2;100;100;100m▖      [38;2;100;100;100;48;2;76;76;76m▍   [0m
[38;2;76;76;76;48;2;76;76;76m            [38;2;254;210;155m▃[38;2;76;76;76;48;2;254;210;155m▘[38;2;254;179;88m▗[38;2;254;210;155;48;2;254;179;88m▗[38;2;254;179;88;48;2;225;225;225m▘[38;2;254;210;155;48;2;254;254;254m▗[48;2;225;225;225m▅[48;2;254;179;88m [38;2;254;139;0m▗[48;2;180;58;0m▗[38;2;180;58;0;48;2;254;179;88m▀[38;2;254;179;88;48;2;180;58;0m▆[38;2;212;122;54;48;2;254;179;88m▔[38;2;254;139;0m▗[38;2;254;179;88;48;2;254;139;0m▀[38;2;254;139;0;48;2;254;179;88m▆[38;2;180;58;0;48;2;254;139;0m▃▅[48;2;180;58;0m [38;2;115;58;0m▂[38;2;180;58;0;48;2;115;58;0m▀[38;2;71;32;0m▁▃[38;2;180;58;0;48;2;71;32;0m▂[48;2;71;0;0m▂▂[48;2;71;32;0m▂▃▃▃[38;2;115;58;0m▅▗[48;2;115;58;0m [48;2;115;0;0m▀[38;2;180;58;0;48;2;115;58;0m▆[38;2;115;58;0;48;2;71;32;0m▃[48;2;71;0;0m▃[38;2;71;0;0;48;2;115;58;0m▀[38;2;115;0;0;48;2;71;32;0m▁[38;2;115;58;0;48;2;115;0;0m▃[38;2;71;32;0;48;2;115;58;0m▀[38;2;128;128;128;48;2;115;0;0m▝[38;2;115;58;0;48;2;128;128;128m▂         [38;2;100;100;100m▀[48;2;100;100;100m      [48;2;76;76;76m▖  [0m
[38;2;76;76;76;48;2;76;76;76m          [38;2;254;179;88m▗[38;2;225;225;225;48;2;254;179;88m▅[48;2;254;254;254m▕[48;2;254;179;88m▘[38;2;254;210;155m▗[48;2;225;225;225m▔▅[48;2;254;210;155m [38;2;254;179;88m▗[48;2;180;58;0m▀[48;2;254;139;0m▗[48;2;254;179;88m   [38;2;254;170;77m▗[38;2;230;117;0;48;2;254;139;0m▗[38;2;254;139;0;48;2;180;58;0m▘  [38;2;115;58;0m▂[48;2;115;58;0m [38;2;180;58;0m▃▅[38;2;254;139;0;48;2;180;58;0m▁▂[38;2;180;58;0;48;2;254;139;0m▀▀[38;2;254;139;0;48;2;180;58;0m▅▅▂▃▂ [38;2;180;58;0;48;2;115;58;0m▅[48;2;180;58;0m [48;2;115;58;0m▅[38;2;115;0;0;48;2;180;58;0m▀[38;2;115;58;0;48;2;115;0;0m▖▀▀[48;2;71;32;0m▀[38;2;115;0;0;48;2;180;58;0m▖  [38;2;115;58;0m▝[38;2;128;128;128;48;2;115;58;0m▝[48;2;128;128;128m         [38;2;100;100;100m▝[48;2;100;100;100m      [38;2;76;76;76m▝[48;2;76;76;76m [0m
[38;2;76;76;76;48;2;76;76;76m         [38;2;254;254;254m▗[38;2;254;210;155;48;2;254;254;254m▘▗[38;2;225;225;225;48;2;254;139;0m▘[48;2;254;179;88m [48;2;254;210;155m [38;2;254;179;88m▘▗[48;2;180;58;0m▀[38;2;254;139;0m▘[38;2;254;179;88m▗[38;2;254;210;155;48;2;254;179;88m▅[38;2;225;225;225m▅[38;2;254;179;88;48;2;254;210;155m▗[48;2;254;179;88m [38;2;238;125;0m▗[48;2;180;58;0m  [38;2;180;58;0;48;2;115;58;0m▀▃▆[48;2;180;58;0m [38;2;254;139;0m▃▆[48;2;254;139;0m [48;2;254;179;88m▀[38;2;254;179;88;48;2;254;139;0m▆[38;2;254;139;0;48;2;254;179;88m▂[38;2;254;179;88;48;2;254;139;0m▀▀▀   [38;2;254;139;0;48;2;180;58;0m▁▂▂  [38;2;115;58;0m▀[38;2;180;58;0;48;2;115;0;0m▂[38;2;71;32;0;48;2;71;0;0m▘[38;2;115;58;0m▝[48;2;180;58;0m▃[38;2;180;58;0;48;2;254;88;88m▖[48;2;115;58;0m▞[48;2;180;58;0m [38;2;128;128;128m▝[48;2;128;128;128m          [48;2;100;100;100m▖     [38;2;100;100;100;48;2;76;76;76m▍[0m
[38;2;76;76;76;48;2;76;76;76m        [48;2;254;254;254m▘ [38;2;254;179;88;48;2;225;225;225m▗[48;2;254;139;0m▘[38;2;254;139;0;48;2;254;179;88m▘[38;2;254;179;88;48;2;254;210;155m▘ ▗[48;2;180;58;0m▘ [38;2;180;58;0;48;2;254;179;88m▊[38;2;254;179;88;48;2;254;210;155m▘[48;2;225;225;225m [38;2;225;225;225;48;2;254;254;254m▂[48;2;254;210;155m▍[38;2;254;210;155;48;2;254;179;88m▍[38;2;254;179;88;48;2;180;58;0m▍[38;2;115;58;0m▗▀ [38;2;254;139;0m▗▅[48;2;254;139;0m  [38;2;254;179;88m▞▗▃▃▂▂[48;2;254;179;88m [48;2;254;139;0m▀▀[38;2;254;139;0;48;2;254;179;88m▗▂▔[38;2;254;179;88;48;2;254;139;0m▆▃▂[38;2;254;139;0;48;2;180;58;0m▆▖ [38;2;71;0;0m▝[38;2;71;32;0;48;2;71;0;0m▁[38;2;115;0;0m▝[38;2;180;58;0;48;2;115;58;0m▝[48;2;254;88;88m▕[48;2;115;58;0m▖[38;2;115;58;0;48;2;180;58;0m▃[38;2;128;128;128m▝[48;2;128;128;128m          [48;2;100;100;100m▏    [38;2;76;76;76m▝[0m
[38;2;76;76;76;48;2;76;76;76m       [38;2;225;225;225m▐[38;2;254;254;254;48;2;254;210;155m▀[38;2;254;210;155;48;2;254;179;88m▀[38;2;254;179;88;48;2;254;139;0m▘[38;2;254;139;0;48;2;254;179;88m▘ [38;2;254;179;88;48;2;254;210;155m▘▃[48;2;180;58;0m▘[38;2;180;58;0;48;2;115;58;0m▍▗[48;2;254;179;88m [48;2;254;210;155m [38;2;254;210;155;48;2;254;179;88m▘[38;2;254;179;88;48;2;254;210;155m▃▅[38;2;180;58;0;48;2;254;179;88m▗[48;2;115;58;0m▊[38;2;115;58;0;48;2;180;58;0m▍ [38;2;254;139;0m▃[48;2;254;139;0m   [48;2;254;179;88m▀    [38;2;100;100;100m▂▂[38;2;128;128;128m▃▃▃▂[38;2;100;100;100m▁[38;2;254;139;0m▀[38;2;254;179;88;48;2;254;139;0m▃[48;2;254;179;88m [38;2;254;139;0m▐[38;2;254;179;88;48;2;254;139;0m▂  [38;2;254;139;0;48;2;180;58;0m▖[38;2;71;32;0m▝[38;2;115;58;0;48;2;71;0;0m▖[48;2;115;0;0m [48;2;180;58;0m [38;2;254;88;88m▘[38;2;180;58;0;48;2;115;58;0m▖▝[38;2;128;128;128;48;2;180;58;0m▝[48;2;128;128;128m         [48;2;100;100;100m▍     [0m
[38;2;76;76;76;48;2;76;76;76m [38;2;54;54;54m▁[38;2;40;40;40m▁▂▂▂▃[48;2;254;179;88m [38;2;254;139;0m▗[48;2;180;58;0m▘[38;2;254;179;88;48;2;254;139;0m▗[48;2;254;179;88m [48;2;254;210;155m▃▆[38;2;180;58;0;48;2;254;179;88m▗[48;2;180;58;0m [48;2;254;139;0m▀[48;2;254;179;88m▘[38;2;254;210;155m▝▘[38;2;254;179;88;48;2;180;58;0m▘[38;2;180;58;0;48;2;254;179;88m▗[38;2;254;179;88;48;2;180;58;0m▐[38;2;180;58;0;48;2;254;139;0m▐[38;2;115;58;0;48;2;180;58;0m▐ [38;2;254;139;0m▗[48;2;254;139;0m  [38;2;254;179;88m▗[48;2;254;179;88m  [48;2;128;128;128m▀▀[38;2;158;158;158;48;2;254;179;88m▅[38;2;128;128;128;48;2;158;158;158m▊[38;2;187;187;187m▆[38;2;158;158;158;48;2;100;100;100m▅▆[38;2;187;187;187;48;2;128;128;128m▆[38;2;158;158;158;48;2;100;100;100m▆[48;2;187;187;187m▞[48;2;76;76;76m▆[38;2;76;76;76;48;2;128;128;128m▀[38;2;100;100;100;48;2;254;179;88m▆[38;2;254;179;88;48;2;100;100;100m▀[38;2;115;58;0;48;2;254;179;88m▂ [38;2;254;139;0m▀[38;2;254;179;88;48;2;254;139;0m▂ [38;2;180;58;0m▝[48;2;115;58;0m▖[38;2;18;18;18;48;2;71;0;0m▖[38;2;115;0;0;48;2;180;58;0m▖[38;2;115;58;0m▖ [38;2;180;58;0;48;2;115;58;0m▖[38;2;115;58;0;48;2;180;58;0m▊[38;2;128;128;128m▝[48;2;128;128;128m         [48;2;100;100;100m▖    [0m
[38;2;40;40;40;48;2;40;40;40m      [38;2;180;58;0m▐[48;2;254;179;88m▗[48;2;180;58;0m [38;2;254;139;0m▗[48;2;254;179;88m     [38;2;180;58;0m▂[38;2;254;179;88;48;2;180;58;0m▀[38;2;254;139;0m▗[48;2;254;179;88m [38;2;180;58;0m▐[48;2;180;58;0m  [38;2;254;179;88m▞ [38;2;115;58;0m▘ [48;2;254;139;0m  [38;2;254;139;0;48;2;254;179;88m▀ [38;2;254;179;88;48;2;100;100;100m▀[38;2;158;158;158;48;2;128;128;128m▗[38;2;100;100;100m▝[38;2;76;76;76;48;2;158;158;158m▀[38;2;128;128;128m▀▀[38;2;225;225;225m▃[38;2;54;54;54;48;2;128;128;128m▅▅[38;2;100;100;100;48;2;158;158;158m▆[48;2;128;128;128m▆[38;2;18;18;18m▆[38;2;128;128;128;48;2;18;18;18m▀▀[38;2;158;158;158;48;2;76;76;76m▀[38;2;40;40;40;48;2;128;128;128m▂[48;2;100;100;100m▞[38;2;158;158;158;48;2;76;76;76m▖[38;2;254;179;88;48;2;115;58;0m▀[48;2;254;179;88m [38;2;254;139;0m▀[48;2;254;139;0m [48;2;180;58;0m▍[38;2;115;58;0;48;2;71;0;0m▖[38;2;18;18;18m▍[38;2;115;58;0m▀[48;2;180;58;0m▖ [38;2;254;88;88m▗ [38;2;180;58;0;48;2;128;128;128m▖        [38;2;100;100;100m▝[48;2;100;100;100m    [0m
[38;2;40;40;40;48;2;40;40;40m      [48;2;254;139;0m▏[48;2;180;58;0m  [48;2;254;179;88m [38;2;254;179;88;48;2;254;210;155m▀[48;2;254;179;88m  [48;2;180;58;0m▀  [38;2;254;139;0m▗[48;2;254;179;88m ▐[38;2;180;58;0;48;2;254;139;0m▐[48;2;180;58;0m [38;2;254;139;0m▗▘  [38;2;180;58;0;48;2;254;139;0m▍ [38;2;254;179;88m▗[38;2;54;54;54;48;2;254;179;88m▗▆[48;2;128;128;128m▖[38;2;128;128;128;48;2;187;187;187m▃[48;2;158;158;158m▗[48;2;187;187;187m▖▗[38;2;187;187;187;48;2;100;100;100m▀[38;2;128;128;128;48;2;225;225;225m▃[48;2;254;254;254m▂▁ [38;2;158;158;158m▗[38;2;128;128;128m▂[38;2;54;54;54m▁[38;2;187;187;187;48;2;76;76;76m▏[38;2;158;158;158m▅[38;2;40;40;40;48;2;187;187;187m▀[38;2;158;158;158;48;2;54;54;54m▃[48;2;158;158;158m [38;2;128;128;128m▔[38;2;158;158;158;48;2;115;58;0m▖[38;2;180;58;0;48;2;254;179;88m▖[38;2;254;139;0m▝[48;2;254;139;0m [38;2;71;0;0;48;2;180;58;0m▐[48;2;18;18;18m▝[48;2;71;0;0m [38;2;115;0;0m▝[48;2;180;58;0m▃ [38;2;180;58;0;48;2;254;88;88m▐[38;2;128;128;128;48;2;180;58;0m▝[48;2;128;128;128m         [48;2;100;100;100m    [0m
[38;2;40;40;40;48;2;40;40;40m     [48;2;254;179;88m▘[38;2;254;139;0;48;2;180;58;0m▍ [38;2;254;179;88;48;2;254;139;0m▗[48;2;254;210;155m▘▗▗[48;2;180;58;0m▘  ▗[48;2;254;139;0m▗[48;2;254;179;88m [48;2;254;139;0m▏[38;2;180;58;0m▐[48;2;180;58;0m [38;2;254;179;88;48;2;254;139;0m▐[48;2;180;58;0m▍  [48;2;254;139;0m  [38;2;254;139;0;48;2;18;18;18m▘[38;2;76;76;76m▃[38;2;54;54;54;48;2;128;128;128m▀[38;2;187;187;187;48;2;76;76;76m▂[38;2;100;100;100;48;2;187;187;187m▘[38;2;128;128;128m▗▁▗[38;2;100;100;100;48;2;158;158;158m▝[38;2;254;254;254;48;2;54;54;54m▅[48;2;100;100;100m▅[48;2;128;128;128m▆[38;2;187;187;187;48;2;254;254;254m▘[38;2;254;254;254;48;2;225;225;225m▊[38;2;225;225;225;48;2;254;254;254m▔[38;2;254;254;254;48;2;128;128;128m▆[48;2;40;40;40m▖[38;2;76;76;76;48;2;225;225;225m▖[38;2;254;254;254;48;2;187;187;187m▊[38;2;158;158;158;48;2;128;128;128m▁[38;2;128;128;128;48;2;100;100;100m▀[48;2;158;158;158m▏▘[48;2;76;76;76m▖[38;2;180;58;0;48;2;254;179;88m▖[38;2;254;139;0m▝[38;2;180;58;0;48;2;254;139;0m▐[38;2;71;0;0;48;2;18;18;18m▍[38;2;18;18;18;48;2;71;0;0m▍ [38;2;115;0;0m▝[38;2;180;58;0;48;2;115;0;0m▝[48;2;180;58;0m [48;2;254;88;88m▝[38;2;128;128;128;48;2;180;58;0m▝[48;2;128;128;128m       [38;2;100;100;100m▕[48;2;100;100;100m    [0m
[38;2;54;54;54;48;2;40;40;40m▃[38;2;40;40;40;48;2;54;54;54m▀[38;2;54;54;54;48;2;40;40;40m▅[48;2;54;54;54m  [48;2;254;139;0m▏[48;2;180;58;0m [38;2;180;58;0;48;2;254;179;88m▘[38;2;254;179;88;48;2;254;210;155m▏[38;2;254;210;155;48;2;254;179;88m▘ [38;2;254;179;88;48;2;180;58;0m▘ [38;2;212;98;0;48;2;254;139;0m▀[38;2;254;139;0;48;2;219;106;0m▆[48;2;254;179;88m [38;2;254;179;88;48;2;254;210;155m▘[48;2;254;179;88m [38;2;254;144;19m▗[48;2;254;139;0m [38;2;180;58;0m▘[38;2;254;139;0;48;2;254;179;88m▘[38;2;224;139;65;48;2;180;58;0m▍ [38;2;180;58;0;48;2;254;139;0m▍ [38;2;18;18;18m▂[38;2;76;76;76;48;2;18;18;18m▐[38;2;128;128;128;48;2;76;76;76m▅[38;2;76;76;76;48;2;158;158;158m▘[38;2;187;187;187;48;2;76;76;76m▀[38;2;18;18;18;48;2;128;128;128m▆[38;2;128;128;128;48;2;18;18;18m▗[38;2;100;100;100m▂[38;2;187;187;187;48;2;40;40;40m▀[38;2;100;100;100;48;2;187;187;187m▂[38;2;76;76;76;48;2;254;254;254m▀[38;2;158;158;158m▘[48;2;187;187;187m [38;2;187;187;187;48;2;254;254;254m▖[38;2;225;225;225m▕[38;2;187;187;187m▖[38;2;158;158;158m▝[38;2;128;128;128m▀[38;2;76;76;76;48;2;225;225;225m▗[38;2;100;100;100;48;2;158;158;158m▆[38;2;128;128;128m▖[38;2;225;225;225;48;2;128;128;128m▆[38;2;187;187;187;48;2;158;158;158m▅[38;2;40;40;40;48;2;128;128;128m▐▖[38;2;180;58;0;48;2;40;40;40m▝[48;2;254;179;88m▖▐[38;2;115;58;0;48;2;71;0;0m▖[38;2;18;18;18m▊   [38;2;115;58;0;48;2;71;32;0m▐[38;2;254;88;88;48;2;180;58;0m▝ [38;2;128;128;128m▝[48;2;128;128;128m       [48;2;100;100;100m    [0m
[38;2;54;54;54;48;2;54;54;54m    [48;2;254;139;0m▘[38;2;180;58;0m▝[48;2;180;58;0m [48;2;254;179;88m [38;2;254;179;88;48;2;254;210;155m▂[38;2;180;58;0;48;2;254;179;88m▂[48;2;254;139;0m▅[48;2;180;58;0m [38;2;254;179;88m▗[38;2;254;139;0;48;2;254;179;88m▀[38;2;254;210;155m▗[48;2;254;210;155m [38;2;254;179;88m▗[48;2;254;179;88m [48;2;254;144;19m▂[48;2;254;179;88m   [48;2;180;58;0m  [48;2;254;139;0m  [48;2;18;18;18m [38;2;100;100;100;48;2;76;76;76m▐[38;2;128;128;128;48;2;158;158;158m▊[48;2;187;187;187m▞[38;2;254;254;254;48;2;128;128;128m▆[38;2;100;100;100;48;2;254;254;254m▔▁[38;2;187;187;187m▂[38;2;128;128;128m▝[38;2;76;76;76;48;2;187;187;187m▀[38;2;187;187;187;48;2;254;254;254m▘[48;2;225;225;225m▕[38;2;254;254;254;48;2;128;128;128m▝[38;2;128;128;128;48;2;254;254;254m▂[38;2;158;158;158m▂[38;2;187;187;187m▝[38;2;128;128;128m▆ [38;2;225;225;225;48;2;128;128;128m▆[48;2;254;254;254m▔[38;2;76;76;76m▂[48;2;225;225;225m▂[38;2;158;158;158m▘[38;2;76;76;76;48;2;158;158;158m▐[48;2;40;40;40m [48;2;128;128;128m▝[38;2;254;179;88;48;2;40;40;40m▝[48;2;254;139;0m▊[38;2;71;32;0;48;2;180;58;0m▐[48;2;18;18;18m [48;2;71;0;0m  [38;2;115;58;0m▗[38;2;115;0;0;48;2;180;58;0m▘[38;2;254;88;88m▊  [38;2;128;128;128m▐[48;2;128;128;128m      [48;2;100;100;100m    [0m
[38;2;54;54;54;48;2;54;54;54m   [38;2;254;179;88m▐[48;2;254;139;0m▊[48;2;180;58;0m [48;2;254;179;88m [38;2;254;210;155m▝[38;2;254;179;88;48;2;180;58;0m▘[38;2;180;58;0;48;2;254;139;0m▘▝[38;2;254;179;88;48;2;180;58;0m▃[48;2;254;210;155m▘ ▗▆[48;2;254;179;88m    [38;2;254;210;155m▀ [38;2;254;179;88;48;2;115;58;0m▘[38;2;254;139;0;48;2;180;58;0m▐[48;2;254;139;0m [48;2;18;18;18m▊[38;2;18;18;18;48;2;40;40;40m▍[38;2;40;40;40;48;2;76;76;76m▖[38;2;128;128;128m▐[38;2;187;187;187;48;2;254;254;254m▘ [38;2;128;128;128m▗[38;2;100;100;100;48;2;18;18;18m▘▀[38;2;225;225;225;48;2;100;100;100m▐[38;2;254;254;254;48;2;158;158;158m▊[38;2;225;225;225;48;2;254;254;254m▏[38;2;254;254;254;48;2;128;128;128m▍[38;2;225;225;225;48;2;254;254;254m▏[38;2;187;187;187m▃[48;2;128;128;128m▖[38;2;100;100;100;48;2;254;254;254m▖[38;2;225;225;225;48;2;128;128;128m▏[48;2;254;254;254m▕[48;2;128;128;128m▐[38;2;54;54;54;48;2;225;225;225m▐[38;2;76;76;76;48;2;18;18;18m▀[38;2;128;128;128m▕[38;2;187;187;187;48;2;225;225;225m▏[48;2;100;100;100m▍[38;2;128;128;128;48;2;40;40;40m▅[38;2;100;100;100;48;2;128;128;128m▍[48;2;18;18;18m▍[38;2;180;58;0;48;2;254;179;88m▍[38;2;254;139;0;48;2;115;58;0m▊[38;2;71;32;0;48;2;18;18;18m▖[38;2;18;18;18;48;2;71;0;0m▆[38;2;115;58;0m▗[48;2;254;88;88m▘[38;2;205;68;46m▐[38;2;180;58;0m▃[48;2;180;58;0m   [48;2;128;128;128m▖    [38;2;128;128;128;48;2;100;100;100m▘    [0m
[38;2;54;54;54;48;2;54;54;54m   [38;2;180;58;0;48;2;254;139;0m▏[38;2;254;139;0;48;2;180;58;0m▘ [48;2;254;179;88m▖[38;2;180;58;0m▗[38;2;254;139;0;48;2;180;58;0m▗[38;2;254;179;88;48;2;254;139;0m▗[38;2;254;156;54;48;2;254;179;88m▃[48;2;254;210;155m   [38;2;254;210;155;48;2;254;179;88m▂[38;2;254;206;147m▅[38;2;254;192;119m▀[38;2;254;139;0m▂[38;2;254;179;88;48;2;254;139;0m▀[48;2;180;58;0m▀[38;2;254;139;0m▀[38;2;180;58;0;48;2;71;32;0m▘[38;2;71;32;0;48;2;115;58;0m▍[38;2;180;58;0;48;2;254;139;0m▍ [38;2;254;139;0;48;2;18;18;18m▊[38;2;40;40;40m▐[38;2;128;128;128;48;2;76;76;76m▐[38;2;158;158;158m▅[38;2;187;187;187;48;2;225;225;225m▏[38;2;100;100;100m▅[38;2;158;158;158;48;2;187;187;187m▖[48;2;18;18;18m▆[48;2;76;76;76m▆[48;2;187;187;187m▁[48;2;225;225;225m▂[38;2;128;128;128m▘[38;2;158;158;158;48;2;254;254;254m▀▗[38;2;254;254;254;48;2;187;187;187m▅[38;2;187;187;187;48;2;254;254;254m▕[38;2;158;158;158;48;2;100;100;100m▖[38;2;128;128;128;48;2;76;76;76m▍[38;2;187;187;187;48;2;254;254;254m▘[48;2;100;100;100m▞[38;2;158;158;158;48;2;187;187;187m▗[38;2;18;18;18;48;2;158;158;158m▔[38;2;158;158;158;48;2;187;187;187m▁[48;2;225;225;225m▆[48;2;158;158;158m [38;2;54;54;54m▐[48;2;128;128;128m▖[38;2;40;40;40;48;2;18;18;18m▍[38;2;115;58;0;48;2;254;179;88m▍[38;2;180;58;0;48;2;254;139;0m▐[38;2;115;58;0;48;2;71;0;0m▍[48;2;18;18;18m▗[48;2;180;58;0m▘     [38;2;180;58;0;48;2;254;88;88m▝[38;2;128;128;128;48;2;180;58;0m▝[48;2;128;128;128m   [38;2;100;100;100m▗[48;2;100;100;100m     [0m
[38;2;54;54;54;48;2;54;54;54m   [38;2;180;58;0m▐[48;2;180;58;0m  [48;2;254;179;88m▍[48;2;180;58;0m [48;2;254;139;0m [38;2;254;139;0;48;2;254;156;54m▊[48;2;254;179;88m [38;2;254;210;155m▗[48;2;254;210;155m  [38;2;254;179;88m▗[38;2;254;139;0;48;2;254;179;88m▂[38;2;254;179;88;48;2;180;58;0m▀[38;2;180;58;0;48;2;254;139;0m▆[48;2;180;58;0m [38;2;94;48;7m▗[38;2;115;58;0;48;2;18;18;18m▘[38;2;47;24;11;48;2;71;32;0m▏[38;2;71;32;0;48;2;115;58;0m▏[38;2;254;139;0m▐[48;2;254;139;0m [48;2;18;18;18m▊[38;2;18;18;18;48;2;40;40;40m▍[38;2;100;100;100;48;2;18;18;18m▀[38;2;18;18;18;48;2;128;128;128m▆[38;2;0;0;0;48;2;158;158;158m▖[38;2;76;76;76m▗[38;2;158;158;158;48;2;40;40;40m▀[38;2;54;54;54;48;2;128;128;128m▃[48;2;158;158;158m [38;2;225;225;225m▆[38;2;187;187;187;48;2;254;254;254m▐▘ [38;2;254;254;254;48;2;187;187;187m▍[38;2;225;225;225;48;2;128;128;128m▀[38;2;128;128;128;48;2;187;187;187m▅[38;2;225;225;225;48;2;158;158;158m▊[38;2;128;128;128;48;2;187;187;187m▊[38;2;225;225;225;48;2;254;254;254m▏[38;2;40;40;40;48;2;225;225;225m▝[48;2;158;158;158m    [48;2;128;128;128m [38;2;128;128;128;48;2;54;54;54m▍[38;2;40;40;40m▅[48;2;40;40;40m [38;2;115;58;0;48;2;254;179;88m▍[38;2;180;58;0;48;2;254;139;0m▐[38;2;115;58;0;48;2;71;0;0m▍[38;2;71;0;0;48;2;115;58;0m▍[38;2;115;58;0;48;2;180;58;0m▅[48;2;115;58;0m [38;2;180;58;0m▐[48;2;254;88;88m▍[48;2;180;58;0m  [48;2;254;88;88m▍▘[38;2;128;128;128;48;2;254;179;88m▝[48;2;128;128;128m [38;2;100;100;100m▗[38;2;105;105;105;48;2;100;100;100m▘     [0m
[38;2;54;54;54;48;2;54;54;54m   [48;2;180;58;0m [38;2;115;58;0m▐   [38;2;254;139;0m▐[38;2;254;179;88;48;2;254;139;0m▗[48;2;254;179;88m [48;2;254;210;155m▘ [38;2;254;210;155;48;2;254;179;88m▘[38;2;254;179;88;48;2;254;139;0m▘[48;2;180;58;0m  [38;2;115;58;0m▗[38;2;180;58;0;48;2;115;58;0m▘[38;2;94;48;7;48;2;18;18;18m▘ [38;2;18;18;18;48;2;71;32;0m▏[38;2;71;32;0;48;2;115;58;0m▍[38;2;254;139;0m▐[48;2;254;139;0m [38;2;138;97;49m▕[38;2;40;40;40;48;2;18;18;18m▐[38;2;158;158;158;48;2;40;40;40m▝[48;2;18;18;18m▘[38;2;128;128;128;48;2;40;40;40m▐[38;2;100;100;100;48;2;187;187;187m▝[38;2;76;76;76;48;2;128;128;128m▀[38;2;128;128;128;48;2;40;40;40m▅[48;2;100;100;100m▖[38;2;187;187;187;48;2;128;128;128m▝[38;2;225;225;225;48;2;158;158;158m▘[48;2;254;254;254m  [38;2;128;128;128m▍[38;2;254;254;254;48;2;100;100;100m▖[38;2;76;76;76;48;2;158;158;158m▅[38;2;100;100;100m▅[38;2;187;187;187;48;2;100;100;100m▊[38;2;128;128;128;48;2;225;225;225m▖[38;2;225;225;225;48;2;254;254;254m▆[38;2;254;254;254;48;2;187;187;187m▘[38;2;128;128;128;48;2;158;158;158m▗[38;2;100;100;100m▂[38;2;76;76;76;48;2;128;128;128m▃[38;2;18;18;18;48;2;100;100;100m▆[38;2;100;100;100;48;2;18;18;18m▀[38;2;54;54;54;48;2;100;100;100m▊[38;2;40;40;40;48;2;128;128;128m▐[38;2;180;58;0;48;2;254;139;0m▍▐[38;2;71;0;0;48;2;71;32;0m▐[38;2;71;32;0;48;2;71;0;0m▝[38;2;115;58;0;48;2;71;32;0m▐[48;2;115;58;0m  [38;2;254;88;88;48;2;180;58;0m▐  ▐[48;2;254;88;88m [38;2;254;179;88m▐[38;2;100;100;100;48;2;254;179;88m▐[48;2;100;100;100m       [0m
[38;2;54;54;54;48;2;54;54;54m   [48;2;180;58;0m [38;2;115;58;0m▐[48;2;115;58;0m [48;2;180;58;0m   [38;2;180;58;0;48;2;254;139;0m▖[38;2;254;139;0;48;2;254;179;88m▃  ▃[38;2;180;58;0;48;2;254;139;0m▗[48;2;180;58;0m  [48;2;115;58;0m [38;2;18;18;18;48;2;71;0;0m▗[48;2;18;18;18m  [48;2;71;32;0m▍[38;2;71;32;0;48;2;115;58;0m▊[38;2;115;58;0;48;2;254;139;0m▊ [38;2;254;179;88m▐[48;2;40;40;40m [38;2;158;158;158;48;2;76;76;76m▊[38;2;76;76;76;48;2;0;0;0m▖[38;2;18;18;18;48;2;76;76;76m▊ [38;2;40;40;40;48;2;128;128;128m▆[38;2;158;158;158;48;2;100;100;100m▘ [38;2;128;128;128;48;2;40;40;40m▐[48;2;128;128;128m [38;2;225;225;225m▝[38;2;100;100;100;48;2;225;225;225m▐[48;2;254;254;254m [38;2;187;187;187;48;2;100;100;100m▍[38;2;40;40;40;48;2;128;128;128m▗[38;2;128;128;128;48;2;40;40;40m▀[48;2;254;254;254m [38;2;187;187;187;48;2;100;100;100m▞[48;2;187;187;187m  [48;2;100;100;100m [48;2;0;0;0m [38;2;54;54;54;48;2;18;18;18m▂[38;2;76;76;76m▗▅[38;2;100;100;100;48;2;76;76;76m▐[48;2;54;54;54m▘[48;2;254;139;0m [38;2;115;58;0;48;2;180;58;0m▐[38;2;71;0;0;48;2;18;18;18m▐[48;2;71;0;0m [38;2;115;58;0;48;2;71;32;0m▐[38;2;180;58;0;48;2;115;58;0m▐[48;2;180;58;0m  [48;2;254;88;88m▝[48;2;180;58;0m  [48;2;254;88;88m▍ [48;2;254;179;88m [48;2;100;100;100m       [0m
[38;2;76;76;76;48;2;76;76;76m   [48;2;180;58;0m [38;2;180;58;0;48;2;115;58;0m▍  ▗[48;2;180;58;0m      [48;2;115;58;0m▘▀[38;2;71;0;0m▗[48;2;71;0;0m [48;2;18;18;18m▘[38;2;0;0;0m▐▊[38;2;71;32;0m▐[38;2;115;58;0;48;2;71;32;0m▕[48;2;254;139;0m▊ [38;2;254;179;88m▐[48;2;40;40;40m▍[38;2;128;128;128m▀ [38;2;158;158;158;48;2;100;100;100m▐▆[38;2;40;40;40;48;2;158;158;158m▀[38;2;158;158;158;48;2;40;40;40m▃[48;2;100;100;100m▂ [38;2;40;40;40;48;2;128;128;128m▆▅[38;2;18;18;18;48;2;100;100;100m▆[38;2;254;254;254;48;2;18;18;18m▀[38;2;187;187;187m▀[38;2;18;18;18;48;2;128;128;128m▂[38;2;158;158;158;48;2;18;18;18m▀[38;2;187;187;187m▀[38;2;100;100;100;48;2;40;40;40m▘[38;2;128;128;128m▂[48;2;158;158;158m▖[38;2;100;100;100;48;2;18;18;18m▍[38;2;54;54;54;48;2;0;0;0m▝[48;2;18;18;18m▘▘[48;2;76;76;76m▆[38;2;76;76;76;48;2;54;54;54m▂[38;2;254;179;88m▗[48;2;254;139;0m [38;2;115;58;0;48;2;71;32;0m▍[48;2;71;0;0m  [48;2;71;32;0m▐[48;2;180;58;0m [38;2;180;58;0;48;2;254;88;88m▏▊ [48;2;180;58;0m  [38;2;254;88;88m▝[48;2;254;88;88m [38;2;254;179;88m▐[38;2;100;100;100;48;2;254;210;155m▐[48;2;100;100;100m      [0m
[38;2;76;76;76;48;2;76;76;76m   [48;2;180;58;0m [38;2;115;58;0m▐[48;2;115;58;0m  [48;2;180;58;0m▘ [48;2;115;58;0m [48;2;180;58;0m  ▃[38;2;180;58;0;48;2;115;58;0m▘  [48;2;71;0;0m  [48;2;18;18;18m [48;2;0;0;0m  [48;2;18;18;18m [48;2;71;32;0m [48;2;115;58;0m [48;2;254;139;0m  [38;2;40;40;40;48;2;254;179;88m▝[48;2;40;40;40m [48;2;76;76;76m [38;2;54;54;54;48;2;158;158;158m▗[38;2;100;100;100;48;2;40;40;40m▀[38;2;128;128;128;48;2;187;187;187m▅[38;2;225;225;225;48;2;54;54;54m▀[48;2;128;128;128m▘[38;2;158;158;158;48;2;100;100;100m▝[38;2;187;187;187;48;2;40;40;40m▆▅▆[38;2;76;76;76m▍[38;2;40;40;40;48;2;76;76;76m▊[38;2;100;100;100;48;2;18;18;18m▅▆[38;2;158;158;158;48;2;76;76;76m▅[38;2;100;100;100;48;2;158;158;158m▘[38;2;158;158;158;48;2;76;76;76m▘[48;2;40;40;40m▝[38;2;40;40;40;48;2;100;100;100m▖[38;2;76;76;76;48;2;128;128;128m▝[38;2;128;128;128;48;2;76;76;76m▆[38;2;158;158;158;48;2;54;54;54m▆[48;2;225;225;225m▀[48;2;100;100;100m [38;2;254;139;0;48;2;254;179;88m▗[38;2;115;58;0;48;2;254;139;0m▐[48;2;18;18;18m [48;2;71;0;0m [38;2;71;0;0;48;2;115;58;0m▐[38;2;115;58;0;48;2;71;0;0m▐[48;2;180;58;0m [38;2;254;88;88m▝[38;2;180;58;0;48;2;254;88;88m▝[38;2;254;88;88;48;2;180;58;0m▐[48;2;254;88;88m [48;2;180;58;0m▖[38;2;180;58;0;48;2;254;88;88m▍ [38;2;254;88;88;48;2;180;58;0m▞[48;2;254;210;155m [48;2;100;100;100m      [0m
[38;2;76;76;76;48;2;76;76;76m   [48;2;180;58;0m▍[38;2;180;58;0;48;2;115;58;0m▊   ▝   [38;2;115;58;0;48;2;71;32;0m▘▐[48;2;115;58;0m [38;2;180;58;0m▐[38;2;71;0;0m▐[48;2;71;0;0m [38;2;18;18;18m▐[38;2;0;0;0;48;2;18;18;18m▐[48;2;0;0;0m [48;2;18;18;18m [38;2;62;29;4;48;2;71;32;0m▖[38;2;84;41;0;48;2;115;58;0m▍[38;2;115;58;0;48;2;254;139;0m▍ [38;2;254;170;77;48;2;254;179;88m▖[38;2;40;40;40m▝[48;2;128;128;128m▀[38;2;128;128;128;48;2;76;76;76m▃[48;2;40;40;40m▃[38;2;18;18;18m▔[38;2;100;100;100;48;2;18;18;18m▃[38;2;158;158;158;48;2;40;40;40m▝[48;2;18;18;18m▘[38;2;40;40;40;48;2;100;100;100m▂[38;2;18;18;18;48;2;128;128;128m▆[48;2;76;76;76m▆[48;2;18;18;18m  [38;2;0;0;0m▃ [38;2;18;18;18;48;2;76;76;76m▆[38;2;128;128;128;48;2;18;18;18m▀▀[38;2;76;76;76;48;2;128;128;128m▔[38;2;128;128;128;48;2;76;76;76m▆[38;2;100;100;100;48;2;128;128;128m▝[38;2;54;54;54;48;2;100;100;100m▅[38;2;100;100;100;48;2;54;54;54m▗[38;2;54;54;54;48;2;187;187;187m▆[48;2;254;179;88m▘[38;2;180;58;0;48;2;254;139;0m▗[38;2;115;58;0;48;2;18;18;18m▍[38;2;18;18;18;48;2;0;0;0m▀[38;2;71;32;0;48;2;71;0;0m▝[48;2;115;58;0m [38;2;115;58;0;48;2;71;32;0m▖[48;2;180;58;0m▖ [38;2;180;58;0;48;2;254;88;88m▖  ▝[48;2;180;58;0m [38;2;254;179;88;48;2;254;88;88m▝[38;2;180;58;0;48;2;254;179;88m▝[38;2;254;88;88;48;2;180;58;0m▐[38;2;100;100;100;48;2;254;210;155m▐[48;2;100;100;100m     [0m
[38;2;76;76;76;48;2;76;76;76m   [48;2;254;139;0m▘[38;2;115;58;0;48;2;180;58;0m▕▘[38;2;180;58;0;48;2;115;58;0m▍    [38;2;115;58;0;48;2;71;32;0m▘▕[48;2;115;58;0m  [38;2;180;58;0m▐[38;2;71;0;0;48;2;180;58;0m▐[48;2;71;0;0m  [48;2;18;18;18m [48;2;0;0;0m [38;2;18;18;18m▝[38;2;71;32;0;48;2;18;18;18m▐[38;2;115;58;0;48;2;71;32;0m▝[48;2;254;139;0m▊ [38;2;254;179;88m▝[48;2;254;179;88m [48;2;40;40;40m▖[38;2;128;128;128m▀[38;2;76;76;76;48;2;158;158;158m▆[38;2;100;100;100;48;2;40;40;40m▂[38;2;40;40;40;48;2;128;128;128m▘[38;2;100;100;100;48;2;40;40;40m▍[38;2;18;18;18m▘[38;2;40;40;40;48;2;0;0;0m▘  [38;2;18;18;18m▂   ▀▀[48;2;18;18;18m [38;2;128;128;128;48;2;54;54;54m▝[38;2;18;18;18;48;2;128;128;128m▐[38;2;0;0;0;48;2;76;76;76m▆[38;2;54;54;54;48;2;100;100;100m▖[38;2;128;128;128;48;2;54;54;54m▖[38;2;54;54;54;48;2;254;179;88m▍[38;2;254;179;88;48;2;254;139;0m▘[38;2;115;58;0;48;2;180;58;0m▐[38;2;18;18;18;48;2;0;0;0m▊[38;2;0;0;0;48;2;18;18;18m▊ [38;2;115;58;0;48;2;71;0;0m▝[48;2;115;58;0m [48;2;115;0;0m▖[38;2;115;0;0;48;2;180;58;0m▖ [38;2;180;58;0;48;2;254;88;88m▂▝▖▐▖[38;2;254;88;88;48;2;254;179;88m▖[48;2;180;58;0m▍[48;2;254;179;88m [48;2;100;100;100m     [0m
[38;2;76;76;76;48;2;76;76;76m [38;2;254;179;88m▗[48;2;254;210;155m▘[48;2;254;179;88m [38;2;180;58;0;48;2;254;139;0m▐[48;2;180;58;0m [48;2;115;58;0m▍   [38;2;115;58;0;48;2;71;32;0m▍▐[38;2;71;32;0;48;2;115;58;0m▐   [38;2;115;58;0;48;2;180;58;0m▐[48;2;71;0;0m  [38;2;18;18;18m▝[38;2;0;0;0;48;2;18;18;18m▐▊ [38;2;58;27;7;48;2;71;32;0m▖[38;2;71;32;0;48;2;115;58;0m▖[38;2;115;58;0;48;2;254;139;0m▖ [38;2;254;139;0;48;2;254;179;88m▖ [38;2;254;179;88;48;2;54;54;54m▆[38;2;54;54;54;48;2;128;128;128m▊[38;2;40;40;40m▂[38;2;128;128;128;48;2;18;18;18m▘[38;2;40;40;40m▐▍      [38;2;18;18;18;48;2;0;0;0m▆▂[48;2;18;18;18m  [48;2;40;40;40m [38;2;54;54;54;48;2;128;128;128m▞[38;2;0;0;0;48;2;158;158;158m▀[38;2;100;100;100;48;2;128;128;128m▘[38;2;254;179;88;48;2;54;54;54m▗[38;2;254;139;0;48;2;254;179;88m▗[38;2;180;58;0;48;2;254;139;0m▗[38;2;115;58;0;48;2;71;0;0m▘[48;2;0;0;0m [38;2;0;0;0;48;2;18;18;18m▘ [38;2;71;0;0m▐[38;2;71;32;0;48;2;71;0;0m▔[38;2;71;0;0;48;2;115;58;0m▖[38;2;115;58;0;48;2;115;0;0m▖[38;2;180;58;0;48;2;115;58;0m▝[48;2;180;58;0m [38;2;254;88;88m▝   ▀▊[38;2;254;179;88m▐[38;2;254;88;88;48;2;100;100;100m▖    [0m
[38;2;254;139;0;48;2;76;76;76m▗[48;2;254;179;88m [38;2;254;179;88;48;2;254;210;155m▂[48;2;254;179;88m [48;2;254;139;0m [48;2;180;58;0m [38;2;115;58;0m▝▕[48;2;115;58;0m  [48;2;71;32;0m▍▐[48;2;115;58;0m [48;2;71;32;0m▝[48;2;115;58;0m [38;2;180;58;0m▐[38;2;115;58;0;48;2;180;58;0m▝[48;2;71;0;0m   [38;2;18;18;18m▝[48;2;0;0;0m▖[48;2;18;18;18m [48;2;71;32;0m▊[38;2;115;58;0m▝[38;2;254;139;0;48;2;115;58;0m▝[48;2;254;139;0m   [48;2;254;179;88m▖[38;2;54;54;54m▀[48;2;40;40;40m▁[38;2;40;40;40;48;2;18;18;18m▖[48;2;0;0;0m▝[48;2;18;18;18m▍[48;2;0;0;0m▝[48;2;18;18;18m ▂   [38;2;18;18;18;48;2;40;40;40m▀▔[48;2;18;18;18m [38;2;40;40;40m▅[38;2;54;54;54;48;2;40;40;40m▗[38;2;40;40;40;48;2;128;128;128m▊[38;2;128;128;128;48;2;187;187;187m▗[48;2;254;179;88m▘[38;2;254;179;88;48;2;254;139;0m▘[38;2;180;58;0m▗[48;2;71;32;0m▘[38;2;71;0;0;48;2;0;0;0m▘ [48;2;18;18;18m  ▐[48;2;71;0;0m  [38;2;115;58;0m▀[38;2;115;0;0;48;2;115;58;0m▂[38;2;180;58;0m▝▀  [38;2;115;58;0;48;2;180;58;0m▖▃[38;2;254;88;88m▝▕[38;2;100;100;100;48;2;254;88;88m▝[48;2;100;100;100m    [0m
[38;2;180;58;0;48;2;254;139;0m▖[38;2;254;179;88m▗[38;2;254;210;155;48;2;254;179;88m▃▊[38;2;254;179;88;48;2;254;139;0m▍[38;2;254;139;0;48;2;180;58;0m▂  [38;2;180;58;0;48;2;115;58;0m▃ [38;2;71;32;0m▐▊ ▝[48;2;71;32;0m [38;2;115;58;0m▝[48;2;180;58;0m▖[38;2;71;0;0;48;2;115;58;0m▝[48;2;71;0;0m  [48;2;115;0;0m▀[38;2;71;32;0;48;2;18;18;18m▖  ▝[48;2;71;32;0m [38;2;180;58;0;48;2;115;58;0m▝[48;2;254;139;0m▃  [38;2;254;179;88m▀[48;2;254;179;88m [38;2;40;40;40m▀[38;2;54;54;54;48;2;18;18;18m▃[48;2;40;40;40m▂[38;2;40;40;40;48;2;18;18;18m▖ [38;2;18;18;18;48;2;40;40;40m▆ [38;2;40;40;40;48;2;18;18;18m▅[48;2;40;40;40m [38;2;54;54;54m▁[48;2;18;18;18m▃[38;2;40;40;40;48;2;76;76;76m▀[38;2;100;100;100;48;2;40;40;40m▃[48;2;54;54;54m [38;2;54;54;54;48;2;254;179;88m▀ [38;2;254;179;88;48;2;254;139;0m▘[38;2;115;58;0m▃[38;2;180;58;0;48;2;18;18;18m▘[48;2;0;0;0m  [38;2;0;0;0;48;2;18;18;18m▝[38;2;18;18;18;48;2;0;0;0m▝[38;2;0;0;0;48;2;18;18;18m▂  [48;2;71;0;0m  [38;2;71;32;0m▝[38;2;115;0;0m▀[48;2;115;0;0m [38;2;115;58;0m▀▀▝[38;2;115;0;0;48;2;115;58;0m▖[38;2;115;58;0;48;2;180;58;0m▅ [48;2;254;88;88m [38;2;254;88;88;48;2;100;100;100m▖   [0m
[38;2;180;58;0;48;2;254;139;0m▘[48;2;254;179;88m [38;2;254;179;88;48;2;254;210;155m▃[38;2;254;210;155;48;2;254;139;0m▘  [38;2;254;139;0;48;2;180;58;0m▖  [38;2;115;58;0m▝[48;2;115;58;0m [38;2;71;32;0m▘ [38;2;180;58;0m▖[38;2;71;32;0m▝[48;2;71;32;0m [38;2;115;58;0m▐[48;2;180;58;0m▏[38;2;115;0;0m▀[48;2;115;0;0m [48;2;115;58;0m▊[38;2;71;32;0;48;2;180;58;0m▝[48;2;18;18;18m▏   [38;2;18;18;18;48;2;71;32;0m▃[38;2;115;58;0m▀[48;2;180;58;0m▃[38;2;180;58;0;48;2;254;139;0m▃▂▁[38;2;254;179;88m▀[38;2;254;139;0;48;2;254;179;88m▂ [38;2;54;54;54m▀[38;2;254;179;88;48;2;40;40;40m▃▂▂[48;2;54;54;54m▂[48;2;76;76;76m▂▂[38;2;100;100;100;48;2;254;179;88m▀[38;2;128;128;128m▀[38;2;254;179;88;48;2;54;54;54m▅[38;2;180;58;0;48;2;254;179;88m▂[38;2;254;179;88;48;2;180;58;0m▀[38;2;71;32;0m▂[38;2;180;58;0;48;2;71;32;0m▀[38;2;18;18;18m▆[48;2;18;18;18m [48;2;0;0;0m▃▃▀[38;2;0;0;0;48;2;18;18;18m▖[38;2;71;0;0m▂[38;2;0;0;0m▀  [38;2;18;18;18;48;2;71;0;0m▆     [38;2;71;0;0;48;2;71;32;0m▅[38;2;115;0;0;48;2;71;0;0m▝[48;2;115;58;0m▖[38;2;180;58;0m▝[48;2;254;88;88m▖ [38;2;254;88;88;48;2;100;100;100m▖  [0m
[38;2;254;139;0;48;2;180;58;0m▘ [38;2;180;58;0;48;2;254;139;0m▆[38;2;254;179;88m▗[48;2;254;179;88m  [48;2;254;139;0m▖ [38;2;180;58;0m▀▀[48;2;180;58;0m [48;2;115;58;0m▃ ▊▆[38;2;115;58;0;48;2;71;32;0m▖▝[48;2;115;58;0m [48;2;180;58;0m▃[38;2;115;0;0m▝[38;2;115;58;0;48;2;115;0;0m▖[38;2;180;58;0;48;2;115;58;0m▀[38;2;71;32;0;48;2;180;58;0m▐[48;2;18;18;18m  ▂▂ [38;2;18;18;18;48;2;71;32;0m▃[38;2;71;32;0;48;2;115;58;0m▆[38;2;115;58;0;48;2;71;32;0m▀[38;2;180;58;0m▀[38;2;115;58;0;48;2;180;58;0m▃▂[38;2;180;58;0;48;2;254;179;88m▆▆▆[38;2;254;179;88;48;2;180;58;0m▀▀▀▀[38;2;180;58;0;48;2;254;179;88m▆▆▆▆[38;2;71;32;0;48;2;180;58;0m▂[38;2;180;58;0;48;2;71;32;0m▘  [48;2;71;0;0m  [48;2;18;18;18m [38;2;71;0;0m▐[48;2;71;0;0m   [48;2;18;18;18m▂   ▐[48;2;71;0;0m      [38;2;115;0;0m▝[38;2;115;58;0;48;2;115;0;0m▝[38;2;180;58;0;48;2;115;58;0m▐[38;2;254;88;88;48;2;180;58;0m▝[38;2;180;58;0;48;2;254;88;88m▖[38;2;100;100;100m▀[38;2;126;99;99;48;2;100;100;100m▁[0m
[38;2;180;58;0;48;2;254;139;0m▀[38;2;254;179;88m▃▃[48;2;254;179;88m [38;2;254;210;155m▂▃    [38;2;254;139;0;48;2;254;88;88m▀[48;2;180;58;0m▅ [38;2;115;58;0m▕▍[38;2;180;58;0;48;2;115;58;0m▖    [38;2;115;58;0;48;2;180;58;0m▏[38;2;180;58;0;48;2;115;58;0m▅[48;2;180;58;0m [38;2;71;32;0;48;2;115;58;0m▝[48;2;71;32;0m [38;2;115;58;0m▀[38;2;71;32;0;48;2;115;58;0m▃▔[38;2;115;58;0;48;2;18;18;18m▖[38;2;71;32;0m▂▃▂▂[38;2;18;18;18;48;2;71;32;0m▆▅ [38;2;115;58;0m▁▀▀▀▀▀▃▃[38;2;71;32;0;48;2;115;58;0m▀▀[38;2;115;58;0;48;2;71;32;0m▅  [38;2;71;0;0m▐[48;2;71;0;0m         [48;2;18;18;18m▂[48;2;71;0;0m        [48;2;115;0;0m [38;2;180;58;0;48;2;115;58;0m▐[48;2;180;58;0m  [48;2;254;88;88m▖[38;2;100;100;100m▝[0m
[38;2;180;58;0;48;2;254;139;0m▅[38;2;254;139;0;48;2;180;58;0m▀[38;2;254;179;88m▀[38;2;254;210;155;48;2;254;139;0m▀[38;2;254;179;88;48;2;254;210;155m▃  [38;2;254;210;155;48;2;254;179;88m▅▅[38;2;254;179;88;48;2;254;210;155m▀[38;2;254;210;155;48;2;254;179;88m▖[38;2;254;88;88m▀[38;2;254;139;0;48;2;254;88;88m▝[38;2;254;88;88;48;2;254;139;0m▝[48;2;254;88;88m [38;2;180;58;0m▐[48;2;115;58;0m▅▃  ▐[48;2;180;58;0m  [48;2;115;58;0m ▗[38;2;76;76;76;48;2;54;54;54m▂[38;2;54;54;54;48;2;40;40;40m▃[38;2;40;40;40;48;2;71;32;0m▆▅[38;2;54;54;54m▃[38;2;115;58;0m▅▆▅[48;2;115;58;0m     [48;2;180;98;0m   [48;2;115;58;0m   [38;2;54;54;54m▃[38;2;115;58;0;48;2;40;40;40m▀[38;2;40;40;40;48;2;115;58;0m▆[38;2;54;54;54;48;2;40;40;40m▗[38;2;40;40;40;48;2;54;54;54m▀[48;2;71;32;0m  [38;2;71;32;0;48;2;71;0;0m▍▗▝▘ [38;2;115;58;0;48;2;71;32;0m▆▅[48;2;115;58;0m [38;2;71;32;0m▁[48;2;71;0;0m▆▂[38;2;71;0;0;48;2;71;32;0m▀[48;2;71;0;0m     [48;2;71;32;0m▏[38;2;71;32;0;48;2;115;58;0m▍[38;2;115;58;0;48;2;180;58;0m▅ [38;2;254;88;88m▝[48;2;254;88;88m [0m
[38;2;180;58;0;48;2;115;58;0m▔▂▂[48;2;180;58;0m [38;2;254;139;0m▀[38;2;254;179;88m▀[48;2;254;139;0m▀[48;2;254;179;88m [48;2;254;210;155m▂ [38;2;254;210;155;48;2;254;179;88m▘ [38;2;254;179;88;48;2;254;139;0m▍[38;2;254;88;88m▊▝[38;2;180;58;0;48;2;254;88;88m▂[48;2;180;58;0m  [38;2;115;58;0m▝ [38;2;180;58;0;48;2;115;58;0m▖[48;2;180;58;0m [48;2;115;58;0m▊[38;2;115;58;0;48;2;71;32;0m▁[38;2;180;58;0;48;2;115;58;0m▝[38;2;76;76;76m▝[38;2;100;100;100;48;2;76;76;76m▅[48;2;54;54;54m▖[38;2;18;18;18;48;2;40;40;40m▀[38;2;54;54;54m▔[38;2;40;40;40;48;2;76;76;76m▆[38;2;76;76;76;48;2;40;40;40m▀[48;2;76;76;76m [38;2;115;58;0;48;2;100;100;100m▀[38;2;100;100;100;48;2;115;58;0m▃▃▃[38;2;76;76;76m▃[38;2;100;100;100m▃▃▃[38;2;115;58;0;48;2;76;76;76m▀▀[38;2;54;54;54;48;2;115;58;0m▆[38;2;76;76;76;48;2;54;54;54m▃[38;2;40;40;40;48;2;100;100;100m▀[48;2;76;76;76m▀[38;2;100;100;100m▅ [38;2;76;76;76;48;2;71;32;0m▊  [38;2;115;58;0m▃[38;2;71;32;0;48;2;115;58;0m▀[38;2;115;58;0;48;2;71;32;0m▅[48;2;115;58;0m   [38;2;71;32;0m▐[48;2;71;32;0m    [48;2;71;0;0m    ▐[48;2;71;32;0m [38;2;115;58;0m▐[48;2;115;58;0m   [48;2;180;58;0m▆[0m
[38;2;180;58;0;48;2;115;58;0m▀▀▀[38;2;115;58;0;48;2;180;58;0m▅[48;2;115;58;0m [38;2;180;58;0m▝[48;2;180;58;0m [38;2;254;139;0m▀▀[38;2;254;179;88m▀[48;2;254;139;0m▀[38;2;254;88;88m▝[48;2;254;88;88m  [38;2;180;58;0m▝[38;2;254;88;88;48;2;180;58;0m▂   [38;2;180;58;0;48;2;254;88;88m▁[48;2;180;58;0m  [38;2;254;88;88m▗▆[38;2;115;58;0m▀▘[38;2;100;100;100;48;2;115;58;0m▐[38;2;76;76;76;48;2;100;100;100m▐[38;2;54;54;54;48;2;76;76;76m▅▅[38;2;100;100;100m▂[38;2;54;54;54m▔[38;2;76;76;76;48;2;54;54;54m▆[38;2;100;100;100;48;2;76;76;76m▃[48;2;100;100;100m   [38;2;128;128;128m▂▁▁▃▃[38;2;100;100;100;48;2;54;54;54m▃[48;2;76;76;76m  [38;2;76;76;76;48;2;100;100;100m▗[48;2;54;54;54m▘[48;2;100;100;100m▘▗[48;2;71;0;0m▘[38;2;71;32;0m▂[38;2;71;0;0;48;2;71;32;0m▆[48;2;115;58;0m▖ [48;2;180;58;0m   [38;2;115;58;0m▔[38;2;180;58;0;48;2;115;58;0m▅[38;2;115;58;0;48;2;71;32;0m▅ [38;2;71;0;0m▗[48;2;71;0;0m     [48;2;71;32;0m ▊[38;2;71;32;0;48;2;115;58;0m▍   [38;2;115;58;0;48;2;71;32;0m▘[0m
[38;2;180;58;0;48;2;115;58;0m▁      [38;2;115;58;0;48;2;180;58;0m▃▃▅  [38;2;180;58;0;48;2;254;139;0m▆[38;2;254;88;88;48;2;180;58;0m▀▀[48;2;254;88;88m  [48;2;180;58;0m▖[48;2;254;88;88m [48;2;180;58;0m▃▃[48;2;254;88;88m  [38;2;180;58;0m▂▂[48;2;115;58;0m▘[38;2;100;100;100m▐[38;2;128;128;128;48;2;100;100;100m▗[48;2;76;76;76m▅[38;2;54;54;54;48;2;100;100;100m▘[38;2;158;158;158;48;2;128;128;128m▗[38;2;100;100;100;48;2;158;158;158m▀[48;2;128;128;128m▀▀[38;2;158;158;158m▃[38;2;128;128;128;48;2;100;100;100m▅[48;2;128;128;128m    [38;2;158;158;158m▂  [48;2;100;100;100m [38;2;76;76;76m▀▝[38;2;54;54;54;48;2;76;76;76m▗▅[38;2;76;76;76;48;2;54;54;54m▘[48;2;71;0;0m [38;2;71;0;0;48;2;71;32;0m▅[38;2;71;32;0;48;2;115;58;0m▞[48;2;71;32;0m  [38;2;180;58;0m▝[48;2;180;58;0m    [38;2;115;58;0m▀[48;2;115;58;0m [48;2;71;32;0m▅[48;2;71;0;0m    [38;2;71;0;0;48;2;115;58;0m▘[38;2;71;32;0m▐[38;2;115;58;0;48;2;71;0;0m▗[48;2;180;58;0m▍ [38;2;54;54;54;48;2;115;58;0m▃▅[48;2;71;32;0m▅[0m
[38;2;180;58;0;48;2;180;58;0m [48;2;115;58;0m▆▖[38;2;115;58;0;48;2;180;58;0m▃ ▀[38;2;180;58;0;48;2;115;58;0m▃▃[38;2;115;58;0;48;2;180;58;0m▀[38;2;180;58;0;48;2;115;58;0m▅[48;2;180;58;0m      [48;2;254;88;88m▂[48;2;180;58;0m  [48;2;254;88;88m▂[38;2;254;88;88;48;2;180;58;0m▀[38;2;180;58;0;48;2;254;88;88m▆[48;2;180;58;0m [38;2;115;58;0m▃[38;2;180;58;0;48;2;115;58;0m▘[38;2;115;58;0;48;2;71;32;0m▃[48;2;115;58;0m [38;2;76;76;76;48;2;100;100;100m▖[38;2;128;128;128;48;2;158;158;158m▍ [38;2;187;187;187m▃▃▂▁[38;2;158;158;158;48;2;187;187;187m▂[38;2;187;187;187;48;2;158;158;158m▆ [38;2;128;128;128m▀    [38;2;158;158;158;48;2;128;128;128m▅ [48;2;100;100;100m [48;2;76;76;76m [48;2;54;54;54m [38;2;54;54;54;48;2;40;40;40m▘ [38;2;71;32;0m▀[48;2;71;0;0m▖▝[38;2;71;0;0;48;2;71;32;0m▖ [38;2;71;32;0;48;2;115;58;0m▊ [38;2;115;58;0;48;2;180;58;0m▖    ▐[48;2;115;58;0m [48;2;71;0;0m▅▅[48;2;115;58;0m [38;2;180;58;0m▗ ▂[48;2;180;58;0m [38;2;54;54;54;48;2;71;0;0m▀[38;2;71;0;0;48;2;54;54;54m▂  [0m
[38;2;180;58;0;48;2;254;139;0m▀[48;2;180;58;0m [48;2;115;58;0m  ▝[48;2;180;58;0m  [48;2;254;88;88m▂▂[48;2;180;58;0m           [48;2;115;58;0m      [38;2;115;58;0;48;2;100;100;100m▘[38;2;128;128;128;48;2;54;54;54m▃[38;2;76;76;76;48;2;128;128;128m▆[38;2;100;100;100;48;2;158;158;158m▆▅[38;2;128;128;128;48;2;187;187;187m▃▃▂▂[38;2;158;158;158m▂▁  [38;2;187;187;187;48;2;158;158;158m▅▅[48;2;187;187;187m [48;2;158;158;158m▅ [38;2;100;100;100;48;2;128;128;128m▐[38;2;54;54;54;48;2;76;76;76m▗[38;2;40;40;40;48;2;54;54;54m▆[38;2;54;54;54;48;2;40;40;40m▗▆▐[38;2;40;40;40;48;2;54;54;54m▀[38;2;71;0;0;48;2;40;40;40m▀[48;2;71;0;0m [48;2;115;58;0m▖  [38;2;115;58;0;48;2;180;58;0m▃[38;2;180;58;0;48;2;115;58;0m▀[38;2;115;58;0;48;2;180;58;0m▅▅[38;2;180;58;0;48;2;115;58;0m▀[38;2;115;58;0;48;2;180;58;0m▂[48;2;115;58;0m  [38;2;160;58;0m▁[38;2;115;58;0;48;2;180;58;0m▀   [38;2;71;0;0m▗[48;2;71;0;0m  [48;2;71;0;42m▊[38;2;54;54;54m▔[0m
[38;2;180;58;0;48;2;254;139;0m▅▀▀[38;2;115;58;0;48;2;180;58;0m▀[38;2;180;58;0;48;2;115;58;0m▃ [38;2;115;58;0;48;2;180;58;0m▅[38;2;180;58;0;48;2;115;58;0m▀   [38;2;115;58;0;48;2;180;58;0m▅[38;2;180;58;0;48;2;71;0;0m▀[38;2;115;58;0;48;2;180;58;0m▃[38;2;180;58;0;48;2;115;58;0m▀[38;2;115;58;0;48;2;180;58;0m▅    [38;2;180;58;0;48;2;115;58;0m▅[48;2;180;58;0m [48;2;115;58;0m▅▖[48;2;71;32;0m▃[38;2;115;58;0;48;2;128;128;128m▘[38;2;100;100;100m▆▅[38;2;76;76;76m▃ [38;2;128;128;128;48;2;158;158;158m▀[38;2;158;158;158;48;2;128;128;128m▞[38;2;128;128;128;48;2;158;158;158m▃[38;2;158;158;158;48;2;128;128;128m▅[38;2;128;128;128;48;2;100;100;100m▍[38;2;158;158;158;48;2;128;128;128m▆▃▆[38;2;187;187;187m▔[38;2;128;128;128;48;2;187;187;187m▆▆▅[38;2;158;158;158;48;2;128;128;128m▀▘[38;2;128;128;128;48;2;100;100;100m▅[38;2;100;100;100;48;2;76;76;76m▖[38;2;54;54;54m▀[38;2;76;76;76;48;2;54;54;54m▖[38;2;54;54;54;48;2;40;40;40m▅▃▂▗[38;2;76;76;76;48;2;54;54;54m▖[38;2;115;58;0;48;2;71;0;0m▅[38;2;100;100;100;48;2;115;58;0m▃ [38;2;115;58;0;48;2;71;32;0m▖  [38;2;71;32;0;48;2;115;58;0m▆▅[38;2;115;58;0;48;2;71;32;0m▀[38;2;71;32;0;48;2;115;58;0m▃[38;2;115;58;0;48;2;180;58;0m▆▃▗[38;2;71;0;42m▅▆[48;2;71;0;42m [48;2;71;0;0m [38;2;71;0;0;48;2;71;0;42m▊[38;2;115;0;0m▊[38;2;71;0;42;48;2;71;0;0m▂[48;2;71;0;42m [0m
[38;2;180;58;0;48;2;71;0;0m▀[38;2;254;179;88m▀[38;2;71;0;0;48;2;254;179;88m▂[48;2;254;139;0m▂[48;2;180;58;0m▂[38;2;115;58;0;48;2;71;0;0m▀[38;2;71;0;0;48;2;115;58;0m▂ [38;2;71;32;0m▁ [38;2;115;58;0;48;2;71;0;0m▀▘  ▝[38;2;180;58;0m▀[48;2;115;58;0m▀[38;2;115;58;0;48;2;180;58;0m▃   [38;2;180;58;0;48;2;254;88;88m▂▔[38;2;254;88;88;48;2;180;58;0m▅[38;2;128;128;128;48;2;254;88;88m▗[48;2;100;100;100m▃[38;2;100;100;100;48;2;128;128;128m▀[38;2;128;128;128;48;2;100;100;100m▞[38;2;76;76;76m▂ [38;2;100;100;100;48;2;128;128;128m▆▃ [38;2;158;158;158m▂[48;2;158;158;158m [48;2;100;100;100m▖[38;2;128;128;128m▀[48;2;128;128;128m [38;2;158;158;158m▆[38;2;128;128;128;48;2;158;158;158m▔[38;2;158;158;158;48;2;187;187;187m▀[48;2;158;158;158m [48;2;128;128;128m▘▅ [38;2;128;128;128;48;2;100;100;100m▅[48;2;76;76;76m▖ [38;2;76;76;76;48;2;54;54;54m▁[48;2;76;76;76m [38;2;100;100;100m▃ [38;2;54;54;54m▝[38;2;76;76;76;48;2;54;54;54m▃[48;2;100;100;100m▘[48;2;115;58;0m▍ [38;2;115;58;0;48;2;71;32;0m▃▃[38;2;71;32;0;48;2;115;58;0m▀[38;2;115;58;0;48;2;71;32;0m▃  [38;2;71;32;0;48;2;115;58;0m▆ [38;2;71;0;42m▃[48;2;71;0;42m [38;2;115;0;69m▖[38;2;71;0;0m▞[38;2;71;0;42;48;2;71;0;0m▖▐[38;2;115;0;0;48;2;71;0;42m▝[38;2;115;0;69m▃ [0m
[38;2;71;0;0;48;2;115;0;69m▀[38;2;115;0;69;48;2;71;0;0m▂▃[48;2;115;0;69m [48;2;180;0;106m▀[48;2;115;0;69m [38;2;71;0;0m▐[38;2;115;0;69;48;2;71;0;0m▂        [38;2;115;58;0;48;2;115;0;0m▂▂[38;2;115;0;0;48;2;115;58;0m▆[48;2;115;0;0m  [38;2;180;58;0m▐[38;2;71;0;0;48;2;180;58;0m▁[38;2;180;58;0;48;2;71;0;0m▘[38;2;71;0;0;48;2;76;76;76m▆[38;2;100;100;100m▗▃[38;2;128;128;128;48;2;100;100;100m▃▅[38;2;100;100;100;48;2;128;128;128m▀ [38;2;128;128;128;48;2;100;100;100m▅[48;2;128;128;128m [38;2;158;158;158m▀[48;2;158;158;158m  [38;2;76;76;76m▐[38;2;128;128;128;48;2;100;100;100m▝[38;2;158;158;158;48;2;128;128;128m▀[38;2;128;128;128;48;2;158;158;158m▂[38;2;158;158;158;48;2;128;128;128m▀ [38;2;76;76;76m▗[38;2;128;128;128;48;2;76;76;76m▐[38;2;158;158;158;48;2;128;128;128m▅[38;2;128;128;128;48;2;100;100;100m▃▃[38;2;100;100;100;48;2;128;128;128m▀[48;2;76;76;76m▅▂ [38;2;54;54;54m▝[38;2;76;76;76;48;2;54;54;54m▃[38;2;100;100;100;48;2;76;76;76m▝▅[38;2;40;40;40;48;2;100;100;100m▝[38;2;54;54;54;48;2;71;0;42m▖[38;2;115;58;0m▔ [38;2;71;0;42;48;2;115;58;0m▆▆▆[38;2;115;58;0;48;2;71;0;42m▀[38;2;71;0;42;48;2;71;32;0m▅[38;2;71;32;0;48;2;71;0;42m▔[38;2;115;0;69m▂▃[38;2;115;0;0;48;2;115;0;69m▆[48;2;71;0;42m▅[48;2;71;0;0m [38;2;71;0;42m▐[48;2;71;0;42m [38;2;115;0;69m▕▍[0m
[38;2;115;0;69;48;2;71;0;0m▃[48;2;115;0;69m [38;2;71;0;42;48;2;180;0;0m▂[38;2;115;0;69m▝[38;2;180;0;0;48;2;115;0;69m▅▂▅ ▁ [48;2;71;0;0m [38;2;18;18;18m▝[38;2;71;0;0;48;2;18;18;18m▂▀[48;2;71;0;0m  [38;2;128;128;128m▂[38;2;71;0;0;48;2;115;58;0m▆▆▆[38;2;115;0;0;48;2;71;0;0m▀ [38;2;254;139;0m▃▅▅[38;2;100;100;100;48;2;254;139;0m▝[38;2;254;139;0;48;2;128;128;128m▃[48;2;158;158;158m [38;2;128;128;128m▃ [38;2;158;158;158;48;2;187;187;187m▀[48;2;128;128;128m▃[38;2;128;128;128;48;2;158;158;158m▃[38;2;158;158;158;48;2;128;128;128m▆▖[38;2;128;128;128;48;2;158;158;158m▖▝[38;2;100;100;100;48;2;128;128;128m▀[38;2;128;128;128;48;2;100;100;100m▁[38;2;158;158;158m▂[48;2;128;128;128m▃[38;2;128;128;128;48;2;158;158;158m▗[38;2;158;158;158;48;2;76;76;76m▗[48;2;187;187;187m▘[38;2;187;187;187;48;2;158;158;158m▆▅▗▖[38;2;100;100;100;48;2;128;128;128m▝[48;2;100;100;100m [48;2;128;128;128m▀▔[38;2;128;128;128;48;2;100;100;100m▅▃[38;2;76;76;76m▐[38;2;100;100;100;48;2;128;128;128m▘ [38;2;158;158;158;48;2;71;0;42m▖   [38;2;115;0;0m▃▂ [48;2;115;0;69m▆[38;2;71;0;42m▅▃[48;2;115;0;0m▍[38;2;115;0;69m▐[48;2;71;0;0m▍[38;2;71;0;42m▏[48;2;71;0;42m   [0m
[38;2;115;0;69;48;2;115;0;69m [48;2;180;0;106m▀[48;2;115;0;69m [48;2;180;0;0m [38;2;180;0;106m▃▅▅▖[38;2;115;0;69m▝[38;2;180;0;0;48;2;115;0;69m▖[38;2;71;0;0m▔[38;2;115;0;69;48;2;71;0;0m▆  [38;2;71;0;0;48;2;18;18;18m▆[38;2;115;0;0;48;2;71;0;0m▂[38;2;71;0;0;48;2;158;158;158m▆[48;2;187;187;187m▖[38;2;225;225;225;48;2;128;128;128m▆[48;2;254;179;88m▅[38;2;254;179;88;48;2;225;225;225m▀[48;2;254;179;88m [48;2;254;139;0m▆▆▆▆▆[48;2;128;128;128m▆[38;2;158;158;158;48;2;254;139;0m▀[38;2;254;139;0;48;2;128;128;128m▖[38;2;158;158;158;48;2;100;100;100m▀[48;2;187;187;187m▁▔[38;2;187;187;187;48;2;128;128;128m▂ [38;2;128;128;128;48;2;254;139;0m▀[38;2;254;139;0;48;2;100;100;100m▅[38;2;100;100;100;48;2;254;139;0m▀[38;2;254;139;0;48;2;100;100;100m▃[38;2;100;100;100;48;2;254;139;0m▀[38;2;254;139;0;48;2;100;100;100m▅[38;2;128;128;128;48;2;254;139;0m▘[38;2;254;139;0;48;2;187;187;187m▍[38;2;158;158;158;48;2;225;225;225m▐[48;2;187;187;187m [38;2;225;225;225m▊ [48;2;225;225;225m [48;2;158;158;158m▖[38;2;158;158;158;48;2;128;128;128m▖ [38;2;187;187;187;48;2;158;158;158m▆[48;2;128;128;128m▅[48;2;158;158;158m▃[48;2;128;128;128m▃[38;2;158;158;158;48;2;187;187;187m▀▘▔[38;2;225;225;225;48;2;71;0;42m▖[38;2;115;0;69m▗[38;2;71;0;42;48;2;115;0;69m▘ ▀[38;2;115;0;69;48;2;115;0;0m▆[38;2;71;0;42;48;2;115;0;69m▀[48;2;71;0;42m [48;2;105;0;13m▃[48;2;115;0;0m  [48;2;71;0;0m  ▐[38;2;71;0;71;48;2;115;0;0m▖[38;2;71;0;0;48;2;71;0;42m▐[0m
[38;2;180;0;106;48;2;180;0;106m [38;2;180;0;180m▂   ▀▆[38;2;180;0;106;48;2;180;0;180m▝[38;2;180;0;180;48;2;180;0;0m▖[48;2;115;0;69m   [38;2;71;0;0m▞[38;2;115;0;69;48;2;71;0;0m▃ [48;2;115;0;0m▕[48;2;180;0;0m▍[38;2;180;0;0;48;2;71;0;42m▆[48;2;225;225;225m▆[38;2;71;0;42;48;2;254;254;254m▂ [38;2;225;225;225m▝[38;2;254;179;88m▀[38;2;225;225;225;48;2;254;179;88m▃      [38;2;254;179;88;48;2;100;100;100m▅[48;2;128;128;128m▃[38;2;158;158;158;48;2;187;187;187m▆[38;2;225;225;225;48;2;254;139;0m▀[38;2;158;158;158m▀[38;2;254;139;0;48;2;254;179;88m▀[38;2;254;179;88;48;2;254;147;31m▅[48;2;254;139;0m▆▆▆[48;2;254;179;88m [48;2;254;139;0m▍[38;2;187;187;187m▐[38;2;225;225;225;48;2;158;158;158m▍[48;2;187;187;187m [38;2;187;187;187;48;2;225;225;225m▏[48;2;187;187;187m [38;2;225;225;225m▐[38;2;187;187;187;48;2;225;225;225m▝[48;2;128;128;128m▖[38;2;128;128;128;48;2;158;158;158m▍ [48;2;187;187;187m  [38;2;225;225;225m▗▆ ▝[48;2;225;225;225m [48;2;71;0;42m▖[48;2;115;0;69m     [38;2;71;0;42m▔[48;2;71;0;42m [48;2;115;0;0m [38;2;115;0;0;48;2;71;0;42m▍[48;2;115;0;69m [38;2;115;0;69;48;2;71;0;42m▁[38;2;71;0;0m▊[38;2;115;0;0m▐[38;2;71;0;42;48;2;115;0;0m▐[0m
[38;2;180;0;106;48;2;180;0;106m [38;2;180;0;180m▔[38;2;180;0;106;48;2;180;0;180m▂[48;2;180;0;106m   [38;2;180;0;0m▂▂▂▂[48;2;115;0;69m▖[38;2;71;0;42m▝[38;2;115;0;69;48;2;71;0;0m▝[48;2;115;0;69m [38;2;71;0;0m▔[38;2;115;0;69;48;2;115;0;0m▖[48;2;115;0;69m [48;2;180;0;0m▖[48;2;180;0;106m ▔[48;2;225;225;225m▆[38;2;254;254;254;48;2;115;0;69m▀[48;2;254;254;254m  [48;2;225;225;225m▆[48;2;254;179;88m▅▃              [38;2;254;139;0m▐[38;2;187;187;187;48;2;254;139;0m▝[48;2;128;128;128m▍[38;2;158;158;158;48;2;187;187;187m▊[38;2;187;187;187;48;2;225;225;225m▏ [38;2;225;225;225;48;2;187;187;187m▞[48;2;225;225;225m [38;2;158;158;158m▝[38;2;187;187;187;48;2;158;158;158m▖ ▞[48;2;187;187;187m  [48;2;225;225;225m ▝[48;2;187;187;187m [38;2;225;225;225m▝[48;2;225;225;225m [48;2;71;0;42m▖[48;2;115;0;69m [38;2;115;0;69;48;2;180;0;0m▞[48;2;115;0;69m [38;2;165;0;34m▗ [38;2;115;0;69;48;2;71;0;42m▍▁▗[48;2;115;0;69m  [48;2;71;0;0m▖[38;2;115;0;0;48;2;71;0;42m▐[38;2;71;0;42;48;2;115;0;0m▐[0m
[38;2;180;0;106;48;2;115;0;69m▖[48;2;180;0;106m [38;2;115;0;69m▂[38;2;180;0;106;48;2;115;0;69m▔[38;2;115;0;69;48;2;180;0;106m▅▂[38;2;180;0;106;48;2;180;0;0m▅[38;2;115;0;69m▂▂▁[48;2;115;0;69m  [38;2;115;0;0;48;2;71;0;0m▗[38;2;115;0;69;48;2;115;0;0m▝[48;2;115;0;69m    [48;2;180;0;0m▏[38;2;180;0;0;48;2;180;0;106m▍ [38;2;115;0;69;48;2;180;0;0m▀[48;2;115;0;69m [48;2;254;254;254m▆▂   [38;2;254;254;254;48;2;254;179;88m▆[38;2;254;179;88;48;2;254;254;254m▀[38;2;254;254;254;48;2;254;179;88m▃[38;2;225;225;225m▂▂       ▂▂[48;2;254;139;0m▃[48;2;128;128;128m▖[38;2;187;187;187m▐[48;2;225;225;225m▝[38;2;225;225;225;48;2;187;187;187m▝[48;2;225;225;225m   [38;2;187;187;187m▐[38;2;158;158;158;48;2;128;128;128m▝[48;2;187;187;187m   [38;2;187;187;187;48;2;225;225;225m▖▐[38;2;225;225;225;48;2;187;187;187m▀ ▀[48;2;225;225;225m [48;2;115;0;69m▖ [38;2;115;0;69;48;2;180;0;0m▝[38;2;180;0;0;48;2;115;0;69m▂[38;2;144;0;54;48;2;180;0;0m▐[48;2;115;0;69m     [38;2;115;0;69;48;2;71;0;42m▍[38;2;71;0;0m▍[38;2;71;0;42;48;2;115;0;0m▐[0m
[38;2;180;0;106;48;2;180;0;0m▃[48;2;180;0;106m [38;2;115;0;69m▝[48;2;71;0;42m▖[38;2;71;0;42;48;2;115;0;69m▆[38;2;115;0;0m▖[38;2;180;0;106m▔[38;2;115;0;69;48;2;180;0;0m▆[38;2;180;0;0;48;2;115;0;69m▃ [38;2;71;0;0m▗▂[38;2;71;0;42;48;2;115;0;0m▔ [38;2;71;0;0;48;2;115;0;69m▍  [38;2;115;0;69;48;2;180;0;0m▀[48;2;115;0;69m [38;2;180;0;0;48;2;180;0;106m▊  [38;2;180;0;106;48;2;180;0;0m▆[38;2;180;0;0;48;2;115;0;69m▆▁ [38;2;115;0;69;48;2;254;254;254m▆[38;2;254;254;254;48;2;115;0;69m▀[38;2;115;0;69;48;2;254;254;254m▂   [38;2;254;254;254;48;2;225;225;225m▆▅▅▅▅[38;2;225;225;225;48;2;254;254;254m▀▀▀▀[38;2;254;254;254;48;2;225;225;225m▅[38;2;225;225;225;48;2;254;254;254m▁[38;2;254;254;254;48;2;158;158;158m▘[38;2;187;187;187;48;2;128;128;128m▐[38;2;225;225;225;48;2;187;187;187m▀ ▕[48;2;225;225;225m   [38;2;187;187;187;48;2;128;128;128m▍[38;2;158;158;158;48;2;187;187;187m▍[48;2;225;225;225m [38;2;225;225;225;48;2;187;187;187m▖ [38;2;187;187;187;48;2;225;225;225m▊▖[48;2;187;187;187m  [48;2;225;225;225m  [38;2;225;225;225;48;2;115;0;69m▖[38;2;180;0;0m▝[48;2;180;0;0m [38;2;115;0;69m▕[38;2;144;0;54;48;2;115;0;69m▁  [48;2;180;0;0m [38;2;180;0;0;48;2;115;0;69m▆[38;2;71;0;42m▐[48;2;71;0;0m▕▊[0m
[38;2;71;0;42;48;2;115;0;69m▀[38;2;180;0;0m▂[38;2;71;0;42;48;2;180;0;0m▅[48;2;180;0;106m▂[38;2;180;0;0;48;2;71;0;42m▆[38;2;115;0;69m▂[38;2;71;0;0;48;2;115;0;69m▆[38;2;115;0;69;48;2;115;0;0m▀[38;2;71;0;42;48;2;115;0;69m▆▖ [38;2;115;0;69;48;2;71;0;0m▍[48;2;115;0;0m [38;2;115;0;0;48;2;71;0;0m▖[38;2;115;0;69;48;2;115;0;0m▀[38;2;71;0;42;48;2;115;0;69m▖[38;2;180;0;0m▝[38;2;115;0;69;48;2;180;0;0m▂▝ [38;2;180;0;106m▐[48;2;180;0;106m [48;2;180;0;0m▀[38;2;180;0;0;48;2;180;0;106m▞[38;2;180;0;106;48;2;180;0;0m▆[38;2;115;0;69m▞▝[38;2;180;0;0;48;2;115;0;69m▗▂ [38;2;115;0;69;48;2;254;254;254m▆▆[38;2;254;254;254;48;2;115;0;69m▀▀▀[48;2;71;0;42m▀[38;2;225;225;225m▀[38;2;187;187;187m▀▀▀[38;2;71;0;42;48;2;187;187;187m▆▆▆[38;2;71;0;0;48;2;128;128;128m▆[38;2;158;158;158;48;2;71;0;0m▐[48;2;187;187;187m ▊ [38;2;187;187;187;48;2;225;225;225m▊  [38;2;225;225;225;48;2;158;158;158m▊[38;2;187;187;187m▐[48;2;225;225;225m  ▀[48;2;187;187;187m [38;2;225;225;225m▐[38;2;187;187;187;48;2;225;225;225m▗[48;2;187;187;187m  [48;2;225;225;225m▖ [38;2;225;225;225;48;2;115;0;69m▖ [48;2;180;0;0m  [38;2;160;0;40;48;2;115;0;69m▂  [38;2;115;0;69;48;2;180;0;0m▏[38;2;71;0;42;48;2;115;0;69m▐[48;2;71;0;0m▏[48;2;71;0;42m [0m
[38;2;180;0;106;48;2;180;0;0m▆[38;2;180;0;0;48;2;115;0;69m▀ [38;2;115;0;69;48;2;71;0;0m▖[38;2;71;0;42;48;2;115;0;69m▅ [38;2;115;0;69;48;2;71;0;42m▖[38;2;71;0;42;48;2;71;0;0m▅▏[48;2;71;0;42m  [48;2;115;0;0m▁▁▘[38;2;115;0;69m▕[48;2;115;0;69m   [38;2;180;0;0m▀[48;2;180;0;0m [38;2;180;0;106m▝[38;2;180;0;0;48;2;180;0;106m▂▗[38;2;180;0;106;48;2;180;0;0m▘ [38;2;180;0;0;48;2;180;0;106m▂▂[48;2;180;0;0m [38;2;115;0;69m▕[48;2;115;0;69m [48;2;180;0;0m▃▃[38;2;180;0;0;48;2;115;0;69m▘▁  [38;2;71;0;42m▀▀[48;2;71;0;42m  [38;2;115;0;0m▃[38;2;71;0;42;48;2;115;0;0m▀[38;2;115;0;0;48;2;71;0;42m▅[38;2;71;0;42;48;2;71;0;0m▍[38;2;71;0;0;48;2;187;187;187m▊[38;2;225;225;225m▖[38;2;187;187;187;48;2;158;158;158m▂[48;2;187;187;187m [48;2;225;225;225m▍   [38;2;158;158;158;48;2;187;187;187m▘[38;2;187;187;187;48;2;225;225;225m▍  ▝[48;2;187;187;187m [48;2;225;225;225m▆[48;2;187;187;187m   [38;2;225;225;225m▝[48;2;225;225;225m [48;2;115;0;69m▖[38;2;180;0;0m▐[38;2;180;0;106;48;2;180;0;0m▝[48;2;180;0;106m [48;2;115;0;69m   [38;2;180;0;0m▊[38;2;71;0;42;48;2;71;0;0m▍[38;2;71;0;0;48;2;71;0;42m▕[0m
[38;2;180;0;106;48;2;180;0;106m [38;2;180;0;0m▆[38;2;115;0;69;48;2;71;0;42m▅▞[48;2;71;0;0m [38;2;71;0;42m▝[38;2;71;0;0;48;2;115;0;69m▖[38;2;115;0;69;48;2;71;0;42m▃[38;2;115;0;0m▐[38;2;71;0;42;48;2;71;0;0m▃[38;2;115;0;0;48;2;71;0;42m▃  ▝[38;2;71;0;42;48;2;115;0;0m▖[48;2;115;0;69m▂    [38;2;180;0;0m▔[38;2;115;0;69;48;2;180;0;0m▘▗[38;2;180;0;0;48;2;115;0;69m▀[48;2;180;0;0m [38;2;115;0;69m▝[38;2;180;0;0;48;2;115;0;69m▝[38;2;115;0;69;48;2;180;0;0m▃ ▂▃▖▆▅▖[38;2;180;0;0;48;2;115;0;69m▆▆▖[38;2;71;0;42m▗[38;2;115;0;69;48;2;115;0;0m▘[48;2;71;0;42m [48;2;115;0;0m [38;2;71;0;42m▔[38;2;71;0;0;48;2;71;0;42m▐[48;2;254;179;88m▊[48;2;225;225;225m [38;2;225;225;225;48;2;187;187;187m▖ ▐[48;2;225;225;225m   [38;2;187;187;187m▀[38;2;225;225;225;48;2;187;187;187m▐[48;2;225;225;225m   [38;2;187;187;187m▐[48;2;187;187;187m     [38;2;225;225;225m▝[48;2;225;225;225m [48;2;115;0;69m▖ [48;2;180;0;106m [38;2;180;0;106;48;2;115;0;69m▍  [38;2;115;0;69;48;2;180;0;0m▃[38;2;71;0;42;48;2;71;0;0m▏▊[0m
[38;2;115;0;69;48;2;180;0;0m▂ ▝[48;2;115;0;69m [48;2;71;0;42m▖[38;2;71;0;0m▀[48;2;71;0;0m [48;2;115;0;69m▆[38;2;71;0;42;48;2;115;0;0m▀[38;2;115;0;69;48;2;71;0;42m▝▖     [38;2;71;0;42;48;2;115;0;69m▅▁    [38;2;115;0;69;48;2;180;0;0m▂[38;2;180;0;0;48;2;115;0;69m▆ ▀[38;2;115;0;69;48;2;180;0;0m▅[48;2;115;0;69m [38;2;180;0;0m▖[38;2;115;0;69;48;2;180;0;0m▞[38;2;180;0;0;48;2;115;0;69m▂[38;2;115;0;69;48;2;180;0;0m▀▘▀[38;2;180;0;0;48;2;115;0;69m▝[38;2;115;0;69;48;2;180;0;0m▁[38;2;180;0;0;48;2;115;0;69m▊ [38;2;71;0;42m▝[48;2;115;0;0m▝ [38;2;115;0;69;48;2;71;0;42m▝▅▃[48;2;71;0;0m▕[38;2;187;187;187;48;2;254;254;254m▏[48;2;225;225;225m ▐▍ [38;2;225;225;225;48;2;187;187;187m▘[48;2;225;225;225m   [38;2;187;187;187m▐▘  [48;2;187;187;187m      [38;2;225;225;225m▝[48;2;225;225;225m [48;2;115;0;69m▃[38;2;115;0;69;48;2;180;0;106m▂ [48;2;115;0;69m [48;2;180;0;0m▔[48;2;115;0;69m [48;2;71;0;0m  [0m
[38;2;115;0;115;48;2;180;0;0m▝[48;2;115;0;69m [38;2;71;0;42m▅[38;2;115;0;69;48;2;71;0;42m▀[38;2;71;0;42;48;2;115;0;69m▃[48;2;115;0;0m▁[38;2;115;0;0;48;2;71;0;42m▅[38;2;71;0;42;48;2;71;0;0m▃ [38;2;71;0;0;48;2;71;0;42m▖[38;2;115;0;0m▝[38;2;71;0;42;48;2;71;0;0m▍[38;2;71;0;0;48;2;115;0;0m▁[38;2;115;0;69;48;2;71;0;42m▃    [38;2;71;0;42;48;2;115;0;69m▅   [38;2;180;0;0m▂▂[48;2;180;0;0m [38;2;115;0;69m▀[48;2;115;0;69m  [48;2;180;0;0m▘[38;2;180;0;0;48;2;115;0;69m▆[38;2;115;0;69;48;2;180;0;0m▝[38;2;180;0;0;48;2;115;0;69m▔▀[38;2;115;0;69;48;2;180;0;0m▂[38;2;180;0;0;48;2;115;0;69m▀[38;2;115;0;69;48;2;180;0;0m▐[38;2;115;0;115;48;2;180;0;106m▆[48;2;115;0;69m [38;2;115;0;69;48;2;71;0;42m▆▃[38;2;71;0;42;48;2;115;0;69m▀ [48;2;180;0;106m  [38;2;115;0;69;48;2;71;0;0m▖[38;2;158;158;158;48;2;254;254;254m▍[38;2;254;254;254;48;2;225;225;225m▍  [38;2;187;187;187m▕[48;2;187;187;187m [38;2;225;225;225m▐[48;2;225;225;225m  [38;2;187;187;187m▀   ▐[48;2;187;187;187m       [38;2;225;225;225m▐[48;2;115;0;69m▖[48;2;180;0;106m   [38;2;71;0;0;48;2;115;0;69m▐[48;2;71;0;0m  [0m
[?25h