[48;2;0;0;252m[38;2;0;0;252m                                [38;2;129;129;129m▂[38;2;77;77;77m▅[48;2;54;54;54m[38;2;47;47;47m━[48;2;101;101;101m[38;2;77;77;77m▃[48;2;129;129;129m[38;2;101;101;101m▇[48;2;127;127;127m[38;2;159;159;159m▅[48;2;129;129;129m[38;2;54;54;54m▃[48;2;127;127;127m▅[48;2;159;159;159m[38;2;77;77;77m▅[38;2;101;101;101m▅[48;2;129;129;129m▅[48;2;127;127;127m[38;2;127;127;127m [48;2;101;101;101m[38;2;101;101;101m  [38;2;127;127;127m▃[38;2;159;159;159m▂[48;2;129;129;129m[38;2;101;101;101m▘[48;2;159;159;159m[38;2;129;129;129m▅[48;2;129;129;129m [48;2;101;101;101m[38;2;127;127;127m▎[48;2;127;127;127m[38;2;101;101;101m▆[48;2;77;77;77m▇[48;2;0;0;252m▇▆▅▃[38;2;129;129;129m▁[38;2;0;0;252m                     [0m
[48;2;0;0;252m[38;2;0;0;252m                             [38;2;129;129;129m▁[38;2;77;77;77m▅[48;2;77;77;77m[38;2;19;19;19m▅[38;2;40;40;40m▆[48;2;54;54;54m▅▅[48;2;77;77;77m[38;2;77;77;77m [48;2;129;129;129m[38;2;54;54;54m▃[48;2;159;159;159m▅[48;2;127;127;127m▆[48;2;101;101;101m[38;2;77;77;77m▆[48;2;77;77;77m[38;2;54;54;54m▁[38;2;101;101;101m▂[48;2;101;101;101m[38;2;129;129;129m▗[48;2;129;129;129m[38;2;101;101;101m▌[48;2;159;159;159m[38;2;127;127;127m▅[48;2;129;129;129m[38;2;129;129;129m  [48;2;127;127;127m[38;2;159;159;159m▌[38;2;101;101;101m▆▇[48;2;101;101;101m  [38;2;77;77;77m▂▗▂[48;2;77;77;77m[38;2;54;54;54m▅[38;2;40;40;40m▅▅[48;2;101;101;101m▃[48;2;77;77;77m▂[48;2;0;0;252m[38;2;77;77;77m▅[38;2;101;101;101m▁[38;2;0;0;252m                  [0m
[48;2;0;0;252m[38;2;0;0;252m                           [38;2;101;101;101m▅[48;2;54;54;54m▅[48;2;101;101;101m[38;2;40;40;40m▆[48;2;19;19;19m▄[38;2;54;54;54m▂[38;2;40;40;40m▄[38;2;54;54;54m▁[48;2;40;40;40m[38;2;77;77;77m▂[48;2;77;77;77m [48;2;54;54;54m[38;2;101;101;101m▆[48;2;40;40;40m▅[48;2;77;77;77m[38;2;127;127;127m▃[48;2;159;159;159m[38;2;101;101;101m▘[48;2;54;54;54m[38;2;127;127;127m▇[48;2;101;101;101m[38;2;54;54;54m▘[48;2;77;77;77m[38;2;101;101;101m▅[48;2;101;101;101m[38;2;77;77;77m▆[48;2;127;127;127m[38;2;101;101;101m▅[48;2;40;40;40m▝[48;2;77;77;77m▎[48;2;101;101;101m [48;2;127;127;127m▊[48;2;77;77;77m▌[48;2;101;101;101m[38;2;77;77;77m▅[38;2;40;40;40m▅[48;2;77;77;77m▂[48;2;40;40;40m[38;2;54;54;54m▌[38;2;19;19;19m▃[38;2;40;40;40m [38;2;19;19;19m▅[48;2;19;19;19m  [38;2;0;0;0m▆[48;2;40;40;40m[38;2;19;19;19m▆[48;2;54;54;54m▆▅[48;2;0;0;252m[38;2;0;0;252m                 [0m
[48;2;0;0;252m[38;2;0;0;252m                          [48;2;101;101;101m[38;2;77;77;77m▌[38;2;54;54;54m▃[38;2;77;77;77m▁[48;2;19;19;19m[38;2;54;54;54m▎[38;2;19;19;19m [38;2;40;40;40m▂[48;2;40;40;40m[38;2;77;77;77m▃[38;2;101;101;101m▄[48;2;54;54;54m[38;2;127;127;127m▄[48;2;77;77;77m[38;2;129;129;129m▅[48;2;101;101;101m[38;2;101;101;101m [48;2;129;129;129m▅[48;2;159;159;159m▅[48;2;127;127;127m▅[48;2;101;101;101m[38;2;77;77;77m▝[48;2;77;77;77m[38;2;127;127;127m▃[38;2;54;54;54m▗[48;2;40;40;40m▌[48;2;77;77;77m[38;2;40;40;40m▃[48;2;54;54;54m[38;2;77;77;77m▎▄[48;2;77;77;77m[38;2;40;40;40m▅[38;2;19;19;19m▂[48;2;54;54;54m[38;2;40;40;40m▆[48;2;40;40;40m[38;2;19;19;19m▅[48;2;19;19;19m [48;2;40;40;40m▅▆[48;2;19;19;19m   [38;2;0;0;0m▆[38;2;19;19;19m [48;2;0;0;0m[38;2;0;0;0m   [48;2;19;19;19m[38;2;19;19;19m  [48;2;0;0;252m▅[38;2;54;54;54m▂[38;2;40;40;40m▃▁[38;2;19;19;19m▁[38;2;54;54;54m▁[38;2;0;0;252m          [0m
[48;2;0;0;252m[38;2;0;0;252m                        [38;2;77;77;77m▃[48;2;101;101;101m[38;2;101;101;101m [48;2;77;77;77m[38;2;77;77;77m [38;2;101;101;101m▃▖[48;2;40;40;40m[38;2;40;40;40m [48;2;19;19;19m[38;2;19;19;19m [38;2;77;77;77m▂[48;2;40;40;40m[38;2;101;101;101m▃[48;2;101;101;101m[38;2;127;127;127m▝[48;2;129;129;129m[38;2;101;101;101m▅[48;2;101;101;101m [48;2;77;77;77m▌[38;2;77;77;77m [38;2;54;54;54m▂[48;2;54;54;54m[38;2;77;77;77m▌[48;2;101;101;101m[38;2;40;40;40m▃[38;2;54;54;54m▅[48;2;40;40;40m[38;2;101;101;101m▘[48;2;19;19;19m[38;2;40;40;40m▖[38;2;19;19;19m [48;2;40;40;40m▆[48;2;54;54;54m▆[48;2;19;19;19m   [48;2;0;0;0m▁[48;2;19;19;19m[38;2;0;0;0m▅[38;2;40;40;40m▂[38;2;54;54;54m▂▂▂▂[38;2;77;77;77m▂▂▃▂▃[48;2;40;40;40m[38;2;54;54;54m▅[48;2;54;54;54m[38;2;77;77;77m▄▃[38;2;101;101;101m▄▄[48;2;40;40;40m[38;2;54;54;54m▖[48;2;0;0;0m[38;2;19;19;19m▇[48;2;19;19;19m[38;2;40;40;40m▁[48;2;40;40;40m[38;2;0;0;252m▝[48;2;0;0;252m         [0m
[48;2;0;0;252m[38;2;0;0;252m                        [48;2;101;101;101m[38;2;54;54;54m▁▅▃[48;2;127;127;127m▅[48;2;101;101;101m[38;2;40;40;40m▆[48;2;19;19;19m[38;2;19;19;19m [48;2;0;0;0m▝[48;2;54;54;54m▅[48;2;77;77;77m▆[38;2;40;40;40m▅▆[48;2;101;101;101m[38;2;54;54;54m▅[48;2;77;77;77m▆[48;2;54;54;54m[38;2;40;40;40m▅[48;2;40;40;40m [48;2;19;19;19m▁▃[38;2;54;54;54m▂[38;2;77;77;77m▂[38;2;54;54;54m▗[48;2;40;40;40m[38;2;101;101;101m▂[48;2;54;54;54m[38;2;129;129;129m▂[38;2;159;159;159m▂[38;2;129;129;129m▃[48;2;40;40;40m▃[48;2;54;54;54m▃▄[48;2;77;77;77m[38;2;159;159;159m▃[48;2;101;101;101m▅▅▅▅[48;2;127;127;127m[38;2;188;188;188m▅▅▄▃[48;2;101;101;101m[38;2;159;159;159m▃[48;2;77;77;77m[38;2;101;101;101m▌[38;2;54;54;54m▊[48;2;127;127;127m[38;2;77;77;77m▖[48;2;101;101;101m[38;2;127;127;127m▖▝[48;2;77;77;77m[38;2;101;101;101m▌[48;2;40;40;40m[38;2;54;54;54m▎[48;2;77;77;77m[38;2;40;40;40m▌[48;2;54;54;54m[38;2;77;77;77m▖[48;2;19;19;19m[38;2;19;19;19m [48;2;40;40;40m▖[48;2;0;0;252m[38;2;54;54;54m▃[38;2;0;0;252m       [0m
[48;2;0;0;252m[38;2;0;0;252m                       [48;2;101;101;101m▊[48;2;19;19;19m[38;2;77;77;77m▎[48;2;54;54;54m[38;2;40;40;40m▅[48;2;40;40;40m[38;2;19;19;19m▂[48;2;19;19;19m  [48;2;0;0;0m[38;2;0;0;0m  [48;2;19;19;19m[38;2;129;129;129m▁[48;2;40;40;40m[38;2;210;210;210m▅[38;2;188;188;188m▆[48;2;77;77;77m[38;2;210;210;210m▅▄[38;2;188;188;188m▃[38;2;159;159;159m▂[48;2;54;54;54m▂[48;2;77;77;77m▂[48;2;101;101;101m[38;2;188;188;188m▃[48;2;127;127;127m[38;2;210;210;210m▄[48;2;129;129;129m▅[48;2;127;127;127m[38;2;226;226;226m▆[48;2;159;159;159m▆[48;2;188;188;188m▇▇▆▆[38;2;210;210;210m▆▇[48;2;210;210;210m  [48;2;188;188;188m[38;2;188;188;188m    [48;2;210;210;210m▆[48;2;188;188;188m  [48;2;159;159;159m[38;2;159;159;159m [48;2;127;127;127m[38;2;77;77;77m▝[48;2;40;40;40m[38;2;40;40;40m [48;2;54;54;54m▆[48;2;101;101;101m[38;2;77;77;77m▅[48;2;77;77;77m[38;2;40;40;40m▅[48;2;54;54;54m[38;2;54;54;54m [48;2;40;40;40m[38;2;40;40;40m [48;2;19;19;19m[38;2;54;54;54m▝[48;2;77;77;77m[38;2;40;40;40m▂[48;2;19;19;19m▎[38;2;54;54;54m▝[48;2;40;40;40m▌[38;2;40;40;40m [48;2;0;0;252m▃[38;2;0;0;252m     [0m
[48;2;0;0;252m[38;2;0;0;252m                        [48;2;19;19;19m[38;2;77;77;77m▎[48;2;101;101;101m[38;2;40;40;40m▗[48;2;19;19;19m[38;2;54;54;54m▎[48;2;0;0;0m[38;2;0;0;0m [48;2;19;19;19m▂[38;2;19;19;19m [48;2;54;54;54m[38;2;210;210;210m▅[48;2;226;226;226m[38;2;226;226;226m      [48;2;210;210;210m▆▆[48;2;226;226;226m           [48;2;210;210;210m▅[38;2;210;210;210m [48;2;188;188;188m▅[38;2;188;188;188m     [38;2;159;159;159m▁[38;2;188;188;188m [48;2;159;159;159m[38;2;129;129;129m▝[48;2;101;101;101m▌[48;2;40;40;40m[38;2;77;77;77m▌[48;2;19;19;19m[38;2;40;40;40m▖[48;2;54;54;54m[38;2;19;19;19m▇[48;2;40;40;40m▊[48;2;77;77;77m[38;2;54;54;54m▌[48;2;19;19;19m[38;2;40;40;40m▎[38;2;0;0;0m▗[38;2;19;19;19m [38;2;54;54;54m▃[38;2;19;19;19m [38;2;54;54;54m▃[48;2;40;40;40m[38;2;77;77;77m▝[48;2;19;19;19m[38;2;54;54;54m▎[38;2;0;0;252m▝[48;2;0;0;252m    [0m
[48;2;0;0;252m[38;2;0;0;252m                        [48;2;54;54;54m[38;2;40;40;40m▅[48;2;19;19;19m▗[48;2;40;40;40m[38;2;54;54;54m▁[48;2;19;19;19m[38;2;40;40;40m▖[48;2;54;54;54m[38;2;210;210;210m▃[48;2;226;226;226m[38;2;226;226;226m                      [48;2;210;210;210m[38;2;210;210;210m [38;2;188;188;188m▗▅[48;2;188;188;188m   [48;2;159;159;159m▘[38;2;159;159;159m  [38;2;129;129;129m▅[48;2;127;127;127m▘[48;2;101;101;101m[38;2;101;101;101m [48;2;54;54;54m[38;2;77;77;77m▃[48;2;19;19;19m[38;2;40;40;40m▖[38;2;19;19;19m [48;2;54;54;54m▃[48;2;19;19;19m [48;2;0;0;0m[38;2;0;0;0m [38;2;19;19;19m▝[48;2;54;54;54m▃[48;2;19;19;19m [48;2;77;77;77m[38;2;54;54;54m▌[48;2;19;19;19m[38;2;40;40;40m▎[38;2;0;0;0m▊[38;2;54;54;54m▄[48;2;0;0;252m[38;2;19;19;19m▌[38;2;0;0;252m   [0m
[48;2;0;0;252m[38;2;0;0;252m                       [48;2;77;77;77m▌[48;2;19;19;19m[38;2;19;19;19m [48;2;77;77;77m[38;2;40;40;40m▊[48;2;101;101;101m[38;2;129;129;129m▅[48;2;210;210;210m[38;2;77;77;77m▘[48;2;226;226;226m[38;2;255;255;255m▘[38;2;226;226;226m                    [38;2;210;210;210m▅[48;2;210;210;210m   [48;2;188;188;188m[38;2;188;188;188m  [48;2;159;159;159m▎[48;2;188;188;188m[38;2;159;159;159m▃[48;2;159;159;159m[38;2;129;129;129m▃▆[48;2;129;129;129m[38;2;127;127;127m▅[48;2;127;127;127m [38;2;101;101;101m▂[48;2;101;101;101m [48;2;77;77;77m▌[48;2;54;54;54m[38;2;77;77;77m▌[48;2;19;19;19m[38;2;40;40;40m▖[38;2;19;19;19m [48;2;0;0;0m[38;2;0;0;0m     [48;2;54;54;54m[38;2;19;19;19m▃[48;2;19;19;19m[38;2;40;40;40m▎[48;2;0;0;0m[38;2;0;0;0m [48;2;54;54;54m[38;2;40;40;40m▌[48;2;0;0;252m[38;2;54;54;54m▌[38;2;0;0;252m   [0m
[48;2;0;0;252m[38;2;0;0;252m                       [48;2;40;40;40m[38;2;40;40;40m [48;2;19;19;19m▖[48;2;101;101;101m▌[48;2;188;188;188m[38;2;129;129;129m▌[48;2;226;226;226m[38;2;226;226;226m                     [48;2;210;210;210m[38;2;210;210;210m  [38;2;188;188;188m▁▅[48;2;188;188;188m [38;2;159;159;159m▅▅[48;2;159;159;159m[38;2;129;129;129m▃▅[48;2;129;129;129m[38;2;159;159;159m▘[48;2;127;127;127m[38;2;127;127;127m [38;2;101;101;101m▅[48;2;101;101;101m   [38;2;77;77;77m▅[48;2;54;54;54m▌[48;2;40;40;40m[38;2;40;40;40m [48;2;19;19;19m[38;2;19;19;19m [48;2;0;0;0m▌[38;2;0;0;0m        [48;2;0;0;252m[38;2;19;19;19m▌[38;2;0;0;252m   [0m
[48;2;0;0;252m[38;2;0;0;252m                       [48;2;77;77;77m▌[48;2;40;40;40m[38;2;77;77;77m▁[48;2;54;54;54m[38;2;19;19;19m▗[48;2;226;226;226m[38;2;188;188;188m▌[38;2;226;226;226m                  [38;2;210;210;210m▂[48;2;210;210;210m  [38;2;188;188;188m▅[48;2;188;188;188m [48;2;159;159;159m▄[48;2;188;188;188m[38;2;159;159;159m▆[48;2;159;159;159m[38;2;188;188;188m▌[38;2;159;159;159m  [48;2;129;129;129m[38;2;129;129;129m [48;2;127;127;127m[38;2;127;127;127m  [48;2;101;101;101m[38;2;101;101;101m [38;2;77;77;77m▃[48;2;77;77;77m   [38;2;54;54;54m▗[48;2;54;54;54m[38;2;77;77;77m▘[48;2;40;40;40m[38;2;40;40;40m [48;2;19;19;19m[38;2;19;19;19m  [48;2;0;0;0m[38;2;0;0;0m        [48;2;0;0;252m[38;2;0;0;252m    [0m
[48;2;0;0;252m[38;2;0;0;252m                         [48;2;40;40;40m[38;2;29;29;29m┃[48;2;210;210;210m[38;2;188;188;188m▌[48;2;226;226;226m[38;2;226;226;226m      [38;2;210;210;210m▃▅[38;2;226;226;226m    [38;2;210;210;210m▅[48;2;210;210;210m     [38;2;188;188;188m▅▃[48;2;188;188;188m[38;2;210;210;210m▘[38;2;188;188;188m [48;2;159;159;159m▄▗▅[48;2;188;188;188m [48;2;159;159;159m[38;2;159;159;159m [38;2;129;129;129m▗[48;2;129;129;129m[38;2;127;127;127m▅▆[48;2;127;127;127m[38;2;101;101;101m▂[48;2;101;101;101m [48;2;77;77;77m[38;2;77;77;77m  [48;2;54;54;54m▌[48;2;77;77;77m[38;2;54;54;54m▆[48;2;54;54;54m[38;2;77;77;77m▘[48;2;40;40;40m[38;2;54;54;54m▎[38;2;40;40;40m [48;2;19;19;19m[38;2;19;19;19m  [48;2;0;0;0m[38;2;0;0;0m       [48;2;0;0;252m▊[38;2;0;0;252m    [0m
[48;2;0;0;252m[38;2;0;0;252m                         [48;2;0;0;0m[38;2;54;54;54m▌[48;2;210;210;210m[38;2;129;129;129m▌[38;2;210;210;210m [48;2;226;226;226m▅[38;2;226;226;226m [48;2;210;210;210m[38;2;210;210;210m [38;2;226;226;226m▂[48;2;226;226;226m[38;2;210;210;210m▘[48;2;210;210;210m[38;2;226;226;226m▃▃[48;2;226;226;226m [38;2;218;218;218m━[38;2;210;210;210m▅[48;2;210;210;210m   [38;2;188;188;188m▅[38;2;210;210;210m  [38;2;226;226;226m▂[48;2;188;188;188m[38;2;210;210;210m▅[48;2;210;210;210m [48;2;188;188;188m▆[48;2;210;210;210m [48;2;188;188;188m▅▅▅[48;2;159;159;159m[38;2;188;188;188m▌[38;2;159;159;159m [48;2;129;129;129m▘[48;2;127;127;127m[38;2;127;127;127m [48;2;101;101;101m[38;2;101;101;101m [38;2;77;77;77m▅[48;2;77;77;77m    [48;2;54;54;54m[38;2;54;54;54m   [48;2;40;40;40m▌[48;2;19;19;19m[38;2;40;40;40m▌[38;2;19;19;19m [48;2;0;0;0m[38;2;0;0;0m       [48;2;0;0;252m▌[38;2;0;0;252m    [0m
[48;2;0;0;252m[38;2;0;0;252m                         [48;2;54;54;54m▊[48;2;188;188;188m[38;2;127;127;127m▌[48;2;210;210;210m[38;2;210;210;210m [48;2;226;226;226m[38;2;226;226;226m          [38;2;210;210;210m▝[48;2;210;210;210m [48;2;188;188;188m▃[48;2;210;210;210m [48;2;226;226;226m▘[38;2;226;226;226m  [48;2;210;210;210m▆[48;2;226;226;226m [38;2;210;210;210m▗[48;2;210;210;210m  [38;2;188;188;188m▁[48;2;188;188;188m [48;2;159;159;159m[38;2;159;159;159m [48;2;129;129;129m▌[38;2;127;127;127m▅[48;2;127;127;127m [48;2;101;101;101m[38;2;101;101;101m   [48;2;77;77;77m▌[38;2;77;77;77m [48;2;54;54;54m▌[38;2;54;54;54m    [48;2;19;19;19m[38;2;40;40;40m▌[38;2;19;19;19m [48;2;0;0;0m[38;2;0;0;0m       [48;2;0;0;252m[38;2;0;0;127m▌[38;2;0;0;252m    [0m
[48;2;0;0;252m[38;2;0;0;252m                          [48;2;210;210;210m[38;2;127;127;127m▌[38;2;226;226;226m▅[48;2;226;226;226m   [38;2;210;210;210m▁[38;2;226;226;226m   [38;2;210;210;210m▃▅▅▁[48;2;210;210;210m  [38;2;226;226;226m▝[48;2;226;226;226m[38;2;210;210;210m▂▂▂[48;2;210;210;210m [38;2;188;188;188m▅▆[38;2;210;210;210m [38;2;159;159;159m▁[48;2;188;188;188m[38;2;127;127;127m▁[38;2;129;129;129m▂▃[48;2;159;159;159m[38;2;127;127;127m▃[48;2;129;129;129m▁[48;2;159;159;159m▂[48;2;129;129;129m[38;2;129;129;129m [48;2;127;127;127m▅[38;2;127;127;127m [48;2;101;101;101m[38;2;101;101;101m [48;2;77;77;77m[38;2;77;77;77m [48;2;54;54;54m▅[38;2;54;54;54m  [38;2;77;77;77m▂[38;2;54;54;54m [48;2;19;19;19m[38;2;40;40;40m▌[38;2;19;19;19m [48;2;0;0;0m[38;2;0;0;0m     [38;2;40;40;40m▁[38;2;54;54;54m▃[48;2;0;0;252m[38;2;77;77;77m▅▖[38;2;0;0;252m   [0m
[48;2;0;0;252m[38;2;0;0;252m                          [48;2;188;188;188m[38;2;127;127;127m▌[38;2;77;77;77m▂[38;2;101;101;101m▅▃▃[38;2;127;127;127m▃[48;2;210;210;210m[38;2;129;129;129m▃[48;2;188;188;188m[38;2;127;127;127m▂[38;2;101;101;101m▂[38;2;129;129;129m▁[48;2;210;210;210m[38;2;188;188;188m▅▂▃▅▅▅▃▂[48;2;188;188;188m[38;2;159;159;159m▂[38;2;129;129;129m▂[38;2;101;101;101m▃[48;2;159;159;159m[38;2;77;77;77m▃▅[48;2;101;101;101m[38;2;40;40;40m▅[48;2;77;77;77m▅[38;2;19;19;19m▅▅[48;2;101;101;101m[38;2;40;40;40m▅[38;2;54;54;54m▅[48;2;77;77;77m▅[38;2;40;40;40m▅[48;2;101;101;101m[38;2;54;54;54m▅▃[48;2;77;77;77m▃▅▅[48;2;54;54;54m [48;2;77;77;77m▌▅[48;2;54;54;54m [48;2;40;40;40m▌[48;2;19;19;19m[38;2;40;40;40m▁[38;2;19;19;19m   [38;2;40;40;40m▂▅[48;2;54;54;54m▅[48;2;40;40;40m[38;2;19;19;19m▅[48;2;54;54;54m▆[48;2;0;0;127m[38;2;54;54;54m▌[48;2;0;0;252m[38;2;0;0;252m   [0m
[48;2;0;0;252m[38;2;0;0;252m                          [48;2;129;129;129m[38;2;128;128;128m━[48;2;101;101;101m[38;2;159;159;159m▅[48;2;54;54;54m▆[48;2;40;40;40m▅▄[38;2;129;129;129m▂[48;2;77;77;77m[38;2;40;40;40m▇[48;2;54;54;54m[38;2;19;19;19m▆[48;2;77;77;77m▅▅[48;2;127;127;127m[38;2;54;54;54m▅[38;2;77;77;77m▃[48;2;159;159;159m[38;2;101;101;101m▆[48;2;188;188;188m[38;2;159;159;159m▌▃▆[48;2;159;159;159m[38;2;127;127;127m▅[48;2;129;129;129m[38;2;77;77;77m▃[48;2;127;127;127m[38;2;40;40;40m▅[48;2;77;77;77m[38;2;19;19;19m▆[48;2;54;54;54m▆[48;2;40;40;40m▇[48;2;19;19;19m[38;2;0;0;0m▆▇[38;2;19;19;19m  [48;2;101;101;101m▃▃▂[38;2;40;40;40m▂[48;2;54;54;54m[38;2;77;77;77m▘[38;2;40;40;40m▅[48;2;40;40;40m   [48;2;54;54;54m▇[48;2;40;40;40m[38;2;54;54;54m▅[48;2;54;54;54m [38;2;77;77;77m▘[38;2;54;54;54m  [48;2;40;40;40m▆[48;2;19;19;19m[38;2;40;40;40m▆▆[48;2;40;40;40m[38;2;54;54;54m▃[48;2;54;54;54m[38;2;40;40;40m▅[48;2;40;40;40m[38;2;19;19;19m▗[48;2;19;19;19m  [48;2;0;0;0m▎[48;2;54;54;54m▌[48;2;0;0;252m[38;2;0;0;252m   [0m
[48;2;0;0;252m[38;2;0;0;252m                          [48;2;159;159;159m[38;2;77;77;77m▌[38;2;129;129;129m▚[48;2;129;129;129m[38;2;54;54;54m▗[38;2;19;19;19m▅▆[48;2;101;101;101m▇[48;2;40;40;40m[38;2;40;40;40m [48;2;19;19;19m[38;2;19;19;19m [38;2;40;40;40m▂[38;2;19;19;19m  [48;2;40;40;40m[38;2;77;77;77m▝[48;2;127;127;127m[38;2;54;54;54m▖[48;2;188;188;188m[38;2;210;210;210m▅▅[38;2;129;129;129m▝[48;2;101;101;101m▖[48;2;40;40;40m[38;2;77;77;77m▌[48;2;19;19;19m[38;2;19;19;19m  [38;2;0;0;0m▅[48;2;0;0;0m  [48;2;19;19;19m[38;2;77;77;77m▁[38;2;19;19;19m [48;2;0;0;0m[38;2;0;0;0m  [48;2;77;77;77m[38;2;19;19;19m▊[48;2;19;19;19m[38;2;101;101;101m▖[48;2;0;0;0m[38;2;19;19;19m▁[48;2;19;19;19m[38;2;0;0;0m▇▅[48;2;40;40;40m[38;2;19;19;19m▁[38;2;40;40;40m   [48;2;54;54;54m▘[38;2;54;54;54m      [38;2;40;40;40m▌[48;2;40;40;40m[38;2;54;54;54m▌[38;2;19;19;19m▂[48;2;19;19;19m[38;2;0;0;0m▝[38;2;19;19;19m [48;2;40;40;40m[38;2;40;40;40m [38;2;19;19;19m▝[48;2;54;54;54m▌[48;2;0;0;252m[38;2;0;0;252m   [0m
[48;2;0;0;252m[38;2;0;0;252m                          [48;2;188;188;188m[38;2;54;54;54m▌[48;2;129;129;129m[38;2;210;210;210m▌[48;2;19;19;19m[38;2;77;77;77m▌[38;2;54;54;54m▂[48;2;54;54;54m[38;2;159;159;159m▗[48;2;40;40;40m[38;2;40;40;40m [48;2;19;19;19m[38;2;19;19;19m  [48;2;127;127;127m[38;2;40;40;40m▘[48;2;54;54;54m[38;2;101;101;101m▖[48;2;19;19;19m▁[48;2;40;40;40m[38;2;129;129;129m▗[48;2;54;54;54m[38;2;159;159;159m▃[48;2;226;226;226m[38;2;210;210;210m▌[38;2;226;226;226m [48;2;188;188;188m[38;2;210;210;210m▌[48;2;127;127;127m[38;2;129;129;129m▌[48;2;40;40;40m[38;2;77;77;77m▎▂[48;2;19;19;19m▃[38;2;127;127;127m▂[38;2;159;159;159m▂[48;2;0;0;0m[38;2;129;129;129m▃[48;2;129;129;129m[38;2;40;40;40m▘[48;2;101;101;101m[38;2;129;129;129m▅[48;2;19;19;19m▅▅[48;2;54;54;54m▅[48;2;101;101;101m[38;2;101;101;101m [48;2;77;77;77m[38;2;40;40;40m▝[48;2;19;19;19m▅▄[38;2;77;77;77m▃▂[48;2;40;40;40m[38;2;54;54;54m▂[38;2;77;77;77m▂[48;2;54;54;54m▃[38;2;54;54;54m      [48;2;40;40;40m▝▌[48;2;0;0;0m[38;2;19;19;19m▎[38;2;0;0;0m [48;2;19;19;19m▆▅[48;2;54;54;54m[38;2;19;19;19m▌[48;2;0;0;127m[38;2;54;54;54m▌[48;2;0;0;252m[38;2;0;0;252m   [0m
[48;2;0;0;252m[38;2;0;0;252m                          [48;2;159;159;159m▊[48;2;210;210;210m[38;2;210;210;210m [48;2;77;77;77m[38;2;188;188;188m▆[48;2;101;101;101m[38;2;159;159;159m▂[48;2;129;129;129m[38;2;101;101;101m▌[48;2;159;159;159m[38;2;159;159;159m [48;2;54;54;54m▇[48;2;159;159;159m[38;2;127;127;127m▅[48;2;127;127;127m[38;2;77;77;77m▃[48;2;101;101;101m▅[48;2;127;127;127m[38;2;101;101;101m▅[48;2;188;188;188m[38;2;129;129;129m▘[48;2;210;210;210m[38;2;159;159;159m▌[48;2;226;226;226m[38;2;226;226;226m  [48;2;159;159;159m[38;2;188;188;188m▌[48;2;101;101;101m[38;2;129;129;129m▌[48;2;77;77;77m[38;2;101;101;101m▅[48;2;127;127;127m[38;2;159;159;159m▗▂[38;2;129;129;129m▂[48;2;159;159;159m[38;2;159;159;159m [48;2;127;127;127m▅[48;2;101;101;101m[38;2;129;129;129m▂[38;2;54;54;54m▗[38;2;40;40;40m▅▅▅[48;2;77;77;77m[38;2;19;19;19m▆[48;2;40;40;40m[38;2;77;77;77m▁▄[48;2;77;77;77m[38;2;101;101;101m▅[48;2;54;54;54m▃[48;2;101;101;101m[38;2;77;77;77m▌[48;2;77;77;77m[38;2;101;101;101m▇▆[38;2;77;77;77m [48;2;54;54;54m[38;2;54;54;54m [38;2;40;40;40m▃▆[38;2;54;54;54m  [48;2;40;40;40m▅[38;2;40;40;40m [48;2;77;77;77m[38;2;54;54;54m▌[48;2;19;19;19m▖[38;2;19;19;19m [48;2;0;0;0m▄[48;2;19;19;19m[38;2;0;0;0m▊[48;2;40;40;40m[38;2;19;19;19m▌[48;2;0;0;252m[38;2;40;40;40m▌[38;2;0;0;252m   [0m
[48;2;0;0;252m[38;2;0;0;252m                           [48;2;210;210;210m[38;2;159;159;159m▌[38;2;226;226;226m▆[48;2;159;159;159m[38;2;188;188;188m▌[48;2;101;101;101m[38;2;159;159;159m▂[48;2;127;127;127m[38;2;114;114;114m━[48;2;54;54;54m[38;2;129;129;129m▃▃[48;2;77;77;77m[38;2;159;159;159m▃[48;2;101;101;101m[38;2;188;188;188m▅[48;2;188;188;188m [38;2;210;210;210m▚[48;2;226;226;226m▘[38;2;226;226;226m [38;2;210;210;210m▗[48;2;159;159;159m[38;2;188;188;188m▌[48;2;127;127;127m[38;2;129;129;129m▘[48;2;101;101;101m[38;2;127;127;127m▗[48;2;159;159;159m▌[48;2;129;129;129m[38;2;159;159;159m▌[48;2;159;159;159m[38;2;129;129;129m▘[48;2;188;188;188m[38;2;159;159;159m▊[48;2;159;159;159m[38;2;188;188;188m▄▃▂[48;2;129;129;129m[38;2;159;159;159m▅[48;2;127;127;127m▅[48;2;101;101;101m▆[38;2;129;129;129m▇[48;2;127;127;127m▅[38;2;159;159;159m▂▂▃[38;2;129;129;129m▅[48;2;101;101;101m[38;2;127;127;127m▆[38;2;101;101;101m [48;2;77;77;77m[38;2;77;77;77m [48;2;54;54;54m[38;2;54;54;54m     [38;2;40;40;40m▝[48;2;40;40;40m [48;2;54;54;54m[38;2;54;54;54m [48;2;19;19;19m▘▗[48;2;40;40;40m▃[48;2;19;19;19m▄[48;2;54;54;54m[38;2;40;40;40m▂[48;2;0;0;252m[38;2;54;54;54m▎[38;2;0;0;252m   [0m
[48;2;0;0;252m[38;2;0;0;252m                           [48;2;188;188;188m[38;2;89;89;255m▌[48;2;226;226;226m[38;2;226;226;226m [48;2;188;188;188m[38;2;210;210;210m▇▅▃[48;2;159;159;159m▅▆[48;2;188;188;188m▆[48;2;210;210;210m  [48;2;226;226;226m[38;2;188;188;188m▘[38;2;226;226;226m  [48;2;188;188;188m▘[48;2;101;101;101m[38;2;159;159;159m▌[38;2;101;101;101m  [48;2;129;129;129m▂[48;2;159;159;159m▃[38;2;129;129;129m▖[48;2;188;188;188m[38;2;159;159;159m▁[38;2;188;188;188m [48;2;210;210;210m[38;2;210;210;210m [48;2;188;188;188m▆[38;2;188;188;188m  [48;2;159;159;159m▆▃[38;2;159;159;159m  [38;2;129;129;129m▗[48;2;129;129;129m[38;2;127;127;127m▆[48;2;101;101;101m[38;2;129;129;129m▘[38;2;77;77;77m▅[48;2;77;77;77m[38;2;54;54;54m▃[48;2;54;54;54m[38;2;77;77;77m▘[38;2;54;54;54m    [38;2;40;40;40m▅[48;2;40;40;40m   [38;2;54;54;54m▆[48;2;77;77;77m▂▅[48;2;40;40;40m▃[48;2;0;0;252m[38;2;40;40;40m▌[38;2;0;0;252m    [0m
[48;2;0;0;252m[38;2;0;0;252m                           [48;2;188;188;188m▊[48;2;226;226;226m[38;2;210;210;210m▆▖[48;2;210;210;210m[38;2;226;226;226m▇▃[38;2;210;210;210m   [38;2;159;159;159m▁[48;2;159;159;159m[38;2;188;188;188m▄[48;2;226;226;226m[38;2;226;226;226m   [48;2;210;210;210m[38;2;210;210;210m [48;2;129;129;129m[38;2;188;188;188m▖[48;2;101;101;101m[38;2;101;101;101m [38;2;188;188;188m▂▄[38;2;159;159;159m▅▖[48;2;159;159;159m[38;2;101;101;101m▃[38;2;129;129;129m▁[48;2;210;210;210m[38;2;188;188;188m▂▂[48;2;188;188;188m [38;2;159;159;159m▃[38;2;188;188;188m [48;2;159;159;159m[38;2;159;159;159m [38;2;129;129;129m▅[48;2;129;129;129m[38;2;159;159;159m▘[48;2;127;127;127m[38;2;101;101;101m▆[48;2;101;101;101m [38;2;77;77;77m▂[48;2;77;77;77m[38;2;54;54;54m▅[48;2;54;54;54m     [38;2;40;40;40m▂[48;2;40;40;40m  [38;2;19;19;19m▁[48;2;54;54;54m[38;2;40;40;40m▌[38;2;77;77;77m▅[48;2;77;77;77m[38;2;54;54;54m▁▂[48;2;54;54;54m[38;2;0;0;252m▃[48;2;0;0;252m     [0m
[48;2;0;0;252m[38;2;0;0;252m                            [48;2;188;188;188m[38;2;188;188;188m [48;2;226;226;226m[38;2;210;210;210m▌▃▅[48;2;210;210;210m [38;2;188;188;188m▁[48;2;188;188;188m[38;2;129;129;129m▅[48;2;226;226;226m[38;2;159;159;159m▘[38;2;210;210;210m▂[48;2;210;210;210m[38;2;159;159;159m▁[48;2;226;226;226m▃[48;2;210;210;210m▗[48;2;188;188;188m[38;2;129;129;129m▃[48;2;127;127;127m[38;2;159;159;159m▘[48;2;129;129;129m[38;2;101;101;101m▌[48;2;188;188;188m[38;2;129;129;129m▂[38;2;101;101;101m▂▃[48;2;129;129;129m[38;2;77;77;77m▃[48;2;40;40;40m▌[48;2;101;101;101m▌[48;2;159;159;159m[38;2;127;127;127m▅[38;2;129;129;129m▅[38;2;127;127;127m▅[38;2;129;129;129m▅[38;2;127;127;127m▆[48;2;129;129;129m▆[48;2;127;127;127m[38;2;101;101;101m▅[48;2;101;101;101m [48;2;77;77;77m[38;2;77;77;77m [38;2;54;54;54m▅[48;2;54;54;54m[38;2;77;77;77m▘[38;2;54;54;54m    [48;2;40;40;40m[38;2;40;40;40m     [48;2;19;19;19m▌▝[48;2;40;40;40m[38;2;19;19;19m▅[38;2;0;0;252m▅[48;2;54;54;54m▆[48;2;0;0;252m      [0m
[48;2;0;0;252m[38;2;0;0;252m                            [48;2;159;159;159m[38;2;89;89;255m▌[48;2;188;188;188m[38;2;210;210;210m▝[48;2;210;210;210m[38;2;159;159;159m▂[48;2;188;188;188m▃▅[48;2;159;159;159m[38;2;127;127;127m▅[48;2;101;101;101m▘[48;2;127;127;127m[38;2;129;129;129m▅[48;2;159;159;159m[38;2;101;101;101m▆[48;2;101;101;101m[38;2;54;54;54m▂[38;2;77;77;77m▃[38;2;54;54;54m▃▅[48;2;54;54;54m[38;2;40;40;40m▅[48;2;77;77;77m[38;2;19;19;19m▆[48;2;54;54;54m[38;2;0;0;0m▆[48;2;40;40;40m▇▇▆[48;2;19;19;19m[38;2;19;19;19m [48;2;40;40;40m[38;2;54;54;54m▝[48;2;127;127;127m[38;2;129;129;129m▃[38;2;127;127;127m [38;2;101;101;101m▖▂▂[48;2;101;101;101m  [38;2;77;77;77m▗[48;2;77;77;77m [48;2;54;54;54m▂▄▄▁[48;2;77;77;77m[38;2;54;54;54m▝[48;2;40;40;40m▎[38;2;40;40;40m    [38;2;19;19;19m▅[48;2;19;19;19m   [48;2;0;0;127m▌[48;2;0;0;252m[38;2;0;0;252m       [0m
[48;2;0;0;252m[38;2;0;0;252m                            [48;2;101;101;101m▌[48;2;159;159;159m[38;2;129;129;129m▅[38;2;159;159;159m [38;2;129;129;129m▅[48;2;129;129;129m[38;2;101;101;101m▂[48;2;101;101;101m[38;2;77;77;77m▅[38;2;188;188;188m▃[48;2;188;188;188m  [48;2;40;40;40m[38;2;129;129;129m▄[48;2;54;54;54m[38;2;127;127;127m▂[48;2;19;19;19m[38;2;19;19;19m [38;2;0;0;0m▅[48;2;0;0;0m[38;2;19;19;19m▘[38;2;0;0;0m  [38;2;19;19;19m▄[48;2;19;19;19m [38;2;40;40;40m▗[48;2;40;40;40m [48;2;77;77;77m[38;2;159;159;159m▃[48;2;188;188;188m[38;2;188;188;188m  [48;2;127;127;127m[38;2;159;159;159m▅[48;2;101;101;101m▂[38;2;77;77;77m▗▃[48;2;77;77;77m  [38;2;54;54;54m▅▅▘[38;2;77;77;77m [38;2;54;54;54m▁[48;2;54;54;54m[38;2;40;40;40m▃[48;2;40;40;40m     [48;2;19;19;19m[38;2;19;19;19m [38;2;40;40;40m▄[38;2;19;19;19m  [48;2;40;40;40m▊[48;2;0;0;252m[38;2;0;0;252m       [0m
[48;2;0;0;252m[38;2;0;0;252m                             [48;2;127;127;127m[38;2;127;127;127m [38;2;159;159;159m▌[38;2;101;101;101m▅[48;2;54;54;54m[38;2;77;77;77m▌[48;2;129;129;129m[38;2;40;40;40m▌[48;2;188;188;188m[38;2;159;159;159m▃[48;2;210;210;210m[38;2;188;188;188m▆[48;2;188;188;188m[38;2;210;210;210m▎[48;2;129;129;129m[38;2;188;188;188m▌[38;2;159;159;159m▃[48;2;127;127;127m[38;2;54;54;54m▝[48;2;19;19;19m[38;2;101;101;101m▂[48;2;0;0;0m[38;2;0;0;0m [38;2;77;77;77m▁[48;2;19;19;19m[38;2;101;101;101m▂[48;2;40;40;40m▃▅[48;2;54;54;54m▆[48;2;129;129;129m▘[48;2;159;159;159m[38;2;129;129;129m▁[38;2;127;127;127m▅▅[48;2;129;129;129m[38;2;101;101;101m▅[48;2;127;127;127m▅[48;2;101;101;101m[38;2;54;54;54m▅[48;2;77;77;77m▖[38;2;77;77;77m  [48;2;54;54;54m▅[48;2;77;77;77m [48;2;54;54;54m▌▘[38;2;54;54;54m [48;2;40;40;40m[38;2;40;40;40m      [38;2;19;19;19m▌[48;2;19;19;19m  [38;2;40;40;40m▄[48;2;40;40;40m [48;2;0;0;252m[38;2;0;0;252m       [0m
[48;2;0;0;252m[38;2;0;0;252m                             [48;2;101;101;101m▌[48;2;127;127;127m[38;2;127;127;127m [48;2;101;101;101m▇▅[48;2;129;129;129m[38;2;101;101;101m▘[38;2;127;127;127m▃[48;2;159;159;159m▖[48;2;210;210;210m[38;2;210;210;210m [48;2;188;188;188m[38;2;127;127;127m▁[38;2;101;101;101m▂[48;2;159;159;159m[38;2;54;54;54m▂[38;2;77;77;77m▂[38;2;101;101;101m▂[38;2;54;54;54m▂[48;2;129;129;129m[38;2;40;40;40m▂[48;2;127;127;127m[38;2;77;77;77m▂[48;2;129;129;129m[38;2;54;54;54m▂[48;2;127;127;127m[38;2;77;77;77m▂▂▂[48;2;101;101;101m[38;2;40;40;40m▅[48;2;77;77;77m[38;2;19;19;19m▅[38;2;40;40;40m▃[38;2;54;54;54m▅▅▘[48;2;101;101;101m[38;2;101;101;101m [48;2;77;77;77m▌[38;2;77;77;77m [38;2;54;54;54m▅▅[48;2;54;54;54m[38;2;40;40;40m▅[48;2;40;40;40m[38;2;54;54;54m▘[38;2;40;40;40m     [48;2;19;19;19m[38;2;19;19;19m [48;2;40;40;40m▆[48;2;19;19;19m [48;2;40;40;40m[38;2;40;40;40m [38;2;0;0;127m▗[48;2;116;58;0m▌[48;2;0;0;127m[38;2;116;58;0m▌[48;2;0;0;252m▁[38;2;0;0;220m [38;2;0;0;252m    [0m
[48;2;0;0;252m[38;2;0;0;252m                              [48;2;127;127;127m[38;2;54;54;54m▖[38;2;127;127;127m [48;2;129;129;129m▊[38;2;129;129;129m [48;2;77;77;77m[38;2;101;101;101m▌[48;2;54;54;54m[38;2;127;127;127m▃[48;2;77;77;77m[38;2;77;77;77m [48;2;19;19;19m[38;2;101;101;101m▂[38;2;19;19;19m [38;2;0;0;0m▇[48;2;0;0;0m [48;2;40;40;40m▇[48;2;19;19;19m▆▇▇▇▇[38;2;77;77;77m▁▂[38;2;101;101;101m▁▃▅[48;2;40;40;40m[38;2;77;77;77m▅[48;2;54;54;54m▄[48;2;77;77;77m[38;2;54;54;54m▌[48;2;101;101;101m[38;2;77;77;77m▂[48;2;77;77;77m [48;2;54;54;54m[38;2;40;40;40m▗▅[48;2;40;40;40m      [38;2;19;19;19m▇[48;2;19;19;19m   [48;2;40;40;40m[38;2;40;40;40m  [48;2;0;0;127m▌[48;2;116;58;0m[38;2;116;58;0m [48;2;0;0;127m[38;2;0;0;127m [48;2;116;58;0m[38;2;116;58;0m [48;2;0;0;127m▗[48;2;0;0;252m▖[38;2;0;0;220m [38;2;0;0;252m  [0m
[48;2;0;0;252m[38;2;0;0;252m                               [48;2;101;101;101m[38;2;101;101;101m [48;2;127;127;127m[38;2;127;127;127m   [48;2;129;129;129m▃[48;2;127;127;127m [38;2;159;159;159m▝[48;2;159;159;159m [48;2;54;54;54m▆[48;2;40;40;40m▅[48;2;19;19;19m▅▅[48;2;40;40;40m▅▆[48;2;54;54;54m▆[48;2;101;101;101m[38;2;101;101;101m [48;2;129;129;129m[38;2;77;77;77m▅[48;2;101;101;101m[38;2;54;54;54m▅[48;2;77;77;77m[38;2;40;40;40m▅[38;2;54;54;54m▆[48;2;101;101;101m[38;2;101;101;101m [38;2;77;77;77m▃[48;2;77;77;77m   [48;2;40;40;40m[38;2;54;54;54m▌[38;2;19;19;19m▃[38;2;40;40;40m   [38;2;19;19;19m▅▅▅[48;2;19;19;19m      [48;2;40;40;40m[38;2;40;40;40m [48;2;116;58;0m[38;2;0;0;127m▌[38;2;116;58;0m [38;2;0;0;127m▌[48;2;0;0;127m[38;2;116;58;0m▌[48;2;116;58;0m [48;2;0;0;127m▌[48;2;0;0;252m▃[38;2;0;0;189m▁▁[0m
[48;2;0;0;252m[38;2;0;0;252m                                [48;2;101;101;101m[38;2;54;54;54m▖[38;2;101;101;101m [48;2;127;127;127m▊[38;2;127;127;127m [48;2;129;129;129m[38;2;129;129;129m [48;2;101;101;101m[38;2;101;101;101m [48;2;77;77;77m[38;2;54;54;54m▗[48;2;127;127;127m▆[48;2;129;129;129m[38;2;40;40;40m▆[48;2;159;159;159m▆[48;2;127;127;127m[38;2;19;19;19m▅[48;2;129;129;129m[38;2;40;40;40m▆[48;2;127;127;127m▆[48;2;77;77;77m[38;2;19;19;19m▆[48;2;54;54;54m▅▅[48;2;19;19;19m [38;2;54;54;54m▗[48;2;77;77;77m▘[38;2;101;101;101m▌▃[48;2;101;101;101m [48;2;77;77;77m[38;2;77;77;77m [38;2;54;54;54m▅[48;2;40;40;40m▘[48;2;19;19;19m[38;2;19;19;19m     [48;2;40;40;40m▃[48;2;19;19;19m     [38;2;40;40;40m▁[48;2;40;40;40m [48;2;101;101;101m[38;2;54;54;54m▘[48;2;116;58;0m[38;2;0;0;127m▌[48;2;0;0;127m[38;2;116;58;0m▌[48;2;116;58;0m [48;2;0;0;127m▌[48;2;116;58;0m [38;2;0;0;127m▌[38;2;116;58;0m [48;2;0;0;127m[38;2;0;0;127m [38;2;116;58;0m▗[0m
[48;2;0;0;252m[38;2;0;0;252m                                 [48;2;101;101;101m▖[48;2;127;127;127m[38;2;101;101;101m▃[38;2;129;129;129m▝[48;2;129;129;129m[38;2;127;127;127m▖[38;2;159;159;159m▃[48;2;101;101;101m[38;2;129;129;129m▆[48;2;54;54;54m▅[48;2;19;19;19m▅▅[38;2;159;159;159m▃[38;2;129;129;129m▃[38;2;159;159;159m▃[48;2;40;40;40m▃[48;2;19;19;19m[38;2;129;129;129m▅[48;2;40;40;40m▄[38;2;127;127;127m▅[48;2;77;77;77m▆[48;2;101;101;101m▃[38;2;101;101;101m [38;2;77;77;77m▅[48;2;77;77;77m[38;2;54;54;54m▃[48;2;54;54;54m[38;2;77;77;77m▌[48;2;40;40;40m[38;2;54;54;54m▘[48;2;19;19;19m[38;2;40;40;40m▎[38;2;19;19;19m           [48;2;40;40;40m[38;2;77;77;77m▁[48;2;101;101;101m[38;2;54;54;54m▘[48;2;0;0;127m[38;2;0;0;127m [48;2;116;58;0m[38;2;116;58;0m [48;2;0;0;127m[38;2;0;0;127m [48;2;116;58;0m[38;2;116;58;0m [38;2;0;0;127m▌[38;2;116;58;0m [38;2;0;0;127m▌[48;2;0;0;127m [38;2;116;58;0m▗[48;2;116;58;0m [0m
[48;2;0;0;252m[38;2;0;0;252m                             [38;2;0;0;220m [38;2;0;0;189m▂[38;2;116;58;0m▁[38;2;0;0;189m▂[38;2;116;58;0m▁[48;2;54;54;54m[38;2;0;0;127m▅[48;2;101;101;101m[38;2;101;101;101m [48;2;127;127;127m▘[48;2;188;188;188m[38;2;159;159;159m▊[38;2;188;188;188m   [38;2;210;210;210m▅▅▅▂[38;2;188;188;188m  [48;2;159;159;159m[38;2;159;159;159m [48;2;129;129;129m▅[38;2;127;127;127m▃[48;2;101;101;101m[38;2;129;129;129m▘[38;2;77;77;77m▁[48;2;77;77;77m[38;2;40;40;40m▃[48;2;40;40;40m [48;2;19;19;19m[38;2;19;19;19m         [38;2;0;0;0m▃▆[38;2;19;19;19m  [48;2;40;40;40m[38;2;101;101;101m▄[48;2;101;101;101m [48;2;0;0;127m[38;2;116;58;0m▅[38;2;0;0;127m [48;2;116;58;0m[38;2;116;58;0m [38;2;0;0;127m▌[48;2;0;0;127m[38;2;116;58;0m▌[48;2;116;58;0m[38;2;0;0;127m▌[48;2;0;0;127m[38;2;116;58;0m▌[38;2;0;0;127m  [48;2;116;58;0m▘[48;2;0;0;127m[38;2;116;58;0m▘[0m
[48;2;0;0;252m[38;2;0;0;252m                         [38;2;0;0;220m [38;2;0;0;189m▁[38;2;116;58;0m▁▁▅[48;2;0;0;127m▌▗[48;2;116;58;0m[38;2;0;0;127m▗[48;2;0;0;127m[38;2;116;58;0m▗[48;2;116;58;0m [48;2;101;101;101m[38;2;0;0;127m▅[38;2;116;58;0m▃[48;2;159;159;159m[38;2;77;77;77m▂[38;2;129;129;129m▂[48;2;188;188;188m[38;2;159;159;159m▃▃[38;2;129;129;129m▃[38;2;159;159;159m▃[38;2;127;127;127m▁[38;2;129;129;129m▅[48;2;159;159;159m[38;2;127;127;127m▃[48;2;129;129;129m[38;2;159;159;159m▘[38;2;101;101;101m▃[48;2;127;127;127m▃[48;2;101;101;101m[38;2;54;54;54m▃▅[48;2;54;54;54m[38;2;40;40;40m▅[48;2;19;19;19m▘[38;2;19;19;19m      [38;2;0;0;0m▅▅▃▆[48;2;0;0;0m [48;2;19;19;19m[38;2;19;19;19m [48;2;40;40;40m[38;2;101;101;101m▂[48;2;54;54;54m[38;2;129;129;129m▆[48;2;127;127;127m[38;2;54;54;54m▗[48;2;116;58;0m[38;2;0;0;127m▌[38;2;116;58;0m [38;2;0;0;127m▌[48;2;0;0;127m[38;2;116;58;0m▌[48;2;116;58;0m[38;2;0;0;127m▌[48;2;0;0;127m[38;2;116;58;0m▌[48;2;116;58;0m [48;2;0;0;127m[38;2;0;0;127m  [48;2;116;58;0m▘[48;2;0;0;127m[38;2;116;58;0m▌▗[0m
[48;2;0;0;252m[38;2;0;0;252m                      [38;2;116;58;0m▁▁▅[48;2;0;0;189m[38;2;0;0;127m▇[48;2;116;58;0m▘[48;2;0;0;127m[38;2;116;58;0m▌▗[48;2;116;58;0m[38;2;0;0;127m▗[48;2;0;0;127m[38;2;116;58;0m▗[48;2;116;58;0m [48;2;0;0;127m[38;2;0;0;127m [48;2;116;58;0m▘[48;2;0;0;127m[38;2;116;58;0m▘[48;2;116;58;0m[38;2;0;0;127m▌▗▌[48;2;77;77;77m▅[48;2;101;101;101m▂[38;2;54;54;54m▂[38;2;77;77;77m▂[48;2;127;127;127m▂[48;2;101;101;101m▂[38;2;54;54;54m▂[38;2;40;40;40m▃▅[48;2;77;77;77m[38;2;19;19;19m▅[48;2;54;54;54m▅[48;2;40;40;40m▅▆[48;2;19;19;19m   [38;2;0;0;0m▂▃▅▆[48;2;0;0;0m    [48;2;19;19;19m[38;2;19;19;19m [38;2;101;101;101m▂[48;2;54;54;54m▆[48;2;101;101;101m  [48;2;0;0;127m[38;2;0;0;127m [48;2;116;58;0m▌[48;2;0;0;127m[38;2;116;58;0m▌[48;2;116;58;0m [48;2;0;0;127m▌[48;2;116;58;0m [48;2;0;0;127m[38;2;0;0;127m [38;2;116;58;0m▘[38;2;0;0;127m [38;2;116;58;0m▗[48;2;116;58;0m[38;2;0;0;127m▗[48;2;0;0;127m [48;2;116;58;0m[38;2;116;58;0m [0m
[48;2;0;0;252m[38;2;0;0;252m                  [38;2;116;58;0m▁▂[38;2;0;0;127m▅[48;2;116;58;0m[38;2;116;58;0m [48;2;0;0;127m▘[48;2;116;58;0m[38;2;0;0;127m▘[48;2;0;0;127m[38;2;116;58;0m▌▗[48;2;116;58;0m[38;2;0;0;127m▗[48;2;0;0;127m[38;2;116;58;0m▗[48;2;116;58;0m [48;2;0;0;127m[38;2;0;0;127m [48;2;116;58;0m▘[48;2;0;0;127m[38;2;116;58;0m▘[48;2;116;58;0m[38;2;0;0;127m▌▗[48;2;0;0;127m[38;2;116;58;0m▗[48;2;116;58;0m[38;2;0;0;127m▃▅[48;2;0;0;127m [38;2;116;58;0m▌[48;2;116;58;0m[38;2;0;0;127m▌[48;2;0;0;127m[38;2;116;58;0m▌[48;2;19;19;19m[38;2;0;0;127m▃[48;2;40;40;40m[38;2;129;129;129m▂[48;2;19;19;19m[38;2;40;40;40m▚▄▄[38;2;19;19;19m    [38;2;0;0;0m▃▅▅▆[48;2;0;0;0m      [48;2;19;19;19m[38;2;54;54;54m▁[38;2;77;77;77m▃[48;2;77;77;77m [48;2;101;101;101m[38;2;101;101;101m   [48;2;0;0;127m[38;2;77;77;77m▘[38;2;116;58;0m▌[48;2;116;58;0m [48;2;0;0;127m▌[48;2;116;58;0m [38;2;0;0;127m▌[38;2;116;58;0m [48;2;0;0;127m[38;2;0;0;127m [38;2;116;58;0m▅[38;2;0;0;127m [48;2;116;58;0m[38;2;116;58;0m [48;2;0;0;127m▘[48;2;116;58;0m[38;2;0;0;127m▘[48;2;0;0;127m[38;2;116;58;0m▌[0m
[48;2;0;0;252m[38;2;0;0;252m            [38;2;0;0;220m  [38;2;116;58;0m▁[48;2;0;0;189m[38;2;0;0;252m▊[48;2;0;0;127m[38;2;116;58;0m▖[48;2;116;58;0m[38;2;0;0;127m▄[38;2;116;58;0m [48;2;0;0;127m▘[48;2;116;58;0m[38;2;0;0;127m▘[48;2;0;0;127m[38;2;116;58;0m▌▗[48;2;116;58;0m[38;2;0;0;127m▗[48;2;0;0;127m [48;2;116;58;0m[38;2;116;58;0m [48;2;0;0;127m[38;2;0;0;127m [48;2;116;58;0m▘[48;2;0;0;127m[38;2;116;58;0m▘[48;2;116;58;0m[38;2;0;0;127m▌▗[48;2;0;0;127m[38;2;116;58;0m▗[48;2;116;58;0m [48;2;0;0;127m[38;2;0;0;127m [48;2;116;58;0m▌[48;2;0;0;127m[38;2;116;58;0m▌[48;2;116;58;0m [48;2;0;0;127m[38;2;0;0;127m [48;2;116;58;0m[38;2;116;58;0m [38;2;0;0;127m▌[48;2;0;0;127m[38;2;116;58;0m▌▌[48;2;188;188;188m[38;2;0;0;127m▌[48;2;40;40;40m[38;2;159;159;159m▖[48;2;19;19;19m[38;2;19;19;19m [48;2;40;40;40m[38;2;40;40;40m [48;2;19;19;19m▃[38;2;19;19;19m  [48;2;0;0;0m[38;2;0;0;0m  [38;2;19;19;19m▗▖[38;2;0;0;0m     [48;2;19;19;19m[38;2;54;54;54m▂[38;2;77;77;77m▅[48;2;77;77;77m  [48;2;101;101;101m[38;2;101;101;101m [38;2;77;77;77m▁▆[48;2;0;0;127m▘[48;2;116;58;0m[38;2;116;58;0m [48;2;0;0;127m[38;2;0;0;127m [48;2;116;58;0m[38;2;116;58;0m [38;2;0;0;127m▌[38;2;116;58;0m [38;2;0;0;127m▌[48;2;0;0;127m[38;2;116;58;0m▌▗▘[48;2;116;58;0m[38;2;0;0;127m▘[48;2;0;0;127m[38;2;116;58;0m▌▗[48;2;116;58;0m[38;2;0;0;127m▗[48;2;0;0;127m[38;2;116;58;0m▗[0m
[48;2;0;0;252m[38;2;0;0;252m           [38;2;0;0;189m [48;2;0;0;127m[38;2;116;58;0m▖[48;2;116;58;0m[38;2;0;0;127m▌▌[38;2;116;58;0m [48;2;0;0;127m▌[48;2;116;58;0m[38;2;0;0;127m▘[48;2;0;0;127m[38;2;116;58;0m▌▗[48;2;116;58;0m[38;2;0;0;127m▗[48;2;0;0;127m[38;2;116;58;0m▗[48;2;116;58;0m [48;2;0;0;127m[38;2;0;0;127m [48;2;116;58;0m▘[48;2;0;0;127m[38;2;116;58;0m▘[48;2;116;58;0m[38;2;0;0;127m▌▗[48;2;0;0;127m[38;2;116;58;0m▗[48;2;116;58;0m [48;2;0;0;127m[38;2;0;0;127m [48;2;116;58;0m[38;2;116;58;0m [48;2;0;0;127m▘[48;2;116;58;0m [38;2;0;0;127m▌[48;2;0;0;127m[38;2;116;58;0m▌[48;2;116;58;0m [48;2;0;0;127m▌[48;2;116;58;0m [38;2;0;0;127m▌[48;2;0;0;127m[38;2;116;58;0m▌[48;2;116;58;0m [48;2;0;0;127m[38;2;0;0;127m [48;2;226;226;226m[38;2;226;226;226m [48;2;159;159;159m[38;2;54;54;54m▝[48;2;40;40;40m[38;2;127;127;127m▁[38;2;19;19;19m▇[48;2;19;19;19m  [48;2;0;0;0m[38;2;0;0;0m      [48;2;19;19;19m[38;2;19;19;19m [38;2;54;54;54m▃[48;2;40;40;40m[38;2;77;77;77m▆[48;2;77;77;77m      [38;2;0;0;127m▗[48;2;0;0;127m [48;2;116;58;0m[38;2;116;58;0m [38;2;0;0;127m▌[48;2;0;0;127m[38;2;116;58;0m▌[48;2;116;58;0m[38;2;0;0;127m▌[48;2;0;0;127m[38;2;116;58;0m▌[48;2;116;58;0m [48;2;0;0;127m▗▌▗[48;2;116;58;0m[38;2;0;0;127m▗[48;2;0;0;127m[38;2;116;58;0m▗[48;2;116;58;0m [48;2;0;0;127m[38;2;0;0;127m [48;2;116;58;0m▘[0m
[48;2;0;0;252m[38;2;0;0;252m          [38;2;116;58;0m▗[48;2;116;58;0m[38;2;0;0;127m▌[48;2;0;0;127m[38;2;116;58;0m▌[48;2;116;58;0m [38;2;0;0;127m▌[48;2;0;0;127m[38;2;116;58;0m▌▗[48;2;116;58;0m[38;2;0;0;127m▗[48;2;0;0;127m [48;2;116;58;0m[38;2;116;58;0m [48;2;0;0;127m[38;2;0;0;127m [48;2;116;58;0m▘[48;2;0;0;127m[38;2;116;58;0m▘[48;2;116;58;0m[38;2;0;0;127m▌▗[48;2;0;0;127m[38;2;116;58;0m▗[48;2;116;58;0m [48;2;0;0;127m[38;2;0;0;127m [48;2;116;58;0m[38;2;116;58;0m [48;2;0;0;127m▘▝[48;2;116;58;0m[38;2;0;0;127m▌[48;2;0;0;127m[38;2;116;58;0m▌[48;2;116;58;0m [48;2;0;0;127m[38;2;0;0;127m [38;2;116;58;0m▌[48;2;116;58;0m[38;2;0;0;127m▌[48;2;0;0;127m[38;2;116;58;0m▌[48;2;116;58;0m [38;2;0;0;127m▌[48;2;0;0;127m[38;2;116;58;0m▌[38;2;58;29;63m┃[38;2;0;0;127m [48;2;226;226;226m[38;2;226;226;226m  [48;2;159;159;159m[38;2;210;210;210m▆[48;2;77;77;77m[38;2;188;188;188m▃[48;2;40;40;40m[38;2;40;40;40m [48;2;0;0;0m[38;2;19;19;19m▖[38;2;0;0;0m    [48;2;19;19;19m[38;2;40;40;40m▂[38;2;54;54;54m▅[48;2;54;54;54m [38;2;77;77;77m▗[48;2;77;77;77m[38;2;54;54;54m▘[38;2;77;77;77m    [38;2;54;54;54m▃[48;2;0;0;127m▘[38;2;0;0;127m [48;2;116;58;0m▌[48;2;0;0;127m[38;2;116;58;0m▌[48;2;116;58;0m[38;2;0;0;127m▌[48;2;0;0;127m[38;2;116;58;0m▌[48;2;116;58;0m [48;2;0;0;127m[38;2;0;0;127m  [48;2;116;58;0m▗[48;2;0;0;127m[38;2;116;58;0m▗[48;2;116;58;0m [48;2;0;0;127m[38;2;0;0;127m [48;2;116;58;0m▘[48;2;0;0;127m[38;2;116;58;0m▘[48;2;116;58;0m[38;2;0;0;127m▌▗[0m
[48;2;0;0;252m[38;2;0;0;252m         [48;2;0;0;127m▎[48;2;116;58;0m[38;2;116;58;0m [38;2;0;0;127m▌[48;2;0;0;127m[38;2;116;58;0m▌[48;2;116;58;0m [38;2;0;0;127m▌[48;2;0;0;127m[38;2;116;58;0m▌[48;2;116;58;0m [48;2;0;0;127m[38;2;0;0;127m [48;2;116;58;0m▘[48;2;0;0;127m[38;2;116;58;0m▘[48;2;116;58;0m[38;2;0;0;127m▌▗[48;2;0;0;127m[38;2;116;58;0m▗[48;2;116;58;0m [48;2;0;0;127m[38;2;0;0;127m [48;2;116;58;0m▘[48;2;0;0;127m[38;2;116;58;0m▘[48;2;116;58;0m[38;2;0;0;127m▘[48;2;0;0;127m[38;2;116;58;0m▌▖[48;2;116;58;0m [38;2;0;0;127m▌[48;2;0;0;127m[38;2;116;58;0m▌[48;2;116;58;0m [48;2;0;0;127m[38;2;0;0;127m [48;2;116;58;0m[38;2;116;58;0m [38;2;0;0;127m▌[48;2;0;0;127m[38;2;116;58;0m▌[48;2;116;58;0m [38;2;0;0;127m▌[48;2;0;0;127m[38;2;116;58;0m▌[38;2;0;0;127m [48;2;188;188;188m▌[48;2;226;226;226m[38;2;255;255;255m▌[38;2;226;226;226m   [48;2;77;77;77m[38;2;210;210;210m▘[48;2;0;0;0m[38;2;40;40;40m▎[38;2;0;0;0m    [48;2;19;19;19m[38;2;54;54;54m▝[48;2;77;77;77m[38;2;77;77;77m       [48;2;54;54;54m▖[38;2;0;0;127m▗[48;2;0;0;127m[38;2;116;58;0m▗▌[48;2;116;58;0m [48;2;0;0;127m▌[48;2;116;58;0m [48;2;0;0;127m[38;2;0;0;127m [48;2;116;58;0m[38;2;116;58;0m [48;2;0;0;127m▗[38;2;0;0;127m  [48;2;116;58;0m▘[48;2;0;0;127m[38;2;116;58;0m▘[48;2;116;58;0m[38;2;0;0;127m▌▗[48;2;0;0;127m[38;2;116;58;0m▗[48;2;116;58;0m [48;2;0;0;127m[38;2;0;0;127m [0m
[48;2;0;0;252m[38;2;0;0;252m         [48;2;0;0;127m[38;2;116;58;0m▌[48;2;116;58;0m [38;2;0;0;127m▌[48;2;0;0;127m[38;2;116;58;0m▌[48;2;116;58;0m [38;2;0;0;127m▌[38;2;116;58;0m [48;2;0;0;127m▘[48;2;116;58;0m[38;2;0;0;127m▌▗[48;2;0;0;127m[38;2;116;58;0m▗[48;2;116;58;0m [48;2;0;0;127m[38;2;0;0;127m [48;2;116;58;0m▘[48;2;0;0;127m[38;2;116;58;0m▘[48;2;116;58;0m[38;2;0;0;127m▘[48;2;0;0;127m[38;2;116;58;0m▌▗[48;2;116;58;0m[38;2;0;0;127m▅▌[48;2;0;0;127m[38;2;116;58;0m▌[48;2;116;58;0m [38;2;0;0;127m▌[48;2;0;0;127m[38;2;116;58;0m▌[48;2;116;58;0m [48;2;0;0;127m[38;2;0;0;127m [48;2;116;58;0m[38;2;116;58;0m [38;2;0;0;127m▌[48;2;0;0;127m[38;2;116;58;0m▌[48;2;116;58;0m [38;2;0;0;127m▌[48;2;0;0;127m[38;2;116;58;0m▌[38;2;0;0;127m [48;2;226;226;226m[38;2;159;159;159m▌[38;2;226;226;226m   [48;2;77;77;77m[38;2;188;188;188m▘[48;2;127;127;127m[38;2;127;127;127m [48;2;0;71;44m[38;2;0;116;73m▅[48;2;19;19;19m[38;2;0;116;116m▁[48;2;0;0;0m[38;2;0;71;71m▃[38;2;0;0;0m   [48;2;19;19;19m[38;2;19;19;19m [48;2;77;77;77m▖[48;2;101;101;101m[38;2;101;101;101m [48;2;77;77;77m▆▅[38;2;77;77;77m   [48;2;0;0;127m[38;2;0;0;127m [48;2;116;58;0m[38;2;116;58;0m [48;2;0;0;127m▌[48;2;116;58;0m [38;2;0;0;127m▌[38;2;116;58;0m [38;2;0;0;127m▌[48;2;0;0;127m[38;2;116;58;0m▌[48;2;116;58;0m [48;2;0;0;127m▌[48;2;116;58;0m[38;2;0;0;127m▌▗[48;2;0;0;127m[38;2;116;58;0m▗[48;2;116;58;0m [48;2;0;0;127m[38;2;0;0;127m [48;2;116;58;0m[38;2;116;58;0m [48;2;0;0;127m▘[38;2;0;0;127m [0m
[48;2;0;0;252m[38;2;0;0;252m        [38;2;116;58;0m▅[48;2;0;0;127m▌[48;2;116;58;0m [38;2;0;0;127m▌[48;2;0;0;127m[38;2;116;58;0m▌[48;2;116;58;0m [38;2;0;0;127m▌▗[48;2;0;0;127m[38;2;116;58;0m▗[48;2;116;58;0m [48;2;0;0;127m[38;2;0;0;127m [48;2;116;58;0m▘[48;2;0;0;127m[38;2;116;58;0m▘[48;2;116;58;0m[38;2;0;0;127m▘[48;2;0;0;127m[38;2;116;58;0m▌▗[48;2;116;58;0m[38;2;0;0;127m▗[48;2;0;0;127m  [48;2;116;58;0m[38;2;116;58;0m [38;2;0;0;127m▌[48;2;0;0;127m[38;2;116;58;0m▌[48;2;116;58;0m [38;2;0;0;127m▌[38;2;116;58;0m [38;2;0;0;127m▌[48;2;0;0;127m[38;2;116;58;0m▌[48;2;116;58;0m [38;2;0;0;127m▌[48;2;0;0;127m[38;2;116;58;0m▌[48;2;116;58;0m [38;2;0;0;127m▌[48;2;0;0;127m[38;2;116;58;0m▌[48;2;226;226;226m[38;2;0;0;127m▊[38;2;226;226;226m   [48;2;101;101;101m[38;2;188;188;188m▘[38;2;101;101;101m [48;2;0;71;71m[38;2;129;129;129m▘[48;2;0;116;116m[38;2;0;71;44m▂[38;2;19;19;19m▅[48;2;0;0;0m[38;2;0;0;0m    [38;2;19;19;19m▃[48;2;19;19;19m [38;2;77;77;77m▝[48;2;101;101;101m[38;2;40;40;40m▁[38;2;101;101;101m  [48;2;77;77;77m▌[48;2;0;0;127m[38;2;77;77;77m▘[38;2;0;0;127m [48;2;116;58;0m[38;2;116;58;0m [38;2;0;0;127m▌[38;2;116;58;0m [38;2;0;0;127m▌[48;2;0;0;127m[38;2;116;58;0m▌[48;2;116;58;0m [48;2;0;0;127m▌[48;2;116;58;0m [38;2;0;0;127m▌[48;2;0;0;127m  [48;2;116;58;0m[38;2;116;58;0m [48;2;0;0;127m▘[48;2;116;58;0m[38;2;0;0;127m▘[48;2;0;0;127m[38;2;116;58;0m▌▗[38;2;0;0;127m [0m
[48;2;0;0;252m[38;2;0;0;252m       [38;2;0;0;220m [48;2;0;0;127m[38;2;116;58;0m▌▌[48;2;116;58;0m [38;2;0;0;127m▌[48;2;0;0;127m[38;2;116;58;0m▌[48;2;116;58;0m [38;2;0;0;127m▌[48;2;0;0;127m[38;2;116;58;0m▌[48;2;116;58;0m[38;2;0;0;127m▘[48;2;0;0;127m[38;2;116;58;0m▘[48;2;116;58;0m[38;2;0;0;127m▘[48;2;0;0;127m[38;2;116;58;0m▌▗[48;2;116;58;0m[38;2;0;0;127m▗[48;2;0;0;127m [48;2;116;58;0m[38;2;116;58;0m [48;2;0;0;127m▘▃[38;2;0;0;127m [48;2;116;58;0m▌▌[48;2;0;0;127m[38;2;116;58;0m▌[48;2;116;58;0m [48;2;0;0;127m[38;2;0;0;127m [48;2;116;58;0m[38;2;116;58;0m [38;2;0;0;127m▌[48;2;0;0;127m[38;2;116;58;0m▌[48;2;116;58;0m [38;2;0;0;127m▌[48;2;0;0;127m[38;2;116;58;0m▌[48;2;116;58;0m [38;2;0;0;127m▌[48;2;0;0;127m[38;2;116;58;0m▌[48;2;226;226;226m[38;2;0;0;127m▌[38;2;255;255;255m▎[38;2;226;226;226m [48;2;127;127;127m[38;2;188;188;188m▌[38;2;127;127;127m [48;2;54;54;54m▌[48;2;0;71;44m[38;2;0;71;71m▗[48;2;19;19;19m▌[48;2;0;0;0m[38;2;0;0;0m   [38;2;19;19;19m▂[48;2;19;19;19m  [38;2;40;40;40m▂[38;2;19;19;19m  [48;2;77;77;77m▅[48;2;101;101;101m[38;2;54;54;54m▂[48;2;77;77;77m[38;2;0;0;127m▗[48;2;0;0;127m[38;2;116;58;0m▅[48;2;116;58;0m[38;2;0;0;127m▌[48;2;0;0;127m[38;2;116;58;0m▌[48;2;116;58;0m[38;2;0;0;127m▌[48;2;0;0;127m[38;2;116;58;0m▌[48;2;116;58;0m [48;2;0;0;127m[38;2;0;0;127m [48;2;116;58;0m[38;2;116;58;0m [38;2;0;0;127m▌[38;2;116;58;0m [38;2;0;0;127m▌[48;2;0;0;127m[38;2;116;58;0m▌[48;2;116;58;0m[38;2;0;0;127m▌[48;2;0;0;127m[38;2;116;58;0m▌▗[48;2;116;58;0m[38;2;0;0;127m▗[48;2;0;0;127m [48;2;116;58;0m[38;2;116;58;0m [48;2;0;0;127m[38;2;0;0;127m [0m
[48;2;0;0;252m[38;2;0;0;252m       [48;2;116;58;0m▊[48;2;0;0;127m[38;2;0;0;127m [38;2;116;58;0m▌[48;2;116;58;0m [38;2;0;0;127m▌[48;2;0;0;127m[38;2;116;58;0m▌[48;2;116;58;0m [38;2;0;0;127m▌[38;2;116;58;0m [48;2;0;0;127m▌▗[48;2;116;58;0m [48;2;0;0;127m[38;2;0;0;127m [48;2;116;58;0m[38;2;116;58;0m [48;2;0;0;127m▘[48;2;116;58;0m[38;2;0;0;127m▘[48;2;0;0;127m[38;2;116;58;0m▌[48;2;116;58;0m[38;2;0;0;127m▌▗[48;2;0;0;127m[38;2;116;58;0m▗▖[48;2;116;58;0m[38;2;0;0;127m▌[48;2;0;0;127m[38;2;116;58;0m▌[48;2;116;58;0m[38;2;0;0;127m▌[48;2;0;0;127m [48;2;116;58;0m[38;2;116;58;0m [38;2;0;0;127m▌[48;2;0;0;127m[38;2;116;58;0m▌[48;2;116;58;0m [38;2;0;0;127m▌[48;2;0;0;127m[38;2;116;58;0m▌[48;2;116;58;0m  [48;2;0;0;127m[38;2;0;0;127m [48;2;210;210;210m[38;2;210;210;210m [48;2;226;226;226m[38;2;226;226;226m [48;2;188;188;188m[38;2;77;77;77m▃[48;2;101;101;101m[38;2;19;19;19m▁[48;2;129;129;129m[38;2;40;40;40m▆[48;2;0;71;71m[38;2;0;71;71m [48;2;0;71;44m[38;2;0;116;116m▘[48;2;0;0;0m[38;2;19;19;19m▎▗▃[38;2;0;0;0m [48;2;40;40;40m[38;2;19;19;19m▌[38;2;54;54;54m▃▅[48;2;54;54;54m[38;2;101;101;101m▁[48;2;40;40;40m▂▄[48;2;54;54;54m▅[48;2;27;27;90m[38;2;54;54;54m▌[48;2;116;58;0m[38;2;0;0;127m▌[48;2;0;0;127m[38;2;116;58;0m▌[48;2;116;58;0m[38;2;0;0;127m▌[48;2;0;0;127m[38;2;116;58;0m▌[48;2;116;58;0m [48;2;0;0;127m[38;2;0;0;127m [48;2;116;58;0m[38;2;116;58;0m [38;2;0;0;127m▌[48;2;0;0;127m[38;2;116;58;0m▌[48;2;116;58;0m[38;2;0;0;127m▌[48;2;0;0;127m[38;2;116;58;0m▌[48;2;116;58;0m [48;2;0;0;127m[38;2;0;0;127m [38;2;116;58;0m▌[38;2;0;0;127m [48;2;116;58;0m[38;2;116;58;0m [48;2;0;0;127m▘[48;2;116;58;0m[38;2;0;0;127m▘[48;2;0;0;127m[38;2;116;58;0m▌[38;2;0;0;197m [0m
[48;2;0;0;252m[38;2;0;0;252m       [48;2;116;58;0m▊[48;2;0;0;127m[38;2;116;58;0m▌▌[48;2;116;58;0m [38;2;0;0;127m▌[48;2;0;0;127m[38;2;116;58;0m▌[48;2;116;58;0m [38;2;0;0;127m▌[48;2;0;0;127m[38;2;116;58;0m▌[38;2;0;0;127m [48;2;116;58;0m[38;2;116;58;0m [48;2;0;0;127m▘[48;2;116;58;0m[38;2;0;0;127m▘[48;2;0;0;127m[38;2;116;58;0m▌[48;2;116;58;0m[38;2;0;0;127m▌▗[48;2;0;0;127m[38;2;116;58;0m▗[48;2;116;58;0m [48;2;0;0;127m[38;2;0;0;127m [48;2;116;58;0m▘[48;2;0;0;127m[38;2;116;58;0m▘▗[38;2;0;0;127m [38;2;116;58;0m▝[38;2;0;0;127m [48;2;116;58;0m[38;2;116;58;0m [38;2;0;0;127m▌[48;2;0;0;127m[38;2;116;58;0m▌[48;2;116;58;0m [38;2;0;0;127m▌[48;2;0;0;127m[38;2;116;58;0m▌[48;2;116;58;0m [48;2;0;0;127m▌[48;2;188;188;188m[38;2;0;0;127m▊[48;2;226;226;226m[38;2;226;226;226m [48;2;54;54;54m[38;2;255;255;255m▘[48;2;19;19;19m[38;2;19;19;19m [48;2;0;0;0m[38;2;0;0;0m [48;2;0;71;71m▘[38;2;0;71;44m▅[48;2;0;71;44m[38;2;19;19;19m▗[48;2;19;19;19m [48;2;0;0;0m[38;2;0;0;0m   [48;2;54;54;54m[38;2;19;19;19m▌[48;2;77;77;77m[38;2;54;54;54m▗[38;2;210;210;210m▄[48;2;159;159;159m[38;2;226;226;226m▇▆[38;2;77;77;77m▗[48;2;77;77;77m[38;2;54;54;54m▝[48;2;0;0;127m[38;2;0;0;127m [48;2;116;58;0m[38;2;116;58;0m [48;2;0;0;127m▌[48;2;116;58;0m [38;2;0;0;127m▌[38;2;116;58;0m [38;2;0;0;127m▌[48;2;0;0;127m[38;2;116;58;0m▌[48;2;116;58;0m[38;2;0;0;127m▌[48;2;0;0;127m[38;2;116;58;0m▌[48;2;116;58;0m [48;2;0;0;127m[38;2;0;0;127m [48;2;116;58;0m▂[48;2;0;0;127m  [48;2;116;58;0m▘[48;2;0;0;127m[38;2;116;58;0m▌▗[48;2;116;58;0m [48;2;0;0;127m[38;2;0;0;127m [48;2;0;0;252m▊[0m
[48;2;0;0;252m[38;2;0;0;252m       [48;2;116;58;0m▌[48;2;0;0;127m[38;2;0;0;127m [38;2;116;58;0m▌[48;2;116;58;0m [38;2;0;0;127m▌[48;2;0;0;127m[38;2;116;58;0m▌[48;2;116;58;0m [38;2;0;0;127m▌[48;2;0;0;127m[38;2;116;58;0m▌[48;2;116;58;0m [48;2;0;0;127m▌▗[48;2;116;58;0m[38;2;0;0;127m▗[48;2;0;0;127m[38;2;116;58;0m▗[48;2;116;58;0m [48;2;0;0;127m[38;2;0;0;127m [48;2;116;58;0m▘[48;2;0;0;127m[38;2;116;58;0m▘[48;2;116;58;0m[38;2;0;0;127m▌▗[48;2;0;0;127m[38;2;116;58;0m▗[48;2;116;58;0m[38;2;0;0;127m▗[48;2;0;0;127m [38;2;116;58;0m▗[38;2;0;0;127m [48;2;116;58;0m[38;2;116;58;0m [38;2;0;0;127m▌[48;2;0;0;127m[38;2;116;58;0m▌[48;2;116;58;0m [48;2;0;0;127m[38;2;0;0;127m [48;2;116;58;0m[38;2;116;58;0m [38;2;0;0;127m▌[48;2;0;0;127m[38;2;116;58;0m▌[48;2;159;159;159m[38;2;0;0;127m▊[48;2;54;54;54m[38;2;226;226;226m▘[48;2;19;19;19m[38;2;19;19;19m [38;2;0;147;147m▂[48;2;0;71;71m▅[38;2;0;116;116m▌[48;2;0;71;44m[38;2;19;19;19m▁[48;2;19;19;19m[38;2;0;0;127m▌[48;2;0;0;0m[38;2;0;0;0m    [48;2;77;77;77m[38;2;19;19;19m▊[48;2;159;159;159m[38;2;77;77;77m▊[48;2;226;226;226m[38;2;226;226;226m  [48;2;210;210;210m▌[48;2;127;127;127m[38;2;159;159;159m▎[48;2;0;0;127m[38;2;101;101;101m▌[38;2;0;0;127m [48;2;116;58;0m[38;2;116;58;0m [38;2;0;0;127m▌[38;2;116;58;0m [38;2;0;0;127m▌[48;2;0;0;127m[38;2;116;58;0m▌▅[38;2;0;0;127m [48;2;116;58;0m▆[48;2;0;0;127m [38;2;116;58;0m▅[38;2;0;0;127m [38;2;116;58;0m▅▌▗[48;2;116;58;0m[38;2;0;0;127m▗[48;2;0;0;127m[38;2;116;58;0m▗[48;2;116;58;0m [48;2;0;0;127m[38;2;0;0;127m [38;2;0;0;129m [48;2;0;0;252m[38;2;0;0;127m▎[0m
[48;2;0;0;252m[38;2;0;0;252m       [48;2;116;58;0m▊[48;2;0;0;127m[38;2;0;0;127m [38;2;116;58;0m▌[48;2;116;58;0m [38;2;0;0;127m▌[48;2;0;0;127m[38;2;116;58;0m▌[48;2;116;58;0m [38;2;0;0;127m▌[48;2;0;0;127m[38;2;116;58;0m▌[48;2;58;29;63m▌[48;2;0;0;127m▗[48;2;116;58;0m [48;2;0;0;127m[38;2;0;0;127m [48;2;116;58;0m▘[48;2;0;0;127m[38;2;116;58;0m▘[48;2;116;58;0m[38;2;0;0;127m▌▗[48;2;0;0;127m[38;2;116;58;0m▗[48;2;116;58;0m [48;2;0;0;127m[38;2;0;0;127m [48;2;116;58;0m[38;2;116;58;0m [48;2;0;0;127m▌▌[48;2;116;58;0m[38;2;0;0;127m▌[48;2;0;0;127m[38;2;116;58;0m▌[48;2;116;58;0m [38;2;0;0;127m▌[48;2;0;0;127m[38;2;116;58;0m▌[48;2;116;58;0m   [38;2;0;0;127m▌[48;2;0;0;127m [48;2;19;19;19m[38;2;54;54;54m▗[48;2;0;71;71m[38;2;0;71;71m [48;2;0;147;147m[38;2;0;0;127m▘[38;2;0;116;116m▂[48;2;0;71;71m▘[48;2;0;71;44m[38;2;0;71;71m▘[48;2;19;19;19m[38;2;19;19;19m  [48;2;0;0;0m▌[38;2;0;0;0m   [48;2;77;77;77m[38;2;19;19;19m▊[48;2;188;188;188m[38;2;77;77;77m▌[48;2;226;226;226m[38;2;226;226;226m  [48;2;210;210;210m▌[48;2;0;0;127m[38;2;159;159;159m▌[38;2;116;58;0m▅[48;2;116;58;0m[38;2;0;0;127m▌[48;2;0;0;127m[38;2;116;58;0m▌[48;2;116;58;0m[38;2;0;0;127m▌[48;2;0;0;127m[38;2;116;58;0m▌[48;2;116;58;0m [48;2;0;0;127m[38;2;0;0;127m [48;2;116;58;0m[38;2;116;58;0m [48;2;0;0;127m[38;2;0;0;127m  [48;2;116;58;0m▘[48;2;0;0;127m[38;2;116;58;0m▌▗[48;2;116;58;0m[38;2;0;0;127m▗[48;2;0;0;127m[38;2;116;58;0m▗[48;2;116;58;0m [48;2;0;0;127m[38;2;0;0;127m [48;2;116;58;0m▘[48;2;0;0;127m[38;2;116;58;0m▘[38;2;0;0;127m [48;2;0;0;252m▊[38;2;0;0;252m [0m
[48;2;0;0;252m[38;2;0;0;252m       [48;2;116;58;0m▊[48;2;0;0;127m[38;2;116;58;0m▌▌[48;2;116;58;0m [38;2;0;0;127m▌[48;2;0;0;127m[38;2;116;58;0m▌[48;2;116;58;0m [38;2;0;0;127m▌[48;2;0;0;127m[38;2;116;58;0m▌▌[48;2;116;58;0m[38;2;0;0;127m▘[48;2;0;0;127m[38;2;116;58;0m▘[48;2;116;58;0m[38;2;0;0;127m▌▗[48;2;0;0;127m[38;2;116;58;0m▗[48;2;116;58;0m [48;2;0;0;127m[38;2;0;0;127m [48;2;116;58;0m[38;2;116;58;0m [48;2;0;0;127m▘▌[48;2;116;58;0m[38;2;0;0;127m▌[48;2;0;0;127m[38;2;116;58;0m▌[48;2;116;58;0m [38;2;0;0;127m▌[48;2;0;0;127m[38;2;116;58;0m▌[48;2;116;58;0m [48;2;0;0;127m[38;2;0;0;127m [38;2;116;58;0m▌[48;2;116;58;0m[38;2;0;0;127m▌[48;2;0;0;127m[38;2;116;58;0m▌[48;2;116;58;0m [48;2;0;0;127m[38;2;0;0;127m [48;2;19;19;19m▌[48;2;0;71;71m[38;2;40;40;40m▌[48;2;0;147;147m[38;2;0;116;116m▌[38;2;0;116;73m▗[48;2;0;116;116m[38;2;0;71;71m▅[48;2;0;71;44m▘[48;2;0;0;127m[38;2;19;19;19m▗[48;2;19;19;19m  [48;2;0;0;0m[38;2;0;0;0m    [48;2;19;19;19m[38;2;19;19;19m [48;2;188;188;188m[38;2;127;127;127m▌[48;2;226;226;226m[38;2;226;226;226m  [48;2;210;210;210m[38;2;210;210;210m [48;2;0;0;127m[38;2;116;58;0m▗▌[48;2;116;58;0m[38;2;0;0;127m▌[48;2;0;0;127m[38;2;116;58;0m▌[48;2;116;58;0m [48;2;0;0;127m[38;2;0;0;127m [48;2;116;58;0m[38;2;116;58;0m [38;2;0;0;127m▌[38;2;116;58;0m [38;2;0;0;127m▌[48;2;0;0;127m[38;2;116;58;0m▌▝▗[48;2;116;58;0m [48;2;0;0;127m[38;2;0;0;127m [48;2;116;58;0m▘[48;2;0;0;127m[38;2;116;58;0m▘[48;2;116;58;0m[38;2;0;0;127m▌▗[48;2;0;0;127m  [48;2;0;0;252m▎[38;2;0;0;252m [0m
[48;2;0;0;252m[38;2;0;0;252m       [48;2;116;58;0m▊[48;2;0;0;127m[38;2;116;58;0m▌▌[48;2;116;58;0m [38;2;0;0;127m▌[48;2;0;0;127m[38;2;116;58;0m▌[48;2;116;58;0m [38;2;0;0;127m▌[48;2;0;0;127m[38;2;116;58;0m▌[48;2;116;58;0m [38;2;0;0;127m▗[48;2;0;0;127m[38;2;116;58;0m▗[48;2;116;58;0m [48;2;0;0;127m[38;2;0;0;127m [48;2;116;58;0m[38;2;116;58;0m [48;2;0;0;127m▘▝▚[38;2;0;0;127m [48;2;116;58;0m[38;2;116;58;0m [38;2;0;0;127m▌[48;2;0;0;127m[38;2;116;58;0m▌[48;2;116;58;0m [38;2;0;0;127m▌[48;2;0;0;127m[38;2;116;58;0m▌[48;2;116;58;0m [48;2;0;0;127m[38;2;0;0;127m [48;2;116;58;0m[38;2;116;58;0m [38;2;0;0;127m▌[48;2;0;0;127m[38;2;116;58;0m▌[48;2;116;58;0m [48;2;0;0;127m[38;2;0;0;127m [48;2;40;40;40m[38;2;19;19;19m▊[48;2;0;71;71m[38;2;0;116;73m▅[48;2;0;116;116m[38;2;0;116;116m [48;2;0;71;71m▘[38;2;0;71;44m▆[48;2;19;19;19m▌[38;2;19;19;19m [38;2;0;71;44m▅[38;2;19;19;19m    [48;2;0;0;0m▌[48;2;40;40;40m[38;2;0;0;0m▌[48;2;226;226;226m[38;2;101;101;101m▌[38;2;226;226;226m  [48;2;0;0;127m▘[48;2;116;58;0m[38;2;116;58;0m [48;2;0;0;127m▌[48;2;116;58;0m [48;2;0;0;127m[38;2;0;0;127m [48;2;116;58;0m[38;2;116;58;0m [38;2;0;0;127m▌[48;2;0;0;127m[38;2;116;58;0m▌[48;2;116;58;0m[38;2;0;0;127m▌[48;2;0;0;127m[38;2;116;58;0m▌[48;2;116;58;0m [48;2;0;0;127m[38;2;0;0;127m [48;2;116;58;0m[38;2;116;58;0m [48;2;0;0;127m[38;2;0;0;127m [38;2;116;58;0m▘[48;2;116;58;0m[38;2;0;0;127m▌▗[48;2;0;0;127m[38;2;116;58;0m▗[48;2;116;58;0m[38;2;0;0;127m▗[48;2;0;0;127m [38;2;116;58;0m▌[38;2;0;0;252m [48;2;0;0;252m[38;2;0;0;250m [38;2;0;0;252m [0m
[48;2;0;0;252m[38;2;0;0;252m       [48;2;116;58;0m▌[48;2;0;0;127m[38;2;116;58;0m▌▌[48;2;116;58;0m [38;2;0;0;127m▌[48;2;0;0;127m[38;2;116;58;0m▌[48;2;116;58;0m [38;2;0;0;127m▌[48;2;0;0;127m[38;2;116;58;0m▌[48;2;116;58;0m [48;2;0;0;127m[38;2;0;0;127m [48;2;116;58;0m[38;2;116;58;0m [48;2;0;0;127m▘[48;2;116;58;0m[38;2;0;0;127m▘[48;2;0;0;127m[38;2;116;58;0m▌▗▌[48;2;116;58;0m[38;2;0;0;127m▌[48;2;0;0;127m[38;2;116;58;0m▌[48;2;116;58;0m [38;2;0;0;127m▌[48;2;0;0;127m[38;2;116;58;0m▌[48;2;116;58;0m [38;2;0;0;127m▌[48;2;0;0;127m[38;2;116;58;0m▌[48;2;116;58;0m[38;2;0;0;127m▌[48;2;0;0;127m[38;2;116;58;0m▌[48;2;116;58;0m [38;2;0;0;127m▌[48;2;0;0;127m[38;2;116;58;0m▌[48;2;116;58;0m [48;2;0;0;127m[38;2;0;0;127m [48;2;0;71;71m[38;2;40;40;40m▘[48;2;0;116;73m[38;2;0;116;116m▁[48;2;0;116;116m [48;2;0;71;71m[38;2;0;71;71m [48;2;0;71;44m[38;2;0;71;44m [48;2;19;19;19m[38;2;19;19;19m [38;2;0;71;44m▝▘[48;2;0;0;0m[38;2;19;19;19m▃[48;2;19;19;19m [38;2;0;71;44m▆[48;2;0;0;0m[38;2;19;19;19m▎[38;2;0;0;0m [48;2;54;54;54m[38;2;40;40;40m▌[48;2;226;226;226m[38;2;77;77;77m▌[38;2;226;226;226m [48;2;77;77;77m[38;2;188;188;188m▌[48;2;0;0;127m[38;2;0;0;127m [48;2;116;58;0m[38;2;116;58;0m [38;2;0;0;127m▌[38;2;116;58;0m [38;2;0;0;127m▌[48;2;0;0;127m[38;2;116;58;0m▌[48;2;116;58;0m[38;2;0;0;127m▌[48;2;0;0;127m[38;2;116;58;0m▌[48;2;116;58;0m [48;2;0;0;127m[38;2;0;0;127m [48;2;116;58;0m[38;2;116;58;0m [38;2;0;0;127m▌[48;2;0;0;127m[38;2;116;58;0m▌[48;2;116;58;0m[38;2;0;0;127m▌[48;2;0;0;127m[38;2;116;58;0m▌▃[38;2;0;0;127m [48;2;116;58;0m▂[48;2;0;0;127m[38;2;116;58;0m▘[48;2;116;58;0m[38;2;0;0;127m▘[48;2;0;0;127m[38;2;116;58;0m▌[48;2;0;0;252m[38;2;0;0;127m▌[38;2;0;0;252m  [0m
[48;2;0;0;252m[38;2;0;0;252m       [48;2;116;58;0m▊[48;2;0;0;127m[38;2;0;0;170m [48;2;116;58;0m[38;2;0;0;127m▂▌▌[48;2;0;0;127m[38;2;116;58;0m▌[48;2;116;58;0m [38;2;0;0;127m▌[38;2;116;58;0m [48;2;0;0;127m▘[48;2;116;58;0m[38;2;0;0;127m▘[48;2;0;0;127m[38;2;116;58;0m▌▗[48;2;116;58;0m[38;2;0;0;127m▗[48;2;0;0;127m [48;2;116;58;0m[38;2;116;58;0m [48;2;0;0;127m[38;2;0;0;127m [48;2;116;58;0m▌[48;2;0;0;127m[38;2;116;58;0m▌[48;2;116;58;0m [38;2;0;0;127m▌[48;2;0;0;127m[38;2;116;58;0m▌[48;2;116;58;0m [38;2;0;0;127m▌[48;2;0;0;127m[38;2;116;58;0m▌[48;2;116;58;0m[38;2;0;0;127m▌[48;2;0;0;127m[38;2;116;58;0m▌[48;2;116;58;0m [38;2;0;0;127m▌[48;2;0;0;127m[38;2;116;58;0m▌[38;2;0;0;127m [48;2;54;54;54m▌[48;2;0;116;116m[38;2;0;116;73m▁[38;2;0;116;116m [48;2;0;71;71m▌[48;2;0;71;44m[38;2;0;71;44m [38;2;19;19;19m▅[48;2;19;19;19m   [38;2;0;71;44m▗▄▌[48;2;0;0;0m[38;2;19;19;19m▅[48;2;19;19;19m[38;2;0;0;0m▊[48;2;40;40;40m[38;2;40;40;40m [48;2;210;210;210m[38;2;127;127;127m▌[48;2;226;226;226m[38;2;77;77;77m▗[48;2;0;0;127m[38;2;116;58;0m▅[48;2;116;58;0m[38;2;0;0;127m▌[38;2;116;58;0m [38;2;0;0;127m▌[48;2;0;0;127m[38;2;116;58;0m▌[48;2;116;58;0m [48;2;0;0;127m▌[48;2;116;58;0m [38;2;0;0;127m▌[38;2;116;58;0m [38;2;0;0;127m▌[48;2;0;0;127m[38;2;116;58;0m▌[48;2;116;58;0m[38;2;0;0;127m▌[48;2;0;0;127m[38;2;116;58;0m▌[48;2;116;58;0m [48;2;0;0;127m[38;2;0;0;127m [48;2;116;58;0m[38;2;116;58;0m [48;2;0;0;127m[38;2;0;0;127m  [38;2;116;58;0m▗[48;2;116;58;0m[38;2;0;0;127m▗[48;2;0;0;127m[38;2;0;0;194m [48;2;0;0;252m[38;2;0;0;250m▎[38;2;0;0;252m  [0m
[48;2;0;0;252m[38;2;0;0;252m        [48;2;0;0;249m▇[48;2;0;0;127m▇▅▄▃▃▃[48;2;116;58;0m[38;2;0;0;127m▆[48;2;0;0;127m[38;2;0;0;252m▂[48;2;116;58;0m[38;2;0;0;127m▅[48;2;0;0;127m[38;2;0;0;252m▁[48;2;116;58;0m[38;2;0;0;127m▃[48;2;0;0;127m[38;2;116;58;0m▘[48;2;116;58;0m[38;2;0;0;127m▌[48;2;0;0;127m[38;2;116;58;0m▘[38;2;0;0;127m [48;2;116;58;0m▌[48;2;0;0;127m[38;2;116;58;0m▌[48;2;116;58;0m [38;2;0;0;127m▌[48;2;0;0;127m[38;2;116;58;0m▌[48;2;116;58;0m [48;2;0;0;127m[38;2;0;0;127m [48;2;116;58;0m[38;2;116;58;0m [38;2;0;0;127m▌[48;2;0;0;127m[38;2;116;58;0m▌[48;2;116;58;0m [38;2;0;0;127m▌[48;2;0;0;127m[38;2;116;58;0m▌[38;2;40;40;40m▗[48;2;40;40;40m [48;2;0;116;116m[38;2;0;116;116m [38;2;0;71;71m▅[48;2;0;71;71m [38;2;0;71;44m▗[48;2;19;19;19m[38;2;19;19;19m   [38;2;0;0;127m▗[48;2;0;71;71m[38;2;0;71;44m▌[48;2;19;19;19m▌[38;2;19;19;19m [48;2;0;0;0m[38;2;0;0;0m [48;2;19;19;19m▌[48;2;40;40;40m[38;2;54;54;54m▌[48;2;210;210;210m[38;2;129;129;129m▌[48;2;116;58;0m[38;2;0;0;127m▌[48;2;0;0;127m[38;2;116;58;0m▌[48;2;116;58;0m[38;2;0;0;127m▌[48;2;0;0;127m[38;2;116;58;0m▌[48;2;116;58;0m [48;2;0;0;127m[38;2;0;0;127m [48;2;116;58;0m[38;2;116;58;0m [38;2;0;0;127m▌[38;2;116;58;0m [38;2;0;0;127m▌[48;2;0;0;127m[38;2;116;58;0m▌[48;2;116;58;0m [48;2;0;0;127m▌[48;2;116;58;0m [48;2;0;0;127m[38;2;0;0;127m [48;2;116;58;0m[38;2;116;58;0m [38;2;0;0;127m▌[48;2;0;0;127m[38;2;116;58;0m▘[38;2;0;0;127m  [48;2;116;58;0m[38;2;116;58;0m [48;2;0;0;127m▘[48;2;0;0;252m[38;2;0;0;127m▊[38;2;0;0;252m   [0m
[48;2;0;0;252m[38;2;0;0;252m                     [38;2;0;0;249m [48;2;0;0;242m[38;2;0;0;252m▇[48;2;0;0;191m▇[48;2;0;0;127m▇▆[48;2;116;58;0m▆[48;2;0;0;127m[38;2;0;0;156m [38;2;116;58;0m▘▝[38;2;0;0;252m▂[48;2;116;58;0m[38;2;0;0;127m▂▌[48;2;0;0;127m[38;2;116;58;0m▌[48;2;116;58;0m [48;2;0;0;127m[38;2;0;0;127m  [48;2;40;40;40m▘[48;2;0;71;71m[38;2;40;40;40m▌[38;2;0;71;71m  [48;2;0;71;44m▘[38;2;19;19;19m▂[48;2;19;19;19m   [48;2;0;71;44m[38;2;0;71;44m  [48;2;19;19;19m[38;2;19;19;19m [38;2;0;0;0m▆[48;2;0;0;0m [48;2;40;40;40m[38;2;19;19;19m▌[38;2;54;54;54m▌[48;2;0;0;127m[38;2;159;159;159m▘[48;2;116;58;0m[38;2;0;0;127m▌[48;2;0;0;127m[38;2;116;58;0m▌[48;2;116;58;0m [48;2;0;0;127m[38;2;0;0;127m [48;2;116;58;0m[38;2;116;58;0m [38;2;0;0;127m▌[38;2;116;58;0m [38;2;0;0;127m▌[48;2;0;0;127m[38;2;116;58;0m▌[48;2;116;58;0m [48;2;0;0;127m▌[48;2;116;58;0m [38;2;0;0;127m▌[38;2;116;58;0m [38;2;0;0;127m▌[48;2;0;0;127m[38;2;116;58;0m▌[38;2;0;0;127m [48;2;116;58;0m▘[48;2;0;0;127m[38;2;116;58;0m▘[48;2;116;58;0m[38;2;0;0;127m▘[48;2;0;0;127m[38;2;116;58;0m▘[38;2;0;0;128m [48;2;0;0;252m[38;2;0;0;127m▎[38;2;0;0;252m   [0m
