[48;2;0;0;71m[38;2;0;0;0m                   [48;2;71;0;42m[38;2;116;58;0m▆[48;2;0;0;0m[38;2;116;58;0m▘[48;2;0;0;71m[38;2;0;0;0m          [48;2;0;0;71m[38;2;0;0;0m▝[48;2;0;0;0m[38;2;0;0;71m▁   [48;2;0;39;71m[38;2;0;0;0m▃ [48;2;0;0;71m[38;2;0;39;71m▃  [48;2;0;0;71m[38;2;0;0;116m▝[48;2;0;0;116m[38;2;0;0;0m  [48;2;0;0;181m[38;2;0;0;0m  [48;2;116;0;69m[38;2;0;0;181m▊[48;2;255;0;0m[38;2;0;0;0m [48;2;255;140;0m[38;2;0;0;0m [48;2;255;255;0m[38;2;181;181;0m▊[48;2;255;255;0m[38;2;255;255;113m─ [48;2;255;140;0m[38;2;255;180;89m▌[48;2;252;127;0m[38;2;0;0;0m [48;2;0;0;0m[38;2;0;0;0m   [48;2;0;39;71m[38;2;0;0;0m [48;2;116;58;0m[38;2;0;39;71m▌[48;2;0;0;71m[38;2;116;58;0m▌ [48;2;0;0;116m[38;2;0;0;0m    [48;2;0;71;71m[38;2;0;0;116m▌[48;2;0;181;0m[38;2;0;116;0m▌[48;2;0;252;0m[38;2;0;0;0m [48;2;0;252;0m[38;2;0;255;0m▌[48;2;0;252;0m[38;2;0;255;160m▗[48;2;156;255;156m[38;2;0;255;160m▌[48;2;156;255;156m[38;2;156;255;219m─ [48;2;0;252;0m[38;2;156;255;156m▖ [48;2;0;255;0m[38;2;0;252;0m▌[48;2;0;181;0m[38;2;0;252;0m▌[48;2;0;116;0m[38;2;0;147;0m▌[48;2;0;0;0m[38;2;0;71;0m▎ [0m
[48;2;0;0;71m[38;2;255;255;255m▗ ▗  ▄ ▗▬┓ ▃▂▗ ▗  [48;2;116;58;0m[38;2;0;0;71m▘[48;2;19;19;19m[38;2;116;58;0m▘[48;2;0;0;71m[38;2;0;0;0m [48;2;0;0;71m[38;2;255;255;255m▃▁  ▃ ▖ ▖▃▬ [48;2;0;0;0m[38;2;0;0;71m▅▂   [48;2;0;39;71m[38;2;0;0;0m▅[48;2;0;0;71m[38;2;0;39;71m▅  [48;2;0;0;116m[38;2;0;0;71m▅  [48;2;0;0;181m[38;2;0;0;116m▂ [48;2;181;0;0m[38;2;0;0;181m▆[48;2;255;0;0m[38;2;0;0;116m▂[48;2;255;140;0m[38;2;116;58;0m▂[48;2;181;181;0m[38;2;116;58;0m▅[48;2;255;180;89m[38;2;181;99;0m▅[48;2;252;127;0m[38;2;116;0;69m▂[48;2;181;0;0m[38;2;19;19;19m▄[48;2;0;0;0m[38;2;0;0;0m  [48;2;0;39;71m[38;2;0;0;71m▗[48;2;0;0;71m[38;2;0;0;0m [48;2;116;58;0m[38;2;0;0;71m▌▝[48;2;0;0;71m[38;2;116;58;0m▃[48;2;0;0;116m[38;2;54;54;54m▁▂▅▬━[48;2;0;181;0m[38;2;0;116;0m▌[48;2;0;252;0m[38;2;0;181;0m▁  [48;2;101;255;201m[38;2;0;252;0m▂[48;2;0;255;160m[38;2;0;252;0m▂[48;2;156;255;156m[38;2;0;252;0m▆[48;2;0;252;0m[38;2;0;0;0m [48;2;0;255;0m[38;2;0;252;0m▘▆[48;2;0;252;0m[38;2;0;181;0m▗[48;2;0;71;0m[38;2;0;116;0m▌[48;2;0;0;0m[38;2;0;0;0m [48;2;0;0;0m[38;2;0;39;71m─[0m
[48;2;255;255;255m[38;2;0;0;71m▌▄▖[48;2;0;0;71m[38;2;0;0;0m [48;2;255;255;255m[38;2;0;0;71m▚[48;2;0;0;71m[38;2;255;255;255m▬▚▐━┛[48;2;255;255;255m[38;2;0;0;71m▊[48;2;0;0;71m[38;2;255;255;255m━╹ ▚▘ [48;2;116;58;0m[38;2;0;0;71m▘[48;2;71;0;42m[38;2;116;58;0m▘[48;2;0;0;71m[38;2;0;0;0m [48;2;255;255;255m[38;2;0;0;71m▊[48;2;0;0;71m[38;2;255;255;255m▎[48;2;255;255;255m[38;2;0;0;71m▊▐▌[48;2;0;0;71m[38;2;255;255;255m▂▎▝[48;2;255;255;255m[38;2;0;0;71m▚[48;2;0;0;71m[38;2;0;0;0m [48;2;0;0;71m[38;2;255;255;255m┗▃   [48;2;0;0;0m[38;2;0;0;71m▆▃  [48;2;0;0;0m[38;2;0;39;71m▝[48;2;0;39;71m[38;2;0;0;0m [48;2;0;39;71m[38;2;0;0;71m▝[48;2;0;0;71m[38;2;0;0;0m  [48;2;0;0;116m[38;2;0;0;0m  [48;2;0;0;181m[38;2;0;0;0m  [48;2;71;0;42m[38;2;0;0;252m▌[48;2;116;58;0m[38;2;0;0;0m  [48;2;116;58;0m[38;2;77;77;77m▁[48;2;0;39;71m[38;2;71;33;0m▌[48;2;0;39;71m[38;2;54;54;54m▃▅▬[48;2;71;33;0m[38;2;19;19;19m▌[48;2;116;58;0m[38;2;0;0;71m▁▃[48;2;116;58;0m[38;2;0;0;116m▃▅[48;2;54;54;54m[38;2;0;0;116m▇[48;2;0;0;116m[38;2;0;0;0m    [48;2;0;0;116m[38;2;0;71;0m▝[48;2;0;147;0m[38;2;0;71;71m▅[48;2;0;181;0m[38;2;0;116;0m▃[48;2;0;252;0m[38;2;0;181;0m▁[48;2;0;255;0m[38;2;0;181;0m▁ [48;2;0;252;0m[38;2;0;0;0m [48;2;0;252;0m[38;2;0;181;0m▁[48;2;0;252;0m[38;2;0;147;0m▁[48;2;0;181;0m[38;2;0;71;0m▃[48;2;0;147;0m[38;2;0;71;44m▅[48;2;0;39;71m[38;2;0;0;0m   [0m
[48;2;0;0;71m[38;2;255;255;255m▝ ▝ ▘ ▝▝  ▐[48;2;0;0;71m[38;2;0;0;0m   [48;2;0;0;71m[38;2;255;255;255m▝ [48;2;181;99;0m[38;2;19;19;19m▘[48;2;71;0;42m[38;2;181;99;0m▘[48;2;0;0;71m[38;2;0;0;0m  [48;2;0;0;71m[38;2;255;255;255m▝━─▘┛[48;2;255;255;255m[38;2;0;0;71m▇[48;2;0;0;71m[38;2;255;255;255m┗ ▘ ▃▟[48;2;0;0;71m[38;2;0;0;0m      [48;2;0;0;0m[38;2;0;0;71m▂  [48;2;0;39;71m[38;2;0;0;0m▃[48;2;0;0;71m[38;2;0;39;71m▅  [48;2;0;0;116m[38;2;0;0;0m  [48;2;0;0;181m[38;2;0;0;0m [48;2;71;33;0m[38;2;0;0;181m▌[48;2;116;58;0m[38;2;0;0;0m  [48;2;71;33;0m[38;2;116;58;0m▄[48;2;0;0;0m[38;2;116;58;0m▌[48;2;19;19;19m[38;2;0;0;0m▇[48;2;0;39;71m[38;2;0;0;0m [48;2;0;0;71m[38;2;0;39;71m▌   [48;2;0;0;116m[38;2;0;0;0m      [48;2;0;0;181m[38;2;0;0;116m▌  [48;2;0;71;44m[38;2;0;0;181m▆[48;2;0;116;0m[38;2;0;0;252m▅[48;2;0;71;0m[38;2;0;0;252m▖[48;2;0;147;0m[38;2;19;19;19m▄▄▅[48;2;0;116;0m[38;2;19;19;19m▇[48;2;0;0;0m[38;2;0;0;0m [48;2;0;39;71m[38;2;0;0;0m   [48;2;0;0;0m[38;2;0;39;71m▘[0m
[48;2;0;0;71m[38;2;0;0;0m               [48;2;71;33;0m[38;2;181;99;0m▅[48;2;19;19;19m[38;2;181;99;0m▘[48;2;0;0;71m[38;2;0;0;0m              [48;2;0;0;71m[38;2;0;0;0m [48;2;0;0;71m[38;2;0;0;0m       [48;2;0;0;0m[38;2;0;0;71m▅  [48;2;0;0;0m[38;2;0;39;71m▝[48;2;0;39;71m[38;2;0;0;0m [48;2;0;0;71m[38;2;0;39;71m▃ [48;2;0;0;116m[38;2;0;0;0m  [48;2;0;0;181m[38;2;0;0;0m [48;2;116;58;0m[38;2;0;0;181m▂ [48;2;116;58;0m[38;2;0;0;0m▂[48;2;0;0;0m[38;2;0;0;0m  [48;2;0;39;71m[38;2;0;0;0m▌[48;2;0;0;71m[38;2;0;39;71m▌   [48;2;0;0;116m[38;2;0;0;71m▌    [48;2;0;0;116m[38;2;0;0;181m▃[48;2;181;0;181m[38;2;0;0;181m▌[48;2;0;0;181m[38;2;255;0;255m▅[48;2;0;0;181m[38;2;165;0;255m▁[48;2;0;0;252m[38;2;0;0;0m [48;2;0;0;252m[38;2;0;0;181m▗[48;2;0;0;71m[38;2;0;0;181m▘[48;2;0;39;71m[38;2;0;0;0m▇[48;2;0;0;0m[38;2;0;0;0m [48;2;0;0;0m[38;2;181;99;0m▂▃▃▃[48;2;0;0;0m[38;2;116;58;0m▁  [0m
[48;2;0;0;71m[38;2;0;0;0m              [48;2;181;99;0m[38;2;19;19;19m▘[48;2;19;19;19m[38;2;181;181;0m▘[48;2;0;0;71m[38;2;0;0;0m                         [48;2;0;0;0m[38;2;0;0;71m▖  [48;2;0;39;71m[38;2;0;0;0m▂[48;2;0;0;71m[38;2;0;39;71m▃ [48;2;0;0;116m[38;2;0;0;0m [48;2;0;0;181m[38;2;0;0;116m▌ [48;2;0;0;181m[38;2;0;0;252m▇[48;2;0;0;71m[38;2;0;0;181m▎[48;2;0;0;0m[38;2;0;0;0m  [48;2;0;39;71m[38;2;0;0;0m▊ [48;2;0;0;71m[38;2;0;0;0m   [48;2;0;0;116m[38;2;0;0;71m▌    [48;2;0;0;181m[38;2;0;0;116m▊ [48;2;117;0;181m[38;2;0;0;181m▃[48;2;181;0;181m[38;2;0;0;0m [48;2;165;0;255m[38;2;255;0;255m▆[48;2;0;0;181m[38;2;255;0;255m▆[48;2;0;0;0m[38;2;255;0;255m▆[48;2;46;0;71m[38;2;255;0;255m▄▄[48;2;255;89;89m[38;2;181;0;181m▊[48;2;181;99;0m[38;2;0;0;0m    [48;2;181;0;107m[38;2;0;0;0m [48;2;0;0;0m[38;2;181;0;181m▆[0m
[48;2;0;0;71m[38;2;0;0;0m             [48;2;181;181;0m[38;2;19;19;19m▘[48;2;71;0;42m[38;2;181;181;0m▘[48;2;0;0;71m[38;2;19;19;19m    b l a p                [48;2;0;0;0m[38;2;0;0;71m▃  [48;2;0;39;71m[38;2;0;0;0m [48;2;0;0;71m[38;2;0;0;0m [48;2;0;0;71m[38;2;0;0;116m▝[48;2;0;0;116m[38;2;0;0;0m [48;2;0;0;181m[38;2;0;0;0m [48;2;0;0;252m[38;2;0;0;181m▌[48;2;0;0;71m[38;2;0;0;252m▌[48;2;0;0;0m[38;2;0;0;0m   [48;2;0;39;71m[38;2;0;0;0m [48;2;0;0;71m[38;2;0;39;71m▌   [48;2;0;0;116m[38;2;0;0;0m    [48;2;0;0;181m[38;2;0;0;0m  [48;2;0;0;181m[38;2;0;0;252m▄[48;2;117;0;181m[38;2;0;0;252m▇[48;2;0;0;181m[38;2;0;0;71m▗[48;2;156;0;156m[38;2;0;0;0m▅[48;2;181;0;181m[38;2;0;0;0m▅[48;2;181;0;181m[38;2;0;39;71m▅ [48;2;181;0;107m[38;2;127;0;0m▅[48;2;181;99;0m[38;2;116;58;0m▇▅[48;2;116;58;0m[38;2;0;0;0m [48;2;116;58;0m[38;2;181;99;0m▘[48;2;116;0;0m[38;2;46;0;71m▗[48;2;156;0;156m[38;2;0;0;71m▅[0m
[48;2;0;0;71m[38;2;0;0;0m          [48;2;0;0;71m[38;2;0;0;0m▁[48;2;0;0;71m[38;2;19;19;19m▬[48;2;181;181;0m[38;2;116;116;0m▌[48;2;19;19;19m[38;2;181;181;0m▘[48;2;0;0;71m[38;2;0;0;0m                    [48;2;0;0;71m[38;2;19;19;19m▁        [48;2;0;0;71m[38;2;0;0;0m▝[48;2;0;0;0m[38;2;0;0;0m  [48;2;0;39;71m[38;2;0;0;0m [48;2;0;0;71m[38;2;0;0;0m [48;2;0;0;71m[38;2;0;0;116m▝[48;2;0;0;181m[38;2;0;0;116m▌ [48;2;0;0;252m[38;2;0;0;181m▝[48;2;0;0;0m[38;2;0;0;0m   [48;2;0;39;71m[38;2;0;0;0m  [48;2;0;0;71m[38;2;0;0;0m   [48;2;0;0;116m[38;2;0;0;0m  [48;2;0;0;116m[38;2;0;0;181m▗[48;2;0;0;181m[38;2;0;0;0m   [48;2;0;0;252m[38;2;0;0;0m [48;2;0;0;181m[38;2;0;0;252m▌[48;2;0;39;71m[38;2;0;0;0m [48;2;0;0;0m[38;2;0;0;0m    [48;2;0;39;71m[38;2;71;33;0m▝[48;2;116;58;0m[38;2;40;40;40m▂[48;2;116;58;0m[38;2;54;54;54m▆[48;2;54;54;54m[38;2;0;0;0m  [48;2;0;0;71m[38;2;54;54;54m▌ [0m
[48;2;0;0;71m[38;2;0;0;0m         [48;2;0;0;0m[38;2;0;0;71m▘[48;2;0;39;71m[38;2;0;0;0m▘[48;2;0;39;71m[38;2;0;64;116m▄[48;2;0;71;71m[38;2;0;0;0m [48;2;19;19;19m[38;2;0;39;71m▌[48;2;0;0;71m[38;2;19;19;19m▌               [48;2;0;0;71m[38;2;0;0;0m▄▆▇[48;2;0;0;0m[38;2;0;71;0m▁[48;2;0;0;0m[38;2;0;116;0m▂▂▁[48;2;19;19;19m[38;2;0;0;0m▇[48;2;0;0;71m[38;2;0;0;0m▇▆▄▃[48;2;0;0;71m[38;2;19;19;19m▁ [48;2;0;0;71m[38;2;0;0;0m▝[48;2;0;0;0m[38;2;0;0;0m  [48;2;0;39;71m[38;2;0;0;0m [48;2;0;0;71m[38;2;0;0;0m [48;2;0;0;116m[38;2;0;0;0m [48;2;0;0;181m[38;2;0;0;116m▌[48;2;0;0;252m[38;2;0;0;181m▌[48;2;0;0;0m[38;2;0;0;116m▖  [48;2;0;39;71m[38;2;0;0;0m▌ [48;2;0;0;71m[38;2;0;0;0m   [48;2;0;0;116m[38;2;0;0;0m  [48;2;0;0;181m[38;2;0;0;0m   [48;2;0;0;252m[38;2;0;0;0m [48;2;0;0;252m[38;2;0;0;116m▗[48;2;0;39;71m[38;2;0;0;181m▘[48;2;0;0;0m[38;2;0;0;0m    [48;2;0;0;0m[38;2;0;39;71m▂[48;2;0;39;71m[38;2;0;0;0m [48;2;116;0;116m[38;2;0;0;71m▊[48;2;156;0;156m[38;2;0;0;0m [48;2;156;0;156m[38;2;255;0;255m▅[48;2;116;0;116m[38;2;181;0;181m▅[48;2;0;0;71m[38;2;0;0;0m  [0m
[48;2;0;0;71m[38;2;0;0;0m▇▅▂    ▂[48;2;0;0;0m[38;2;0;39;71m▂[48;2;0;39;71m[38;2;0;64;116m▗[48;2;0;64;116m[38;2;0;0;0m [48;2;0;64;116m[38;2;0;39;71m▗[48;2;0;39;71m[38;2;0;0;0m [48;2;0;0;0m[38;2;0;39;71m▘[48;2;0;0;71m[38;2;0;0;0m             [48;2;0;0;71m[38;2;0;0;0m▁▅[48;2;0;0;0m[38;2;0;0;0m [48;2;0;0;0m[38;2;0;71;0m▃▆[48;2;0;71;0m[38;2;0;0;0m   [48;2;0;116;0m[38;2;0;71;0m▆▆▅[48;2;0;0;0m[38;2;0;116;0m▆▅[48;2;0;0;0m[38;2;0;71;0m▃▃▂[48;2;0;0;71m[38;2;0;0;0m▅▁▐[48;2;0;0;0m[38;2;0;0;0m  [48;2;0;0;71m[38;2;0;39;71m▌[48;2;0;0;116m[38;2;0;0;71m▊[48;2;0;0;181m[38;2;0;0;116m▌[48;2;0;0;252m[38;2;0;0;181m▌[48;2;0;0;0m[38;2;0;0;252m▌  [48;2;0;39;71m[38;2;0;0;0m▊ [48;2;0;0;71m[38;2;0;0;0m   [48;2;0;0;116m[38;2;0;0;0m  [48;2;0;0;181m[38;2;0;0;0m  [48;2;0;0;252m[38;2;0;0;181m▌▗[48;2;0;0;71m[38;2;0;0;181m▘[48;2;0;0;0m[38;2;0;0;0m    [48;2;0;39;71m[38;2;0;0;0m▘ [48;2;0;39;71m[38;2;0;0;71m▗[48;2;116;0;116m[38;2;0;0;71m▊[48;2;181;0;181m[38;2;0;0;0m [48;2;255;0;255m[38;2;181;0;181m▖▐[48;2;0;0;71m[38;2;181;0;181m▎[48;2;0;0;116m[38;2;0;0;71m▘[0m
[48;2;0;0;0m[38;2;0;39;71m▄▃  [48;2;0;0;71m[38;2;0;0;0m▆▅▟[48;2;0;39;71m[38;2;0;0;0m▅[48;2;0;39;71m[38;2;0;64;116m▗[48;2;0;64;116m[38;2;0;0;0m [48;2;0;64;116m[38;2;0;39;71m▗[48;2;0;39;71m[38;2;0;0;0m [48;2;0;0;0m[38;2;0;39;71m▘[48;2;0;0;71m[38;2;0;0;0m▘            ▗[48;2;0;0;0m[38;2;0;0;0m [48;2;0;0;0m[38;2;0;71;44m▗[48;2;0;71;0m[38;2;0;0;0m [48;2;0;71;0m[38;2;0;71;44m▗[48;2;0;71;44m[38;2;0;116;0m▂[48;2;0;71;0m[38;2;0;0;0m [48;2;0;71;0m[38;2;77;77;77m▂[48;2;0;71;0m[38;2;101;101;101m▂[48;2;0;71;0m[38;2;77;77;77m▄▆[48;2;0;71;0m[38;2;101;101;101m▆[48;2;0;71;44m[38;2;127;127;127m▆▆[48;2;101;101;101m[38;2;129;129;129m─[48;2;0;116;73m[38;2;111;255;111m▬[48;2;0;116;0m[38;2;111;255;111m▅[48;2;0;71;44m[38;2;0;181;0m▂[48;2;0;0;0m[38;2;0;0;0m [48;2;0;0;71m[38;2;0;0;0m▅[48;2;0;0;0m[38;2;0;0;0m  [48;2;0;39;71m[38;2;0;0;0m▌[48;2;0;0;71m[38;2;0;0;0m [48;2;0;0;181m[38;2;0;0;116m▊ [48;2;0;0;0m[38;2;0;0;252m▌  [48;2;0;39;71m[38;2;0;0;0m▌[48;2;0;0;71m[38;2;0;39;71m▌  [48;2;0;0;116m[38;2;0;0;71m▌ [48;2;0;0;116m[38;2;116;0;0m▗[48;2;0;0;116m[38;2;127;0;0m▅[48;2;71;0;42m[38;2;127;0;0m▇▇▆[48;2;0;0;0m[38;2;116;0;0m▅[48;2;0;0;0m[38;2;71;0;0m▂  [48;2;0;0;0m[38;2;0;39;71m▆[48;2;0;39;71m[38;2;0;0;0m [48;2;0;39;71m[38;2;0;0;71m▗▅[48;2;0;0;71m[38;2;0;0;0m [48;2;156;0;156m[38;2;116;0;116m▌[48;2;181;0;181m[38;2;0;0;0m [48;2;181;0;181m[38;2;255;0;255m▌[48;2;75;0;116m[38;2;156;0;156m▌[48;2;0;0;116m[38;2;0;0;0m [0m
[48;2;0;39;71m[38;2;0;0;71m▇▅▃ [48;2;0;0;0m[38;2;0;39;71m▖ ▅[48;2;0;39;71m[38;2;0;64;116m▃[48;2;0;99;181m[38;2;0;64;116m▚[48;2;0;64;116m[38;2;0;39;71m▗[48;2;0;39;71m[38;2;0;0;0m [48;2;0;0;0m[38;2;0;39;71m▌[48;2;0;0;71m[38;2;0;0;0m▘            ▗[48;2;0;0;0m[38;2;0;0;0m  [48;2;0;71;0m[38;2;0;0;0m [48;2;0;71;0m[38;2;0;71;44m▁[48;2;0;116;0m[38;2;101;101;101m▃▅[48;2;77;77;77m[38;2;40;40;40m▁[48;2;101;101;101m[38;2;0;0;0m▅▇[48;2;0;0;0m[38;2;0;0;0m   [48;2;0;71;44m[38;2;0;116;73m╺[48;2;101;101;101m[38;2;0;71;44m▅[48;2;101;101;101m[38;2;54;54;54m▂[48;2;127;127;127m[38;2;0;0;0m [48;2;156;255;156m[38;2;129;129;129m▇[48;2;0;252;0m[38;2;129;129;129m▅[48;2;0;116;73m[38;2;111;255;111m▆[48;2;40;40;40m[38;2;156;255;156m▂[48;2;0;0;0m[38;2;0;0;0m  [48;2;0;39;71m[38;2;0;0;0m▌[48;2;0;0;71m[38;2;0;39;71m▌[48;2;0;0;116m[38;2;0;0;0m [48;2;0;0;181m[38;2;0;0;0m [48;2;0;0;0m[38;2;0;0;252m▌  [48;2;0;39;71m[38;2;0;0;0m [48;2;0;0;71m[38;2;0;0;0m  [48;2;0;0;116m[38;2;0;0;71m▌ [48;2;71;0;42m[38;2;46;0;71m▌[48;2;127;0;0m[38;2;0;0;0m [48;2;127;0;0m[38;2;181;0;0m▇[48;2;181;0;0m[38;2;0;0;0m  [48;2;127;0;0m[38;2;181;0;0m▌ [48;2;116;0;0m[38;2;127;0;0m▌[48;2;0;39;71m[38;2;71;0;0m▌   [48;2;0;0;71m[38;2;0;0;0m   [48;2;156;0;156m[38;2;75;0;116m▌[48;2;156;0;156m[38;2;181;0;181m▝[48;2;181;0;181m[38;2;0;0;0m [48;2;156;0;156m[38;2;181;0;181m▎[48;2;0;0;116m[38;2;0;0;0m [0m
[48;2;0;0;71m[38;2;0;0;116m▄▃▁ [48;2;0;0;0m[38;2;0;0;71m▎[48;2;0;39;71m[38;2;0;64;116m ▟[48;2;0;99;181m[38;2;89;180;255m▃[48;2;0;64;116m[38;2;0;99;181m▎[48;2;0;0;0m[38;2;0;39;71m▘█▂  [48;2;0;0;71m[38;2;0;0;0m▅▁         [48;2;0;0;0m[38;2;0;0;71m▎[48;2;0;0;0m[38;2;0;71;0m▗[48;2;0;71;0m[38;2;0;71;44m▗[48;2;0;71;0m[38;2;101;101;101m▄[48;2;101;101;101m[38;2;127;127;127m▆▘[48;2;101;101;101m[38;2;19;19;19m▗[48;2;0;0;0m[38;2;0;0;0m  [48;2;19;19;19m[38;2;181;0;0m▂[48;2;71;0;0m[38;2;181;0;0m▆[48;2;127;0;0m[38;2;181;0;0m─[48;2;71;0;0m[38;2;181;0;0m▆[48;2;19;19;19m[38;2;181;0;0m▖[48;2;0;0;0m[38;2;0;0;0m [48;2;19;19;19m[38;2;0;0;0m [48;2;101;101;101m[38;2;77;77;77m▌[48;2;127;127;127m[38;2;101;101;101m▁ [48;2;129;129;129m[38;2;127;127;127m▖[48;2;111;255;111m[38;2;129;129;129m▖[48;2;40;40;40m[38;2;0;147;0m▌[48;2;0;0;0m[38;2;0;0;0m  [48;2;0;0;71m[38;2;0;39;71m▎[48;2;0;0;116m[38;2;0;0;0m [48;2;0;0;181m[38;2;0;0;0m [48;2;0;0;0m[38;2;0;0;252m▌ [48;2;0;39;71m[38;2;0;0;0m▊[48;2;0;0;71m[38;2;0;39;71m▌  [48;2;0;0;116m[38;2;71;0;42m  ▐[48;2;116;0;0m[38;2;71;0;0m▂[48;2;127;0;0m[38;2;71;0;0m▁[48;2;181;0;0m[38;2;127;0;0m▇[48;2;127;0;0m[38;2;0;0;0m [48;2;127;0;0m[38;2;116;0;0m▃[48;2;116;0;0m[38;2;71;0;0m▂[48;2;71;0;0m[38;2;0;0;0m [48;2;0;39;71m[38;2;0;0;0m  [48;2;0;39;71m[38;2;0;0;71m▁[48;2;0;0;71m[38;2;0;0;0m  [48;2;0;0;71m[38;2;0;0;116m▂[48;2;0;0;116m[38;2;0;0;0m [48;2;116;0;116m[38;2;0;0;116m▊[48;2;156;0;156m[38;2;0;0;0m [48;2;181;0;181m[38;2;156;0;156m▌[48;2;156;0;156m[38;2;181;0;181m▎[48;2;0;0;181m[38;2;117;0;181m▎[0m
[48;2;0;0;116m[38;2;0;0;181m▄▄▃ [48;2;0;0;71m[38;2;0;64;116m▂[48;2;0;64;116m[38;2;89;180;255m▗[48;2;89;180;255m[38;2;0;140;255m ▗[48;2;0;64;116m[38;2;0;0;0m [48;2;0;0;0m[38;2;0;39;71m▄[48;2;19;19;19m[38;2;0;0;0m▊[48;2;0;39;71m[38;2;0;0;71m▅▃[48;2;0;0;0m[38;2;0;39;71m▅▄▃  [48;2;0;0;71m[38;2;0;0;0m▅▅     ▐[48;2;0;0;0m[38;2;0;71;44m▝[48;2;127;127;127m[38;2;54;54;54m▌[48;2;127;127;127m[38;2;129;129;129m▂ [48;2;101;101;101m[38;2;0;0;0m [48;2;0;0;0m[38;2;77;77;77m▌ [48;2;127;0;0m[38;2;0;0;0m▊[48;2;127;0;0m[38;2;255;0;0m▜[48;2;116;0;0m[38;2;181;0;0m▖[48;2;0;0;0m[38;2;127;0;0m▃[48;2;127;0;0m[38;2;71;0;0m▘[48;2;181;0;0m[38;2;0;0;0m [48;2;0;0;0m[38;2;127;0;0m▎[48;2;19;19;19m[38;2;101;101;101m ▗[48;2;127;127;127m[38;2;101;101;101m█▅  [48;2;159;159;159m[38;2;188;188;188m┃[48;2;0;0;0m[38;2;101;101;101m▎ [48;2;0;0;71m[38;2;0;39;71m▌[48;2;0;0;116m[38;2;0;0;0m [48;2;0;0;252m[38;2;0;0;181m▌[48;2;0;0;0m[38;2;0;0;252m▌ [48;2;0;39;71m[38;2;0;0;0m [48;2;0;0;71m[38;2;0;0;116m  ▗[48;2;0;0;116m[38;2;0;0;181m▂[48;2;0;0;181m[38;2;0;0;0m  [48;2;46;0;71m[38;2;0;0;116m▌[48;2;71;0;0m[38;2;0;0;116m▃▂[48;2;116;0;0m[38;2;71;0;0m▆[48;2;71;0;0m[38;2;0;0;0m▁[48;2;71;0;0m[38;2;0;39;71m▄[48;2;71;0;42m[38;2;0;39;71m▇[48;2;0;39;71m[38;2;0;0;71m▂[48;2;0;0;71m[38;2;0;0;116m ▅[48;2;0;0;116m[38;2;255;255;255m▄▖[48;2;0;0;116m[38;2;0;0;181m▁▆[48;2;0;0;181m[38;2;0;0;0m [48;2;116;0;116m[38;2;75;0;116m▌[48;2;156;0;156m[38;2;0;0;0m  [48;2;0;0;181m[38;2;116;0;116m▌[0m
[48;2;0;0;181m[38;2;156;0;156m▃[48;2;0;0;181m[38;2;116;0;116m▅[48;2;117;0;181m[38;2;0;0;0m [48;2;0;99;181m[38;2;0;0;181m▌[48;2;0;181;181m[38;2;0;64;116m▘[48;2;89;180;255m[38;2;156;211;255m▙[48;2;89;180;255m[38;2;0;181;181m▁[48;2;89;180;255m[38;2;0;140;255m▟[48;2;0;64;116m[38;2;75;0;116m▅[48;2;0;0;116m[38;2;156;0;156m▅▃[48;2;0;0;116m[38;2;75;0;116m▁[48;2;0;0;71m[38;2;0;0;116m▄▃[48;2;0;39;71m[38;2;0;0;71m▇▅▃▁[48;2;0;0;0m[38;2;0;39;71m▅▄▃▁[48;2;0;0;71m[38;2;0;0;0m▇▅▄▃[48;2;0;0;0m[38;2;0;0;0m [48;2;111;255;111m[38;2;101;101;101m▌[48;2;127;127;127m[38;2;129;129;129m▌ [48;2;101;101;101m[38;2;127;127;127m▎[48;2;101;101;101m[38;2;0;71;0m▝[48;2;0;0;0m[38;2;0;71;0m▙  [48;2;0;0;0m[38;2;255;0;0m▀▀[48;2;0;0;0m[38;2;181;0;0m▀[48;2;0;0;0m[38;2;101;101;101m▁▆[48;2;101;101;101m[38;2;127;127;127m    ▝█▌[48;2;0;181;0m[38;2;0;116;0m▘[48;2;0;0;71m[38;2;0;116;0m▖ [48;2;0;0;181m[38;2;0;0;116m▊[48;2;0;0;252m[38;2;0;0;181m▌[48;2;0;0;0m[38;2;0;0;116m▘[48;2;0;39;71m[38;2;0;0;0m▘[48;2;0;0;71m[38;2;0;39;71m▌ [48;2;0;0;116m[38;2;0;0;0m  [48;2;0;0;181m[38;2;0;0;0m  [48;2;0;0;181m[38;2;0;0;116m▃[48;2;0;0;116m[38;2;0;0;252m▗[48;2;0;0;252m[38;2;0;0;0m [48;2;0;0;181m[38;2;0;0;116m▗[48;2;0;0;71m[38;2;0;0;116m▘ [48;2;0;0;71m[38;2;255;255;255m▗▖ [48;2;255;255;255m[38;2;0;0;0m [48;2;0;0;116m[38;2;0;0;0m [48;2;255;255;255m[38;2;0;0;116m▌[48;2;0;0;181m[38;2;255;255;255m▎ [48;2;0;0;181m[38;2;181;99;0m▂[48;2;0;0;181m[38;2;116;58;0m▅[48;2;116;0;116m[38;2;54;54;54m▆▅[48;2;156;0;156m[38;2;54;54;54m▃[48;2;116;0;116m[38;2;71;0;71m▃[0m
[48;2;181;0;181m[38;2;255;0;255m▅[48;2;75;0;116m[38;2;181;0;181m▌[48;2;0;0;71m[38;2;0;99;181m▗▟[48;2;156;211;255m[38;2;0;64;116m▖[48;2;0;181;181m[38;2;156;211;255m▘[48;2;0;181;181m[38;2;0;64;116m▃[48;2;0;0;116m[38;2;0;0;0m  [48;2;156;0;156m[38;2;0;0;181m▄[48;2;181;0;181m[38;2;156;0;156m ▀[48;2;0;0;116m[38;2;156;0;156m▅[48;2;0;0;181m[38;2;75;0;116m▖[48;2;0;0;116m[38;2;0;0;181m▄[48;2;0;0;71m[38;2;0;0;116m▇▄▂ [48;2;0;39;71m[38;2;0;0;71m▅▃▁ [48;2;0;0;0m[38;2;0;39;71m▆▅▃ [48;2;127;127;127m[38;2;19;19;19m▌[48;2;111;255;111m[38;2;129;129;129m▝[48;2;127;127;127m[38;2;129;129;129m▆ [48;2;101;101;101m[38;2;127;127;127m▖ [48;2;0;0;0m[38;2;101;101;101m▅▃▂▄▆[48;2;101;101;101m[38;2;0;0;0m       [48;2;127;127;127m[38;2;0;147;0m▂▟[48;2;0;147;0m[38;2;0;71;71m▄[48;2;0;0;71m[38;2;0;0;181m▂▅[48;2;0;0;181m[38;2;0;0;252m▄[48;2;0;0;71m[38;2;0;0;181m▌[48;2;0;0;0m[38;2;0;39;71m▗[48;2;0;39;71m[38;2;0;0;71m▅[48;2;0;0;71m[38;2;0;0;0m [48;2;0;0;116m[38;2;0;0;0m [48;2;0;0;116m[38;2;0;0;181m▄[48;2;0;0;181m[38;2;0;0;0m  [48;2;0;0;71m[38;2;0;0;181m▘[48;2;0;0;181m[38;2;0;0;71m▊[48;2;0;0;252m[38;2;0;0;0m [48;2;0;0;252m[38;2;255;255;255m▅[48;2;0;0;71m[38;2;255;255;255m▬▅[48;2;0;0;71m[38;2;0;0;116m▃[48;2;255;255;255m[38;2;0;0;116m▌▗▀▌[48;2;0;0;127m[38;2;0;0;181m▆[48;2;0;0;181m[38;2;255;255;255m▝▘[48;2;116;0;0m[38;2;0;0;181m▌[48;2;181;99;0m[38;2;116;58;0m▂ [48;2;116;58;0m[38;2;0;0;0m [48;2;71;33;0m[38;2;116;58;0m▅[48;2;54;54;54m[38;2;116;58;0m▅▁[0m
[48;2;181;0;181m[38;2;0;39;71m▃[48;2;255;0;255m[38;2;0;0;0m [48;2;116;0;116m[38;2;255;0;255m▆[48;2;75;0;116m[38;2;255;0;255m▃[48;2;0;64;116m[38;2;156;0;156m▃[48;2;0;39;71m[38;2;116;0;116m▁ [48;2;0;0;181m[38;2;0;39;71m▆[48;2;46;0;71m[38;2;0;0;71m▌[48;2;0;0;181m[38;2;181;99;0m▄▅[48;2;181;0;181m[38;2;181;99;0m▅[48;2;156;0;156m[38;2;127;0;0m▅[48;2;116;0;116m[38;2;0;0;0m [48;2;0;0;181m[38;2;116;0;116m▅ [48;2;0;0;116m[38;2;0;0;181m▄▂ [48;2;0;0;71m[38;2;0;0;116m▆▃▁[48;2;0;39;71m[38;2;0;0;71m▇▆▅▃ [48;2;0;0;0m[38;2;0;0;0m [48;2;0;116;73m[38;2;0;0;71m▃[48;2;0;181;113m[38;2;129;129;129m▄[48;2;129;129;129m[38;2;127;127;127m▝[48;2;127;127;127m[38;2;129;129;129m▃ [48;2;101;101;101m[38;2;127;127;127m▃▂       [48;2;101;101;101m[38;2;0;147;0m▂▅[48;2;0;147;0m[38;2;0;0;0m [48;2;0;147;0m[38;2;0;116;0m▅[48;2;0;71;71m[38;2;0;116;0m▌[48;2;0;0;181m[38;2;0;0;0m [48;2;0;0;181m[38;2;0;0;252m▗[48;2;0;0;181m[38;2;0;0;116m▁[48;2;0;0;181m[38;2;0;0;71m▅[48;2;0;0;0m[38;2;0;39;71m▃[48;2;0;0;71m[38;2;0;39;71m▘ [48;2;0;0;116m[38;2;0;0;0m [48;2;0;0;181m[38;2;0;0;0m  [48;2;0;0;181m[38;2;0;0;116m▂[48;2;0;0;116m[38;2;255;255;255m▗▖[48;2;0;0;252m[38;2;0;0;116m▘[48;2;255;255;255m[38;2;0;0;181m▌[48;2;0;0;71m[38;2;0;0;0m [48;2;0;0;71m[38;2;0;0;116m▗[48;2;255;255;255m[38;2;0;0;116m▌▐▊▐[48;2;0;0;181m[38;2;255;255;255m▝▜▎▝[48;2;0;0;71m[38;2;255;255;255m▘ [48;2;116;58;0m[38;2;54;54;54m▂     [0m
[48;2;0;39;71m[38;2;0;0;71m▅[48;2;0;0;71m[38;2;0;0;0m [48;2;255;0;255m[38;2;0;99;181m▆[48;2;255;0;255m[38;2;0;0;116m▂ [48;2;156;0;156m[38;2;255;0;255m▆[48;2;71;0;71m[38;2;181;0;181m▆[48;2;71;0;0m[38;2;156;0;156m▆[48;2;116;58;0m[38;2;116;0;116m▆[48;2;127;0;0m[38;2;116;0;116m▅[48;2;181;99;0m[38;2;181;0;107m▖  [48;2;116;58;0m[38;2;0;0;0m [48;2;116;0;116m[38;2;116;58;0m▅[48;2;75;0;116m[38;2;0;0;181m▝[48;2;0;0;181m[38;2;0;0;71m▂  [48;2;0;0;116m[38;2;0;0;181m▆▄▃▁[48;2;0;0;71m[38;2;0;0;116m▆▅▃   [48;2;0;0;71m[38;2;0;147;0m▝[48;2;0;147;0m[38;2;0;0;71m▁[48;2;127;127;127m[38;2;0;147;0m▅▃▂▂▂[48;2;101;101;101m[38;2;0;147;0m▃▃[48;2;101;101;101m[38;2;0;116;0m▅▆▆[48;2;0;116;0m[38;2;0;71;0m▁▃▅▆▌ [48;2;0;0;181m[38;2;0;71;44m▅[48;2;0;0;181m[38;2;0;39;71m▄[48;2;0;39;71m[38;2;0;0;0m [48;2;0;39;71m[38;2;0;0;71m▅[48;2;0;0;71m[38;2;0;0;0m [48;2;0;0;71m[38;2;0;0;116m▁[48;2;0;0;116m[38;2;255;255;255m▗[48;2;0;0;181m[38;2;255;255;255m▄▆[48;2;255;255;255m[38;2;0;0;71m▅▟▊[48;2;0;0;181m[38;2;255;255;255m▌[48;2;0;0;252m[38;2;0;0;0m [48;2;255;255;255m[38;2;0;0;181m▎[48;2;0;0;71m[38;2;255;255;255m▎[48;2;0;0;116m[38;2;0;0;0m [48;2;255;255;255m[38;2;0;0;116m▊[48;2;0;0;181m[38;2;255;255;255m▌ [48;2;255;255;255m[38;2;0;0;181m▂[48;2;0;0;181m[38;2;0;0;71m▁▃▆[48;2;0;0;71m[38;2;0;0;0m [48;2;0;0;71m[38;2;156;0;156m▗[48;2;71;0;71m[38;2;116;0;116m▄[48;2;54;54;54m[38;2;0;0;0m [48;2;116;58;0m[38;2;54;54;54m▅ [48;2;116;58;0m[38;2;71;33;0m▁▁▃[0m
[48;2;0;0;71m[38;2;0;116;0m▂[48;2;0;39;71m[38;2;0;71;44m▃ [48;2;0;0;71m[38;2;0;0;0m  [48;2;255;0;255m[38;2;0;0;71m▅[48;2;181;0;181m[38;2;0;0;71m▁ [48;2;156;0;156m[38;2;181;0;181m▖[48;2;116;0;116m[38;2;0;0;0m [48;2;116;58;0m[38;2;116;0;116m▘[48;2;181;99;0m[38;2;0;0;0m [48;2;181;99;0m[38;2;71;33;0m▅[48;2;181;99;0m[38;2;54;54;54m▅[48;2;116;58;0m[38;2;54;54;54m▅▇[48;2;71;33;0m[38;2;19;19;19m▝[48;2;0;0;71m[38;2;0;0;0m [48;2;0;0;181m[38;2;0;0;71m▇▆▃[48;2;0;0;181m[38;2;0;0;116m▂▁  [48;2;0;0;116m[38;2;0;0;181m▆▅▅▄▄▄▃▃[48;2;0;71;0m[38;2;0;0;181m▃[48;2;0;116;0m[38;2;0;71;0m▆▬▅▅▆▇[48;2;0;71;0m[38;2;0;0;0m    [48;2;0;71;0m[38;2;255;255;255m▁ [48;2;0;116;0m[38;2;0;0;0m  [48;2;0;39;71m[38;2;0;71;0m▖[48;2;0;0;71m[38;2;0;0;0m [48;2;255;255;255m[38;2;0;0;71m▌[48;2;0;0;71m[38;2;255;255;255m▇[48;2;0;0;181m[38;2;0;0;0m [48;2;0;0;181m[38;2;0;0;116m▂[48;2;0;0;181m[38;2;0;0;71m▅[48;2;255;255;255m[38;2;0;0;71m▌▐[48;2;0;0;71m[38;2;0;0;0m [48;2;0;0;71m[38;2;0;0;181m▅[48;2;255;255;255m[38;2;0;0;0m [48;2;0;0;181m[38;2;0;0;0m [48;2;0;0;116m[38;2;255;255;255m▝[48;2;255;255;255m[38;2;0;0;181m▂[48;2;0;0;181m[38;2;255;255;255m▬[48;2;255;255;255m[38;2;0;0;181m▃[48;2;0;0;181m[38;2;0;0;0m [48;2;0;0;181m[38;2;0;0;71m▃▅[48;2;0;0;71m[38;2;0;0;0m  [48;2;0;0;71m[38;2;71;0;71m▗[48;2;46;0;71m[38;2;156;0;156m▅[48;2;156;0;156m[38;2;0;0;0m [48;2;116;0;116m[38;2;156;0;156m▘[48;2;71;0;71m[38;2;116;0;116m▇[48;2;54;54;54m[38;2;116;0;116m▃ [48;2;71;33;0m[38;2;0;0;116m▅▆▇[0m
[48;2;0;252;0m[38;2;156;255;219m▁[48;2;0;252;0m[38;2;156;255;156m▁[48;2;0;116;0m[38;2;0;181;0m▄[48;2;0;71;71m[38;2;0;147;0m▁[48;2;0;0;71m[38;2;0;0;0m [48;2;0;0;71m[38;2;0;0;116m▁▁[48;2;116;0;116m[38;2;0;0;71m▇▆[48;2;116;0;0m[38;2;0;0;71m▅[48;2;116;58;0m[38;2;0;0;71m▖[48;2;71;33;0m[38;2;116;58;0m▌[48;2;54;54;54m[38;2;71;33;0m▘ [48;2;54;54;54m[38;2;255;0;255m▃[48;2;71;0;42m[38;2;255;0;255m▄[48;2;71;0;42m[38;2;156;0;156m▄[48;2;0;0;71m[38;2;255;255;255m▁      [48;2;0;0;181m[38;2;0;0;71m▇▆[48;2;0;0;252m[38;2;0;0;71m▅▅▅▅▅[48;2;0;0;181m[38;2;255;255;255m▃[48;2;0;0;252m[38;2;0;0;71m▄▄[48;2;0;0;252m[38;2;255;255;255m▄[48;2;0;116;0m[38;2;255;255;255m▅[48;2;0;71;0m[38;2;255;255;255m▬▄  [48;2;255;255;255m[38;2;0;71;0m▊▐[48;2;0;71;0m[38;2;0;0;0m  [48;2;255;255;255m[38;2;0;0;0m [48;2;0;71;0m[38;2;255;255;255m▎[48;2;0;116;0m[38;2;0;71;0m▆  [48;2;0;0;116m[38;2;0;71;44m▎[48;2;0;0;116m[38;2;255;255;255m▌▝[48;2;255;255;255m[38;2;0;0;0m [48;2;0;0;71m[38;2;0;0;0m  [48;2;255;255;255m[38;2;0;0;71m▊▐[48;2;0;0;181m[38;2;0;0;116m▌[48;2;0;0;252m[38;2;0;0;181m▌[48;2;255;255;255m[38;2;0;0;255m▌[48;2;0;0;116m[38;2;255;255;255m▎[48;2;0;0;181m[38;2;0;0;116m▘[48;2;0;0;181m[38;2;0;0;71m▁▄▆[48;2;0;0;71m[38;2;0;0;0m    [48;2;0;0;71m[38;2;156;0;156m▃[48;2;156;0;156m[38;2;0;0;0m [48;2;156;0;156m[38;2;116;0;116m▃[48;2;116;0;116m[38;2;0;0;0m   [48;2;75;0;116m[38;2;0;0;116m▗[48;2;0;0;116m[38;2;0;0;181m ▂▃▄[0m
[48;2;255;255;255m[38;2;0;0;0m [48;2;156;255;156m[38;2;156;255;219m▌[48;2;0;252;0m[38;2;0;0;0m [48;2;0;116;0m[38;2;0;181;0m▌[48;2;0;0;116m[38;2;0;71;44m▌ [48;2;255;255;255m[38;2;0;0;0m [48;2;0;0;116m[38;2;255;255;255m▌ [48;2;0;0;116m[38;2;0;0;71m▗[48;2;255;255;255m[38;2;0;0;0m [48;2;0;0;116m[38;2;255;255;255m▖ [48;2;255;255;255m[38;2;0;0;0m [48;2;255;0;255m[38;2;0;0;116m▂ [48;2;255;255;255m[38;2;0;0;0m [48;2;255;255;255m[38;2;181;0;181m▅[48;2;255;255;255m[38;2;116;0;116m▅[48;2;0;0;71m[38;2;255;255;255m▆▖   ▝▙[48;2;0;0;71m[38;2;0;0;0m [48;2;0;0;71m[38;2;255;255;255m▝[48;2;255;255;255m[38;2;0;0;0m [48;2;0;0;71m[38;2;0;0;0m  [48;2;255;255;255m[38;2;0;0;71m▖▐[48;2;0;0;71m[38;2;255;255;255m ▐▙[48;2;0;116;0m[38;2;255;255;255m▂[48;2;255;255;255m[38;2;0;71;0m▘▐[48;2;0;71;0m[38;2;0;0;0m  [48;2;255;255;255m[38;2;0;0;0m [48;2;0;71;0m[38;2;255;255;255m▎ ▐▌ [48;2;0;71;0m[38;2;0;116;0m▝[48;2;0;116;0m[38;2;0;0;0m [48;2;255;255;255m[38;2;0;116;0m▌[48;2;255;255;255m[38;2;0;0;71m▗▅▅ [48;2;0;0;71m[38;2;0;0;116m▃[48;2;0;0;116m[38;2;0;0;181m▂[48;2;255;255;255m[38;2;0;0;181m▅[48;2;0;0;252m[38;2;0;0;181m▊[48;2;0;0;255m[38;2;0;0;252m▅[48;2;0;0;181m[38;2;0;0;252m▌[48;2;0;0;116m[38;2;0;0;71m▅[48;2;0;0;181m[38;2;0;0;71m▆[48;2;0;0;71m[38;2;0;0;0m     [48;2;0;0;71m[38;2;75;0;116m▗[48;2;46;0;71m[38;2;156;0;156m▇[48;2;156;0;156m[38;2;116;0;116m▂[48;2;116;0;116m[38;2;0;0;0m   [48;2;116;0;116m[38;2;75;0;116m▗[48;2;75;0;116m[38;2;0;0;181m▅[48;2;0;0;116m[38;2;0;0;181m▆[48;2;0;0;181m[38;2;0;0;0m    [0m
[48;2;156;255;219m[38;2;0;255;0m▃[48;2;0;255;0m[38;2;156;255;156m▘[48;2;0;252;0m[38;2;0;147;0m▗[48;2;0;116;73m[38;2;0;0;181m▁[48;2;0;0;181m[38;2;0;0;0m [48;2;255;255;255m[38;2;0;0;116m▊▐▌▜[48;2;0;0;116m[38;2;0;0;0m [48;2;255;255;255m[38;2;0;0;116m▌▅▛[48;2;255;255;255m[38;2;0;0;0m [48;2;0;0;116m[38;2;255;255;255m▎[48;2;156;0;156m[38;2;0;0;181m▆[48;2;255;255;255m[38;2;0;0;0m [48;2;255;0;255m[38;2;255;255;255m▎ [48;2;255;255;255m[38;2;116;0;116m▊[48;2;116;0;116m[38;2;255;255;255m▊[48;2;0;0;116m[38;2;116;0;116m▅▁[48;2;0;0;116m[38;2;0;0;181m▁▁[48;2;255;255;255m[38;2;0;0;116m▌▝[48;2;0;0;116m[38;2;0;0;0m [48;2;0;0;116m[38;2;255;255;255m▝▙[48;2;0;0;116m[38;2;0;0;181m▁▂[48;2;255;255;255m[38;2;0;0;0m [48;2;0;0;116m[38;2;255;255;255m▖[48;2;0;0;116m[38;2;0;0;181m▂[48;2;255;255;255m[38;2;0;0;0m [48;2;0;0;116m[38;2;255;255;255m▌[48;2;0;71;0m[38;2;0;116;0m▚[48;2;255;255;255m[38;2;0;71;0m▌▐[48;2;0;71;0m[38;2;255;255;255m ▐▌  [48;2;255;255;255m[38;2;0;71;0m▂[48;2;0;71;0m[38;2;255;255;255m▬▬ [48;2;0;116;0m[38;2;255;255;255m▝▘[48;2;0;0;71m[38;2;0;71;44m▌[48;2;0;0;116m[38;2;0;0;181m▃▃[48;2;0;0;181m[38;2;0;0;252m▃ [48;2;0;0;116m[38;2;0;0;181m▗[48;2;0;0;252m[38;2;0;0;181m▘ [48;2;0;0;116m[38;2;0;0;181m▌[48;2;0;0;71m[38;2;0;0;0m  [48;2;0;0;71m[38;2;0;0;116m▁▃▅▆[48;2;116;0;116m[38;2;0;0;116m▘[48;2;156;0;156m[38;2;116;0;116m▃[48;2;116;0;116m[38;2;0;0;0m    [48;2;116;0;116m[38;2;75;0;116m▗[48;2;0;0;181m[38;2;75;0;116m▘  [48;2;0;0;181m[38;2;0;0;252m ▃▆[48;2;0;0;252m[38;2;0;0;0m [0m
[48;2;0;147;0m[38;2;0;0;252m▅[48;2;0;116;0m[38;2;0;0;252m▅[48;2;0;71;71m[38;2;0;0;252m▆[48;2;0;0;181m[38;2;0;0;252m▅▄[48;2;255;255;255m[38;2;0;0;181m▌▆▆▖▜▌▐[48;2;0;0;181m[38;2;255;255;255m ▜▌ ▐[48;2;255;255;255m[38;2;181;0;181m▝[48;2;181;0;181m[38;2;255;255;255m▂▟▘[48;2;116;0;116m[38;2;156;0;156m▅ [48;2;0;0;181m[38;2;116;0;116m▆[48;2;0;0;181m[38;2;255;255;255m▗▃[48;2;255;255;255m[38;2;0;0;181m▁[48;2;0;0;181m[38;2;0;0;0m  [48;2;255;255;255m[38;2;0;0;181m▄[48;2;0;0;181m[38;2;255;255;255m▬▬[48;2;255;255;255m[38;2;0;0;116m▃▟[48;2;0;0;181m[38;2;0;0;116m▅[48;2;0;0;116m[38;2;255;255;255m▝[48;2;255;255;255m[38;2;0;0;116m▅[48;2;255;255;255m[38;2;0;71;0m▅[48;2;255;255;255m[38;2;0;116;0m▆[48;2;0;71;0m[38;2;0;0;0m          [48;2;0;71;0m[38;2;0;116;0m▝[48;2;0;116;0m[38;2;0;0;0m [48;2;0;116;0m[38;2;0;71;0m▝[48;2;0;0;181m[38;2;0;71;44m▅[48;2;0;0;252m[38;2;0;0;0m▅[48;2;0;0;181m[38;2;0;39;71m▆[48;2;0;0;71m[38;2;0;0;116m▌[48;2;0;0;252m[38;2;0;0;181m▌[48;2;0;0;255m[38;2;0;0;252m▅[48;2;0;0;181m[38;2;0;0;252m▌[48;2;0;0;71m[38;2;0;0;116m▚▃▆[48;2;0;0;116m[38;2;0;0;0m  [48;2;0;0;116m[38;2;75;0;116m▄[48;2;116;0;116m[38;2;0;0;0m [48;2;156;0;156m[38;2;116;0;116m▆[48;2;116;0;116m[38;2;0;0;0m    [48;2;75;0;116m[38;2;0;0;181m▂[48;2;0;0;181m[38;2;0;0;0m [48;2;0;0;181m[38;2;0;0;252m▃▅▆[48;2;0;0;252m[38;2;0;0;71m▁▂▅[48;2;0;0;71m[38;2;0;0;0m [0m
[48;2;0;0;252m[38;2;0;0;181m▅▅▆▆▅[48;2;0;0;181m[38;2;0;0;252m▅▄            [48;2;181;0;181m[38;2;0;0;181m▅  [48;2;116;0;116m[38;2;181;0;181m▙   [48;2;0;0;181m[38;2;116;0;116m▙▃        [48;2;0;0;181m[38;2;0;0;116m▅[48;2;0;71;0m[38;2;0;116;0m ▐[48;2;0;116;0m[38;2;255;255;255m [48;2;0;71;0m[38;2;0;0;0m          [48;2;0;71;0m[38;2;0;116;0m▝[48;2;0;116;0m[38;2;0;0;0m [48;2;0;116;0m[38;2;0;71;0m▝[48;2;0;0;181m[38;2;0;71;44m▅[48;2;0;0;71m[38;2;0;0;116m▌[48;2;0;0;252m[38;2;0;0;181m▌[48;2;0;0;255m[38;2;0;0;252m▅[48;2;0;0;181m[38;2;0;0;252m▌[48;2;0;0;71m[38;2;0;0;116m▚▃▆[48;2;0;0;116m[38;2;0;0;0m [48;2;0;0;116m[38;2;75;0;116m▄[48;2;116;0;116m[38;2;0;0;0m [48;2;156;0;156m[38;2;116;0;116m▆[48;2;116;0;116m[38;2;0;0;0m    [48;2;75;0;116m[38;2;0;0;181m▂[48;2;0;0;181m[38;2;0;0;0m [48;2;0;0;181m[38;2;0;0;252m▅▆[48;2;0;0;252m[38;2;0;0;71m▁▂▅[48;2;0;0;71m[38;2;0;0;0m    [0m
