[38;2;129;129;129m[48;2;0;0;71m╭[38;2;129;129;129m[48;2;0;0;71m─[38;2;129;129;129m[48;2;19;19;19m[38;2;129;129;129m[48;2;19;19;19m[38;2;129;129;129m[48;2;19;19;19m[38;2;129;129;129m[48;2;19;19;19m[38;2;129;129;129m[48;2;19;19;19m[38;2;129;129;129m[48;2;0;0;71m [38;2;129;129;129m[48;2;0;0;71m─[38;2;129;129;129m[48;2;0;0;71m─[38;2;129;129;129m[48;2;0;0;71m─[38;2;129;129;129m[48;2;0;0;71m─[38;2;129;129;129m[48;2;0;0;71m─[38;2;129;129;129m[48;2;0;0;71m─[38;2;129;129;129m[48;2;0;0;71m─[38;2;129;129;129m[48;2;0;0;71m─[38;2;129;129;129m[48;2;0;0;71m─[38;2;129;129;129m[48;2;0;0;71m─[38;2;129;129;129m[48;2;0;0;71m─[38;2;129;129;129m[48;2;0;0;71m─[38;2;129;129;129m[48;2;0;0;71m─[38;2;129;129;129m[48;2;0;0;71m─[38;2;129;129;129m[48;2;0;0;71m─[38;2;129;129;129m[48;2;0;0;71m─[38;2;129;129;129m[48;2;0;0;71m─[38;2;129;129;129m[48;2;0;0;71m─[38;2;129;129;129m[48;2;0;0;71m─[38;2;129;129;129m[48;2;0;0;71m─[38;2;129;129;129m[48;2;0;0;71m─[38;2;129;129;129m[48;2;0;0;71m─[38;2;129;129;129m[48;2;0;0;71m─[38;2;129;129;129m[48;2;0;0;71m─[38;2;129;129;129m[48;2;0;0;71m─[38;2;129;129;129m[48;2;0;0;71m─[38;2;129;129;129m[48;2;0;0;71m─[38;2;129;129;129m[48;2;0;0;71m─[38;2;129;129;129m[48;2;0;0;71m─[38;2;129;129;129m[48;2;0;0;71m─[38;2;129;129;129m[48;2;0;0;71m─[38;2;129;129;129m[48;2;0;0;71m─[38;2;129;129;129m[48;2;0;0;71m─[38;2;129;129;129m[48;2;0;0;71m─[38;2;129;129;129m[48;2;0;0;71m─[38;2;129;129;129m[48;2;0;0;71m─[38;2;129;129;129m[48;2;0;0;71m─[38;2;129;129;129m[48;2;0;0;71m─[38;2;129;129;129m[48;2;0;0;71m─[38;2;129;129;129m[48;2;0;0;71m─[38;2;129;129;129m[48;2;0;0;71m─[38;2;129;129;129m[48;2;0;0;71m [38;2;129;129;129m[48;2;19;19;19m`[38;2;129;129;129m[48;2;19;19;19m╗[38;2;129;129;129m[48;2;19;19;19m/[38;2;129;129;129m[48;2;19;19;19m=[38;2;129;129;129m[48;2;19;19;19m~[38;2;129;129;129m[48;2;19;19;19m-[38;2;129;129;129m[48;2;19;19;19m [38;2;129;129;129m[48;2;0;0;71m─[38;2;129;129;129m[48;2;0;0;71m╮[0m
[38;2;129;129;129m[48;2;0;0;71m│[38;2;129;129;129m[48;2;0;0;71m [38;2;159;159;159m[48;2;19;19;19m=[38;2;159;159;159m[48;2;19;19;19m_[38;2;159;159;159m[48;2;19;19;19m▭[38;2;159;159;159m[48;2;19;19;19m^[38;2;159;159;159m[48;2;19;19;19m▭[38;2;159;159;159m[48;2;19;19;19m'[38;2;159;159;159m[48;2;0;0;71m [38;2;159;159;159m[48;2;0;0;71m [38;2;159;159;159m[48;2;0;0;71m [38;2;159;159;159m[48;2;0;0;71mA[38;2;159;159;159m[48;2;0;0;71mr[38;2;159;159;159m[48;2;0;0;71mc[38;2;159;159;159m[48;2;0;0;71mh[38;2;159;159;159m[48;2;0;0;71mD[38;2;159;159;159m[48;2;0;0;71mu[38;2;159;159;159m[48;2;0;0;71mk[38;2;159;159;159m[48;2;0;0;71me[38;2;159;159;159m[48;2;0;0;71m [38;2;159;159;159m[48;2;0;0;71m [38;2;159;159;159m[48;2;0;0;71m [38;2;159;159;159m[48;2;0;0;71m [38;2;159;159;159m[48;2;0;0;71m [38;2;159;159;159m[48;2;0;0;71m [38;2;159;159;159m[48;2;0;0;71m [38;2;159;159;159m[48;2;0;0;71m←[38;2;159;159;159m[48;2;0;0;71m─[38;2;129;129;129m[48;2;0;0;71m [38;2;129;129;129m[48;2;0;0;71m|[38;2;129;129;129m[48;2;0;0;71m [38;2;159;159;159m[48;2;0;0;71m─[38;2;159;159;159m[48;2;0;0;71m→[38;2;159;159;159m[48;2;0;0;71m [38;2;159;159;159m[48;2;0;0;71m [38;2;159;159;159m[48;2;0;0;71m [38;2;159;159;159m[48;2;0;0;71m [38;2;159;159;159m[48;2;0;0;71m [38;2;159;159;159m[48;2;0;0;71m [38;2;159;159;159m[48;2;0;0;71m [38;2;159;159;159m[48;2;0;0;71m [38;2;159;159;159m[48;2;0;0;71m [38;2;159;159;159m[48;2;0;0;71mC[38;2;159;159;159m[48;2;0;0;71ml[38;2;159;159;159m[48;2;0;0;71me[38;2;159;159;159m[48;2;0;0;71mt[38;2;159;159;159m[48;2;0;0;71mu[38;2;159;159;159m[48;2;0;0;71ms[38;2;159;159;159m[48;2;0;0;71m [38;2;159;159;159m[48;2;0;0;71m [38;2;129;129;129m[48;2;19;19;19m◊[38;2;101;101;101m[48;2;19;19;19m[38;2;159;159;159m[48;2;19;19;19m◯[38;2;159;159;159m[48;2;19;19;19m [38;2;159;159;159m[48;2;19;19;19m/[38;2;159;159;159m[48;2;19;19;19m=[38;2;129;129;129m[48;2;0;0;71m~[38;2;129;129;129m[48;2;0;0;71m [38;2;129;129;129m[48;2;0;0;71m│[0m
[38;2;129;129;129m[48;2;0;0;71m│[38;2;129;129;129m[48;2;0;0;71m [38;2;159;159;159m[48;2;19;19;19mC[38;2;159;159;159m[48;2;19;19;19m [38;2;159;159;159m[48;2;19;19;19m [38;2;159;159;159m[48;2;19;19;19m╰[38;2;159;159;159m[48;2;19;19;19m [38;2;159;159;159m[48;2;19;19;19m)[38;2;159;159;159m[48;2;0;0;71m [38;2;159;159;159m[48;2;0;0;71m [38;2;159;159;159m[48;2;0;0;71m [38;2;159;159;159m[48;2;0;0;71m┏[38;2;159;159;159m[48;2;0;0;71m━[38;2;159;159;159m[48;2;0;0;71m┓[38;2;159;159;159m[48;2;0;0;71m [38;2;159;159;159m[48;2;0;0;71m [38;2;159;159;159m[48;2;0;0;71m [38;2;159;159;159m[48;2;0;0;71m [38;2;159;159;159m[48;2;0;0;71m [38;2;159;159;159m[48;2;0;0;71m [38;2;159;159;159m[48;2;0;0;71m [38;2;159;159;159m[48;2;0;0;71m [38;2;159;159;159m[48;2;0;0;71m [38;2;159;159;159m[48;2;0;0;71m [38;2;159;159;159m[48;2;0;0;71m [38;2;159;159;159m[48;2;0;0;71m [38;2;159;159;159m[48;2;0;0;71m [38;2;101;101;101m[48;2;0;0;71m [38;2;101;101;101m[48;2;0;0;71m [38;2;101;101;101m[48;2;0;0;71m [38;2;101;101;101m[48;2;0;0;71m [38;2;101;101;101m[48;2;0;0;71m [38;2;101;101;101m[48;2;0;0;71m [38;2;101;101;101m[48;2;0;0;71m [38;2;101;101;101m[48;2;0;0;71m [38;2;101;101;101m[48;2;0;0;71m [38;2;101;101;101m[48;2;0;0;71m [38;2;101;101;101m[48;2;0;0;71m [38;2;159;159;159m[48;2;0;0;71m [38;2;159;159;159m[48;2;0;0;71m [38;2;159;159;159m[48;2;0;0;71m [38;2;159;159;159m[48;2;0;0;71m [38;2;159;159;159m[48;2;0;0;71m [38;2;159;159;159m[48;2;0;0;71m [38;2;159;159;159m[48;2;0;0;71m╻[38;2;159;159;159m[48;2;0;0;71m [38;2;159;159;159m[48;2;0;0;71m╻[38;2;159;159;159m[48;2;0;0;71m [38;2;159;159;159m[48;2;0;0;71m [38;2;159;159;159m[48;2;0;0;71m [38;2;159;159;159m[48;2;40;40;40md[38;2;159;159;159m[48;2;40;40;40mb[38;2;159;159;159m[48;2;40;40;40m_[38;2;101;101;101m[48;2;19;19;19m_[38;2;101;101;101m[48;2;19;19;19m╮[38;2;159;159;159m[48;2;19;19;19m)[38;2;129;129;129m[48;2;0;0;71m [38;2;129;129;129m[48;2;0;0;71m [38;2;129;129;129m[48;2;0;0;71m│[0m
[38;2;129;129;129m[48;2;0;0;71m│[38;2;129;129;129m[48;2;0;0;71m [38;2;129;129;129m[48;2;0;0;71m [38;2;129;129;129m[48;2;19;19;19m [38;2;129;129;129m[48;2;19;19;19m[38;2;129;129;129m[48;2;19;19;19m[38;2;129;129;129m[48;2;19;19;19m [38;2;159;159;159m[48;2;0;0;71m [38;2;159;159;159m[48;2;0;0;71m [38;2;159;159;159m[48;2;0;0;71m [38;2;159;159;159m[48;2;0;0;71m [38;2;159;159;159m[48;2;0;0;71m┃[38;2;159;159;159m[48;2;0;0;71m [38;2;159;159;159m[48;2;0;0;71m┃[38;2;159;159;159m[48;2;0;0;71m [38;2;159;159;159m[48;2;0;0;71m [38;2;159;159;159m[48;2;0;0;71m [38;2;159;159;159m[48;2;0;0;71m [38;2;159;159;159m[48;2;0;0;71m [38;2;19;19;19m[48;2;0;0;71m┄[38;2;40;40;40m[48;2;0;0;71m┄[38;2;40;40;40m[48;2;0;0;71m┄[38;2;54;54;54m[48;2;0;0;71m┄[38;2;159;159;159m[48;2;0;0;71m◖[38;2;0;0;0m[48;2;159;159;159md[38;2;0;0;0m[48;2;159;159;159m8[38;2;159;159;159m[48;2;0;0;0m[38;2;129;129;129m[48;2;0;0;0m◖[38;2;0;0;0m[48;2;129;129;129me[38;2;0;0;0m[48;2;129;129;129m-[38;2;0;0;0m[48;2;129;129;129m9[38;2;129;129;129m[48;2;0;0;0m◗[38;2;159;159;159m[48;2;0;0;0m[38;2;0;0;0m[48;2;159;159;159mf[38;2;0;0;0m[48;2;159;159;159m8[38;2;159;159;159m[48;2;0;0;71m◗[38;2;159;159;159m[48;2;0;0;71m [38;2;159;159;159m[48;2;0;0;71m [38;2;159;159;159m[48;2;0;0;71m [38;2;159;159;159m[48;2;0;0;71m [38;2;159;159;159m[48;2;0;0;71m [38;2;159;159;159m[48;2;0;0;71m [38;2;159;159;159m[48;2;0;0;71m [38;2;159;159;159m[48;2;0;0;71m [38;2;159;159;159m[48;2;0;0;71m┗[38;2;159;159;159m[48;2;0;0;71m━[38;2;159;159;159m[48;2;0;0;71m┫[38;2;159;159;159m[48;2;0;0;71m [38;2;159;159;159m[48;2;0;0;71m [38;2;159;159;159m[48;2;0;0;71m [38;2;159;159;159m[48;2;0;0;71m`[38;2;129;129;129m[48;2;19;19;19m[38;2;129;129;129m[48;2;19;19;19m[38;2;77;77;77m[48;2;0;0;0m[38;2;77;77;77m[48;2;0;0;0m[38;2;101;101;101m[48;2;0;0;71m [38;2;129;129;129m[48;2;0;0;71m [38;2;129;129;129m[48;2;0;0;71m [38;2;129;129;129m[48;2;0;0;71m│[0m
[38;2;129;129;129m[48;2;0;0;71m│[38;2;129;129;129m[48;2;0;0;71m [38;2;129;129;129m[48;2;0;0;71m [38;2;101;101;101m[48;2;19;19;19m⮞[38;2;101;101;101m[48;2;19;19;19m [38;2;101;101;101m[48;2;0;0;71m[38;2;101;101;101m[48;2;0;0;71m [38;2;101;101;101m[48;2;0;0;71m [38;2;101;101;101m[48;2;0;0;71m [38;2;101;101;101m[48;2;0;0;71m [38;2;101;101;101m[48;2;0;0;71m [38;2;129;129;129m[48;2;0;0;71m┗[38;2;129;129;129m[48;2;0;0;71m━[38;2;129;129;129m[48;2;0;0;71m┛[38;2;129;129;129m[48;2;0;0;71m [38;2;129;129;129m[48;2;0;0;71m [38;2;129;129;129m[48;2;0;0;71m [38;2;129;129;129m[48;2;0;0;71m [38;2;129;129;129m[48;2;0;0;71m [38;2;54;54;54m[48;2;0;0;71m┄[38;2;129;129;129m[48;2;0;0;71m◖[38;2;0;0;0m[48;2;129;129;129mc[38;2;0;0;0m[48;2;129;129;129m7[38;2;129;129;129m[48;2;19;19;19m[38;2;40;40;40m[48;2;0;0;0m [38;2;40;40;40m[48;2;0;0;0m [38;2;40;40;40m[48;2;0;0;0m│[38;2;40;40;40m[48;2;0;0;0m╲[38;2;40;40;40m[48;2;0;0;0m [38;2;19;19;19m[48;2;0;0;0m╵[38;2;19;19;19m[48;2;0;0;0m [38;2;40;40;40m[48;2;0;0;0m╱[38;2;40;40;40m[48;2;0;0;0m│[38;2;40;40;40m[48;2;0;0;0m [38;2;40;40;40m[48;2;0;0;0m [38;2;129;129;129m[48;2;0;0;0m[38;2;0;0;0m[48;2;129;129;129mg[38;2;0;0;0m[48;2;129;129;129m7[38;2;129;129;129m[48;2;0;0;71m◗[38;2;129;129;129m[48;2;0;0;71m [38;2;129;129;129m[48;2;0;0;71m [38;2;129;129;129m[48;2;0;0;71m [38;2;129;129;129m[48;2;0;0;71m [38;2;129;129;129m[48;2;0;0;71m [38;2;129;129;129m[48;2;0;0;71m [38;2;129;129;129m[48;2;0;0;71m [38;2;129;129;129m[48;2;0;0;71m╹[38;2;129;129;129m[48;2;0;0;71m [38;2;129;129;129m[48;2;0;0;71m [38;2;40;40;40m[48;2;0;0;71m[38;2;19;19;19m[48;2;40;40;40m[38;2;19;19;19m[48;2;40;40;40m[38;2;19;19;19m[48;2;40;40;40m [38;2;19;19;19m[48;2;40;40;40m [38;2;77;77;77m[48;2;40;40;40m▀[38;2;77;77;77m[48;2;40;40;40m[38;2;77;77;77m[48;2;0;0;71m[38;2;129;129;129m[48;2;0;0;71m [38;2;129;129;129m[48;2;0;0;71m│[0m
[38;2;129;129;129m[48;2;0;0;71m│[38;2;129;129;129m[48;2;0;0;71m [38;2;129;129;129m[48;2;0;0;71m[38;2;40;40;40m[48;2;101;101;101m[38;2;40;40;40m[48;2;101;101;101m[38;2;0;0;71m[48;2;101;101;101m[38;2;101;101;101m[48;2;0;0;71m[38;2;101;101;101m[48;2;0;0;71m [38;2;101;101;101m[48;2;0;0;71m [38;2;101;101;101m[48;2;0;0;71m [38;2;101;101;101m[48;2;0;0;71m [38;2;101;101;101m[48;2;0;0;71m [38;2;101;101;101m[48;2;0;0;71m [38;2;19;19;19m[48;2;0;0;71m┄[38;2;19;19;19m[48;2;0;0;71m┄[38;2;40;40;40m[48;2;0;0;71m┄[38;2;40;40;40m[48;2;0;0;71m┄[38;2;159;159;159m[48;2;0;0;71m◖[38;2;0;0;0m[48;2;159;159;159mb[38;2;0;0;0m[48;2;159;159;159m6[38;2;159;159;159m[48;2;0;0;0m[38;2;40;40;40m[48;2;0;0;0m [38;2;40;40;40m[48;2;0;0;0m [38;2;40;40;40m[48;2;0;0;0m│[38;2;40;40;40m[48;2;0;0;0m╲[38;2;40;40;40m[48;2;0;0;0m [38;2;19;19;19m[48;2;0;0;0m╵[38;2;19;19;19m[48;2;0;0;0m [38;2;77;77;77m[48;2;0;0;0m([38;2;77;77;77m[48;2;0;0;0m_[38;2;77;77;77m[48;2;0;0;0m)[38;2;77;77;77m[48;2;0;0;0m [38;2;19;19;19m[48;2;0;0;0m╵[38;2;19;19;19m[48;2;0;0;0m [38;2;40;40;40m[48;2;0;0;0m╱[38;2;40;40;40m[48;2;0;0;0m│[38;2;40;40;40m[48;2;0;0;0m [38;2;40;40;40m[48;2;0;0;0m [38;2;159;159;159m[48;2;0;0;0m[38;2;0;0;0m[48;2;159;159;159mh[38;2;0;0;0m[48;2;159;159;159m6[38;2;159;159;159m[48;2;19;19;19m◗[38;2;54;54;54m[48;2;0;0;71m┄[38;2;40;40;40m[48;2;0;0;71m┄[38;2;40;40;40m[48;2;0;0;71m [38;2;40;40;40m[48;2;0;0;71m [38;2;40;40;40m[48;2;0;0;71m [38;2;40;40;40m[48;2;0;0;71m [38;2;40;40;40m[48;2;0;0;71m [38;2;19;19;19m[48;2;40;40;40m [38;2;19;19;19m[48;2;40;40;40m [38;2;19;19;19m[48;2;40;40;40m⛊[38;2;19;19;19m[48;2;40;40;40m [38;2;19;19;19m[48;2;40;40;40m [38;2;19;19;19m[48;2;40;40;40m [38;2;19;19;19m[48;2;40;40;40m [38;2;19;19;19m[48;2;40;40;40m [38;2;129;129;129m[48;2;0;0;71m [38;2;129;129;129m[48;2;0;0;71m│[0m
[38;2;129;129;129m[48;2;0;0;71m│[38;2;129;129;129m[48;2;0;0;71m [38;2;129;129;129m[48;2;0;0;71m [38;2;129;129;129m[48;2;0;0;71m [38;2;129;129;129m[48;2;0;0;71m [38;2;19;19;19m[48;2;0;0;71m▁[38;2;19;19;19m[48;2;0;0;71m▃[38;2;19;19;19m[48;2;0;0;71m▃[38;2;19;19;19m[48;2;0;0;71m▄[38;2;19;19;19m[48;2;0;0;71m▄[38;2;19;19;19m[48;2;0;0;71m▄[38;2;19;19;19m[48;2;0;0;71m▄[38;2;19;19;19m[48;2;0;0;71m▅[38;2;19;19;19m[48;2;0;0;71m▅[38;2;19;19;19m[48;2;0;0;71m▅[38;2;19;19;19m[48;2;0;0;71m▅[38;2;19;19;19m[48;2;0;0;71m▅[38;2;19;19;19m[48;2;0;0;71m▅[38;2;40;40;40m[48;2;0;0;0m [38;2;40;40;40m[48;2;0;0;0m [38;2;40;40;40m[48;2;0;0;0m│[38;2;40;40;40m[48;2;0;0;0m╲[38;2;40;40;40m[48;2;0;0;0m [38;2;19;19;19m[48;2;0;0;0m╵[38;2;101;101;101m[48;2;0;0;0m [38;2;101;101;101m[48;2;0;0;0m([38;2;101;101;101m[48;2;0;0;0m_[38;2;101;101;101m[48;2;0;0;0m)[38;2;19;19;19m[48;2;0;0;0m[38;2;19;19;19m[48;2;0;0;0m│[38;2;19;19;19m[48;2;0;0;0m[38;2;101;101;101m[48;2;0;0;0m([38;2;101;101;101m[48;2;0;0;0m_[38;2;101;101;101m[48;2;0;0;0m)[38;2;101;101;101m[48;2;0;0;0m [38;2;19;19;19m[48;2;0;0;0m╵[38;2;19;19;19m[48;2;0;0;0m [38;2;40;40;40m[48;2;0;0;0m╱[38;2;40;40;40m[48;2;0;0;0m│[38;2;40;40;40m[48;2;0;0;0m [38;2;40;40;40m[48;2;0;0;0m [38;2;40;40;40m[48;2;0;0;0m [38;2;19;19;19m[48;2;0;0;71m▅[38;2;19;19;19m[48;2;0;0;71m▅[38;2;19;19;19m[48;2;0;0;71m▅[38;2;19;19;19m[48;2;0;0;71m▅[38;2;19;19;19m[48;2;0;0;71m▅[38;2;19;19;19m[48;2;0;0;71m▅[38;2;19;19;19m[48;2;0;0;71m▅[38;2;19;19;19m[48;2;0;0;71m▅[38;2;19;19;19m[48;2;0;0;71m▅[38;2;19;19;19m[48;2;0;0;71m▅[38;2;19;19;19m[48;2;0;0;71m▄[38;2;19;19;19m[48;2;0;0;71m▄[38;2;19;19;19m[48;2;0;0;71m▄[38;2;19;19;19m[48;2;0;0;71m▄[38;2;19;19;19m[48;2;0;0;71m▃[38;2;19;19;19m[48;2;0;0;71m▁[38;2;129;129;129m[48;2;0;0;71m│[0m
[38;2;129;129;129m[48;2;0;0;0m│[38;2;129;129;129m[48;2;19;19;19m [38;2;129;129;129m[48;2;19;19;19m [38;2;129;129;129m[48;2;19;19;19m [38;2;129;129;129m[48;2;19;19;19m [38;2;129;129;129m[48;2;19;19;19m [38;2;19;19;19m[48;2;19;19;19m┄[38;2;0;39;71m[48;2;19;19;19m┄[38;2;0;64;116m[48;2;19;19;19m┄[38;2;0;64;116m[48;2;19;19;19m┄[38;2;0;64;116m[48;2;19;19;19m┄[38;2;40;40;40m[48;2;19;19;19m┄[38;2;54;54;54m[48;2;19;19;19m┄[38;2;40;40;40m[48;2;19;19;19m─[38;2;129;129;129m[48;2;0;0;0m◖[38;2;0;0;0m[48;2;129;129;129ma[38;2;0;0;0m[48;2;129;129;129m5[38;2;0;0;0m[48;2;129;129;129m[38;2;54;54;54m[48;2;0;0;0m[38;2;54;54;54m[48;2;0;0;0m [38;2;19;19;19m[48;2;0;0;0m╵[38;2;19;19;19m[48;2;0;0;0m [38;2;101;101;101m[48;2;0;0;0m([38;2;101;101;101m[48;2;0;0;0m_[38;2;101;101;101m[48;2;0;0;0m)[38;2;19;19;19m[48;2;0;0;0m[38;2;19;19;19m[48;2;0;0;0m│[38;2;19;19;19m[48;2;0;0;0m[38;2;129;129;129m[48;2;0;0;0m([38;2;129;129;129m[48;2;0;0;0m_[38;2;129;129;129m[48;2;0;0;0m)[38;2;19;19;19m[48;2;0;0;0m[38;2;19;19;19m[48;2;0;0;0m│[38;2;19;19;19m[48;2;0;0;0m[38;2;101;101;101m[48;2;0;0;0m([38;2;101;101;101m[48;2;0;0;0m_[38;2;101;101;101m[48;2;0;0;0m)[38;2;19;19;19m[48;2;0;0;0m [38;2;19;19;19m[48;2;0;0;0m╵[38;2;19;19;19m[48;2;0;0;0m [38;2;40;40;40m[48;2;0;0;0m[38;2;0;0;0m[48;2;101;101;101m[38;2;0;0;0m[48;2;129;129;129mi[38;2;0;0;0m[48;2;129;129;129m5[38;2;129;129;129m[48;2;19;19;19m◗[38;2;40;40;40m[48;2;19;19;19m─[38;2;54;54;54m[48;2;19;19;19m┄[38;2;40;40;40m[48;2;19;19;19m┄[38;2;0;64;116m[48;2;19;19;19m┄[38;2;0;64;116m[48;2;19;19;19m┄[38;2;0;64;116m[48;2;19;19;19m┄[38;2;0;39;71m[48;2;19;19;19m┄[38;2;19;19;19m[48;2;19;19;19m┄[38;2;19;19;19m[48;2;19;19;19m [38;2;19;19;19m[48;2;19;19;19m [38;2;19;19;19m[48;2;19;19;19m [38;2;19;19;19m[48;2;19;19;19m [38;2;19;19;19m[48;2;19;19;19m [38;2;129;129;129m[48;2;0;0;0m│[0m
[38;2;129;129;129m[48;2;40;40;40m┊[38;2;129;129;129m[48;2;40;40;40m [38;2;129;129;129m[48;2;40;40;40m [38;2;129;129;129m[48;2;40;40;40m■[38;2;159;159;159m[48;2;40;40;40m■[38;2;101;101;101m[48;2;40;40;40m■[38;2;101;101;101m[48;2;40;40;40m [38;2;101;101;101m[48;2;40;40;40m [38;2;101;101;101m[48;2;40;40;40m [38;2;101;101;101m[48;2;40;40;40m [38;2;101;101;101m[48;2;40;40;40m [38;2;101;101;101m[48;2;40;40;40m [38;2;101;101;101m[48;2;40;40;40m [38;2;101;101;101m[48;2;40;40;40m [38;2;101;101;101m[48;2;40;40;40m [38;2;101;101;101m[48;2;40;40;40m [38;2;40;40;40m[48;2;0;0;0m[38;2;40;40;40m[48;2;0;0;0m [38;2;40;40;40m[48;2;0;0;0m [38;2;129;129;129m[48;2;0;0;0m([38;2;129;129;129m[48;2;0;0;0m_[38;2;129;129;129m[48;2;0;0;0m)[38;2;40;40;40m[48;2;0;0;0m[38;2;40;40;40m[48;2;0;0;0m│[38;2;40;40;40m[48;2;0;0;0m[38;2;159;159;159m[48;2;0;0;0m([38;2;159;159;159m[48;2;0;0;0m_[38;2;159;159;159m[48;2;0;0;0m)[38;2;40;40;40m[48;2;0;0;0m[38;2;40;40;40m[48;2;0;0;0m│[38;2;40;40;40m[48;2;0;0;0m[38;2;159;159;159m[48;2;0;0;0m([38;2;159;159;159m[48;2;0;0;0m_[38;2;159;159;159m[48;2;0;0;0m)[38;2;19;19;19m[48;2;0;0;0m[38;2;19;19;19m[48;2;0;0;0m│[38;2;19;19;19m[48;2;0;0;0m[38;2;129;129;129m[48;2;0;0;0m([38;2;129;129;129m[48;2;0;0;0m_[38;2;129;129;129m[48;2;0;0;0m)[38;2;129;129;129m[48;2;0;0;0m [38;2;129;129;129m[48;2;0;0;0m [38;2;40;40;40m[48;2;0;0;0m[38;2;54;54;54m[48;2;40;40;40m▓[38;2;54;54;54m[48;2;40;40;40m▓[38;2;54;54;54m[48;2;40;40;40m▒[38;2;54;54;54m[48;2;40;40;40m░[38;2;54;54;54m[48;2;40;40;40m [38;2;54;54;54m[48;2;40;40;40m [38;2;54;54;54m[48;2;40;40;40m [38;2;54;54;54m[48;2;40;40;40m [38;2;54;54;54m[48;2;40;40;40m [38;2;54;54;54m[48;2;40;40;40m [38;2;129;129;129m[48;2;40;40;40m■[38;2;159;159;159m[48;2;40;40;40m■[38;2;101;101;101m[48;2;40;40;40m■[38;2;101;101;101m[48;2;40;40;40m [38;2;101;101;101m[48;2;40;40;40m [38;2;129;129;129m[48;2;40;40;40m┊[0m
[38;2;129;129;129m[48;2;19;19;19m┊[38;2;129;129;129m[48;2;19;19;19m [38;2;129;129;129m[48;2;19;19;19m [38;2;129;129;129m[48;2;19;19;19m⣒[38;2;159;159;159m[48;2;19;19;19m⣒[38;2;101;101;101m[48;2;19;19;19m⣒[38;2;101;101;101m[48;2;19;19;19m [38;2;101;101;101m[48;2;19;19;19m [38;2;101;101;101m[48;2;19;19;19m [38;2;101;101;101m[48;2;19;19;19m [38;2;101;101;101m[48;2;19;19;19m [38;2;101;101;101m[48;2;19;19;19m [38;2;54;54;54m[48;2;19;19;19m─[38;2;159;159;159m[48;2;19;19;19m◖[38;2;0;0;0m[48;2;159;159;159ma[38;2;0;0;0m[48;2;159;159;159m4[38;2;101;101;101m[48;2;0;0;0m▏[38;2;101;101;101m[48;2;0;0;0m═[38;2;40;40;40m[48;2;0;0;0m⮜[38;2;40;40;40m[48;2;0;0;0m [38;2;19;19;19m[48;2;0;0;0m│[38;2;19;19;19m[48;2;0;0;0m[38;2;159;159;159m[48;2;0;0;0m([38;2;159;159;159m[48;2;0;0;0m_[38;2;159;159;159m[48;2;0;0;0m)[38;2;40;40;40m[48;2;0;0;0m[38;2;40;40;40m[48;2;0;0;0m│[38;2;40;40;40m[48;2;0;0;0m[38;2;159;159;159m[48;2;0;0;0m([38;2;159;159;159m[48;2;0;0;0m_[38;2;159;159;159m[48;2;0;0;0m)[38;2;40;40;40m[48;2;0;0;0m[38;2;40;40;40m[48;2;0;0;0m│[38;2;40;40;40m[48;2;0;0;0m[38;2;129;129;129m[48;2;0;0;0m([38;2;129;129;129m[48;2;0;0;0m_[38;2;129;129;129m[48;2;0;0;0m)[38;2;19;19;19m[48;2;0;0;0m[38;2;19;19;19m[48;2;0;0;0m│[38;2;19;19;19m[48;2;0;0;0m [38;2;40;40;40m[48;2;0;0;0m⮞[38;2;77;77;77m[48;2;0;0;0m═[38;2;0;0;0m[48;2;54;54;54m▊[38;2;0;0;0m[48;2;159;159;159mi[38;2;0;0;0m[48;2;159;159;159m4[38;2;159;159;159m[48;2;19;19;19m◗[38;2;54;54;54m[48;2;19;19;19m─[38;2;54;54;54m[48;2;19;19;19m [38;2;54;54;54m[48;2;19;19;19m [38;2;54;54;54m[48;2;19;19;19m [38;2;54;54;54m[48;2;19;19;19m [38;2;54;54;54m[48;2;19;19;19m [38;2;54;54;54m[48;2;19;19;19m [38;2;129;129;129m[48;2;19;19;19m⣒[38;2;159;159;159m[48;2;19;19;19m⣒[38;2;101;101;101m[48;2;19;19;19m⣒[38;2;101;101;101m[48;2;19;19;19m [38;2;101;101;101m[48;2;19;19;19m [38;2;129;129;129m[48;2;19;19;19m┊[0m
[38;2;129;129;129m[48;2;40;40;40m┊[38;2;129;129;129m[48;2;40;40;40m [38;2;129;129;129m[48;2;40;40;40m [38;2;129;129;129m[48;2;40;40;40m⣒[38;2;159;159;159m[48;2;40;40;40m⣒[38;2;101;101;101m[48;2;40;40;40m⣒[38;2;101;101;101m[48;2;40;40;40m [38;2;54;54;54m[48;2;40;40;40m░[38;2;54;54;54m[48;2;40;40;40m░[38;2;54;54;54m[48;2;40;40;40m▒[38;2;54;54;54m[48;2;40;40;40m▒[38;2;54;54;54m[48;2;40;40;40m▓[38;2;54;54;54m[48;2;40;40;40m▓[38;2;54;54;54m[48;2;19;19;19m▇[38;2;54;54;54m[48;2;19;19;19m▆[38;2;54;54;54m[48;2;19;19;19m▇[38;2;40;40;40m[48;2;0;0;0m [38;2;40;40;40m[48;2;0;0;0m [38;2;40;40;40m[48;2;0;0;0m [38;2;129;129;129m[48;2;0;0;0m([38;2;129;129;129m[48;2;0;0;0m_[38;2;129;129;129m[48;2;0;0;0m)[38;2;40;40;40m[48;2;0;0;0m[38;2;40;40;40m[48;2;0;0;0m│[38;2;40;40;40m[48;2;0;0;0m[38;2;159;159;159m[48;2;0;0;0m([38;2;159;159;159m[48;2;0;0;0m_[38;2;159;159;159m[48;2;0;0;0m)[38;2;40;40;40m[48;2;0;0;0m[38;2;40;40;40m[48;2;0;0;0m│[38;2;40;40;40m[48;2;0;0;0m[38;2;159;159;159m[48;2;0;0;0m([38;2;159;159;159m[48;2;0;0;0m_[38;2;159;159;159m[48;2;0;0;0m)[38;2;19;19;19m[48;2;0;0;0m[38;2;19;19;19m[48;2;0;0;0m│[38;2;19;19;19m[48;2;0;0;0m[38;2;129;129;129m[48;2;0;0;0m([38;2;129;129;129m[48;2;0;0;0m_[38;2;129;129;129m[48;2;0;0;0m)[38;2;129;129;129m[48;2;0;0;0m [38;2;129;129;129m[48;2;0;0;0m [38;2;129;129;129m[48;2;0;0;0m [38;2;40;40;40m[48;2;77;77;77m▋[38;2;77;77;77m[48;2;54;54;54m▒[38;2;77;77;77m[48;2;54;54;54m░[38;2;77;77;77m[48;2;54;54;54m [38;2;77;77;77m[48;2;54;54;54m [38;2;77;77;77m[48;2;54;54;54m [38;2;77;77;77m[48;2;54;54;54m [38;2;77;77;77m[48;2;54;54;54m [38;2;77;77;77m[48;2;54;54;54m [38;2;77;77;77m[48;2;54;54;54m [38;2;129;129;129m[48;2;54;54;54m⣒[38;2;159;159;159m[48;2;54;54;54m⣒[38;2;101;101;101m[48;2;54;54;54m⣒[38;2;101;101;101m[48;2;54;54;54m [38;2;101;101;101m[48;2;54;54;54m [38;2;129;129;129m[48;2;54;54;54m┊[0m
[38;2;129;129;129m[48;2;19;19;19m┊[38;2;129;129;129m[48;2;19;19;19m [38;2;129;129;129m[48;2;19;19;19m [38;2;129;129;129m[48;2;19;19;19m⣒[38;2;159;159;159m[48;2;19;19;19m⣒[38;2;101;101;101m[48;2;19;19;19m⣒[38;2;101;101;101m[48;2;19;19;19m [38;2;101;101;101m[48;2;19;19;19m [38;2;101;101;101m[48;2;19;19;19m [38;2;101;101;101m[48;2;19;19;19m [38;2;101;101;101m[48;2;19;19;19m [38;2;101;101;101m[48;2;19;19;19m [38;2;77;77;77m[48;2;19;19;19m─[38;2;101;101;101m[48;2;19;19;19m◖[38;2;0;0;0m[48;2;101;101;101ma[38;2;0;0;0m[48;2;101;101;101m3[38;2;77;77;77m[48;2;0;0;0m▏[38;2;101;101;101m[48;2;0;0;0m═[38;2;54;54;54m[48;2;0;0;0m⮜[38;2;54;54;54m[48;2;0;0;0m [38;2;40;40;40m[48;2;0;0;0m│[38;2;40;40;40m[48;2;0;0;0m[38;2;159;159;159m[48;2;0;0;0m([38;2;159;159;159m[48;2;0;0;0m_[38;2;159;159;159m[48;2;0;0;0m)[38;2;40;40;40m[48;2;0;0;0m[38;2;40;40;40m[48;2;0;0;0m│[38;2;40;40;40m[48;2;0;0;0m[38;2;159;159;159m[48;2;0;0;0m([38;2;159;159;159m[48;2;0;0;0m_[38;2;159;159;159m[48;2;0;0;0m)[38;2;40;40;40m[48;2;0;0;0m[38;2;40;40;40m[48;2;0;0;0m│[38;2;40;40;40m[48;2;0;0;0m[38;2;159;159;159m[48;2;0;0;0m([38;2;159;159;159m[48;2;0;0;0m_[38;2;159;159;159m[48;2;0;0;0m)[38;2;40;40;40m[48;2;0;0;0m[38;2;40;40;40m[48;2;0;0;0m│[38;2;40;40;40m[48;2;0;0;0m [38;2;40;40;40m[48;2;0;0;0m⮞[38;2;101;101;101m[48;2;0;0;0m═[38;2;0;0;0m[48;2;54;54;54m▊[38;2;0;0;0m[48;2;101;101;101mi[38;2;0;0;0m[48;2;101;101;101m3[38;2;101;101;101m[48;2;19;19;19m◗[38;2;77;77;77m[48;2;19;19;19m─[38;2;77;77;77m[48;2;19;19;19m [38;2;77;77;77m[48;2;19;19;19m [38;2;77;77;77m[48;2;19;19;19m [38;2;77;77;77m[48;2;19;19;19m [38;2;77;77;77m[48;2;19;19;19m [38;2;77;77;77m[48;2;19;19;19m [38;2;129;129;129m[48;2;19;19;19m⣒[38;2;159;159;159m[48;2;19;19;19m⣒[38;2;101;101;101m[48;2;19;19;19m⣒[38;2;101;101;101m[48;2;19;19;19m [38;2;101;101;101m[48;2;19;19;19m [38;2;129;129;129m[48;2;19;19;19m┆[0m
[38;2;129;129;129m[48;2;40;40;40m┊[38;2;129;129;129m[48;2;40;40;40m [38;2;129;129;129m[48;2;40;40;40m [38;2;129;129;129m[48;2;40;40;40m⣒[38;2;159;159;159m[48;2;40;40;40m⣒[38;2;101;101;101m[48;2;40;40;40m⣒[38;2;101;101;101m[48;2;40;40;40m [38;2;54;54;54m[48;2;40;40;40m░[38;2;54;54;54m[48;2;40;40;40m░[38;2;54;54;54m[48;2;40;40;40m▒[38;2;54;54;54m[48;2;40;40;40m▒[38;2;54;54;54m[48;2;40;40;40m▓[38;2;54;54;54m[48;2;40;40;40m▓[38;2;54;54;54m[48;2;19;19;19m▇[38;2;54;54;54m[48;2;19;19;19m▆[38;2;54;54;54m[48;2;19;19;19m▇[38;2;40;40;40m[48;2;0;0;0m [38;2;40;40;40m[48;2;0;0;0m [38;2;40;40;40m[48;2;0;0;0m [38;2;129;129;129m[48;2;0;0;0m([38;2;129;129;129m[48;2;0;0;0m_[38;2;129;129;129m[48;2;0;0;0m)[38;2;40;40;40m[48;2;0;0;0m[38;2;40;40;40m[48;2;0;0;0m│[38;2;40;40;40m[48;2;0;0;0m[38;2;159;159;159m[48;2;0;0;0m([38;2;159;159;159m[48;2;0;0;0m_[38;2;159;159;159m[48;2;0;0;0m)[38;2;40;40;40m[48;2;0;0;0m[38;2;40;40;40m[48;2;0;0;0m│[38;2;40;40;40m[48;2;0;0;0m[38;2;159;159;159m[48;2;0;0;0m([38;2;159;159;159m[48;2;0;0;0m_[38;2;159;159;159m[48;2;0;0;0m)[38;2;40;40;40m[48;2;0;0;0m[38;2;40;40;40m[48;2;0;0;0m│[38;2;40;40;40m[48;2;0;0;0m[38;2;129;129;129m[48;2;0;0;0m([38;2;129;129;129m[48;2;0;0;0m_[38;2;129;129;129m[48;2;0;0;0m)[38;2;129;129;129m[48;2;0;0;0m [38;2;129;129;129m[48;2;0;0;0m [38;2;129;129;129m[48;2;0;0;0m [38;2;40;40;40m[48;2;77;77;77m▋[38;2;77;77;77m[48;2;54;54;54m▒[38;2;77;77;77m[48;2;54;54;54m░[38;2;77;77;77m[48;2;54;54;54m [38;2;77;77;77m[48;2;54;54;54m [38;2;77;77;77m[48;2;54;54;54m [38;2;77;77;77m[48;2;54;54;54m [38;2;77;77;77m[48;2;54;54;54m [38;2;77;77;77m[48;2;54;54;54m [38;2;77;77;77m[48;2;54;54;54m [38;2;129;129;129m[48;2;54;54;54m⣒[38;2;159;159;159m[48;2;54;54;54m⣒[38;2;101;101;101m[48;2;54;54;54m⣒[38;2;101;101;101m[48;2;54;54;54m [38;2;101;101;101m[48;2;54;54;54m [38;2;129;129;129m[48;2;54;54;54m┊[0m
[38;2;129;129;129m[48;2;19;19;19m┊[38;2;129;129;129m[48;2;19;19;19m [38;2;129;129;129m[48;2;19;19;19m [38;2;129;129;129m[48;2;19;19;19m⣒[38;2;159;159;159m[48;2;19;19;19m⣒[38;2;101;101;101m[48;2;19;19;19m⣒[38;2;101;101;101m[48;2;19;19;19m [38;2;101;101;101m[48;2;19;19;19m [38;2;101;101;101m[48;2;19;19;19m [38;2;101;101;101m[48;2;19;19;19m [38;2;101;101;101m[48;2;19;19;19m [38;2;101;101;101m[48;2;19;19;19m [38;2;40;40;40m[48;2;19;19;19m─[38;2;129;129;129m[48;2;19;19;19m◖[38;2;0;0;0m[48;2;129;129;129ma[38;2;0;0;0m[48;2;129;129;129m2[38;2;77;77;77m[48;2;0;0;0m▏[38;2;101;101;101m[48;2;0;0;0m═[38;2;54;54;54m[48;2;0;0;0m⮜[38;2;54;54;54m[48;2;0;0;0m [38;2;40;40;40m[48;2;0;0;0m│[38;2;40;40;40m[48;2;0;0;0m[38;2;159;159;159m[48;2;0;0;0m([38;2;159;159;159m[48;2;0;0;0m_[38;2;159;159;159m[48;2;0;0;0m)[38;2;40;40;40m[48;2;0;0;0m[38;2;40;40;40m[48;2;0;0;0m│[38;2;40;40;40m[48;2;0;0;0m[38;2;159;159;159m[48;2;0;0;0m([38;2;159;159;159m[48;2;0;0;0m_[38;2;159;159;159m[48;2;0;0;0m)[38;2;40;40;40m[48;2;0;0;0m[38;2;40;40;40m[48;2;0;0;0m│[38;2;40;40;40m[48;2;0;0;0m[38;2;129;129;129m[48;2;0;0;0m([38;2;129;129;129m[48;2;0;0;0m_[38;2;129;129;129m[48;2;0;0;0m)[38;2;40;40;40m[48;2;0;0;0m[38;2;40;40;40m[48;2;0;0;0m│[38;2;40;40;40m[48;2;0;0;0m [38;2;54;54;54m[48;2;0;0;0m⮞[38;2;101;101;101m[48;2;0;0;0m═[38;2;0;0;0m[48;2;54;54;54m▊[38;2;0;0;0m[48;2;129;129;129mi[38;2;0;0;0m[48;2;129;129;129m2[38;2;129;129;129m[48;2;19;19;19m◗[38;2;40;40;40m[48;2;19;19;19m─[38;2;40;40;40m[48;2;19;19;19m [38;2;40;40;40m[48;2;19;19;19m [38;2;40;40;40m[48;2;19;19;19m [38;2;40;40;40m[48;2;19;19;19m [38;2;40;40;40m[48;2;19;19;19m [38;2;40;40;40m[48;2;19;19;19m [38;2;129;129;129m[48;2;19;19;19m⣒[38;2;159;159;159m[48;2;19;19;19m⣒[38;2;101;101;101m[48;2;19;19;19m⣒[38;2;101;101;101m[48;2;19;19;19m [38;2;101;101;101m[48;2;19;19;19m [38;2;129;129;129m[48;2;19;19;19m┆[0m
[38;2;129;129;129m[48;2;40;40;40m┊[38;2;129;129;129m[48;2;40;40;40m [38;2;129;129;129m[48;2;40;40;40m [38;2;129;129;129m[48;2;40;40;40m⣒[38;2;159;159;159m[48;2;40;40;40m⣒[38;2;101;101;101m[48;2;40;40;40m⣒[38;2;101;101;101m[48;2;40;40;40m [38;2;54;54;54m[48;2;40;40;40m [38;2;54;54;54m[48;2;40;40;40m [38;2;54;54;54m[48;2;40;40;40m░[38;2;54;54;54m[48;2;40;40;40m░[38;2;54;54;54m[48;2;40;40;40m▒[38;2;54;54;54m[48;2;40;40;40m▒[38;2;54;54;54m[48;2;19;19;19m▇[38;2;54;54;54m[48;2;19;19;19m▆[38;2;54;54;54m[48;2;19;19;19m▇[38;2;40;40;40m[48;2;0;0;0m [38;2;40;40;40m[48;2;0;0;0m [38;2;40;40;40m[48;2;0;0;0m [38;2;129;129;129m[48;2;0;0;0m([38;2;129;129;129m[48;2;0;0;0m_[38;2;129;129;129m[48;2;0;0;0m)[38;2;40;40;40m[48;2;0;0;0m[38;2;40;40;40m[48;2;0;0;0m│[38;2;40;40;40m[48;2;0;0;0m[38;2;129;129;129m[48;2;0;0;0m([38;2;129;129;129m[48;2;0;0;0m_[38;2;129;129;129m[48;2;0;0;0m)[38;2;40;40;40m[48;2;0;0;0m[38;2;40;40;40m[48;2;0;0;0m│[38;2;40;40;40m[48;2;0;0;0m[38;2;129;129;129m[48;2;0;0;0m([38;2;129;129;129m[48;2;0;0;0m_[38;2;129;129;129m[48;2;0;0;0m)[38;2;40;40;40m[48;2;0;0;0m[38;2;40;40;40m[48;2;0;0;0m│[38;2;40;40;40m[48;2;0;0;0m[38;2;129;129;129m[48;2;0;0;0m([38;2;129;129;129m[48;2;0;0;0m_[38;2;129;129;129m[48;2;0;0;0m)[38;2;129;129;129m[48;2;0;0;0m [38;2;129;129;129m[48;2;0;0;0m [38;2;129;129;129m[48;2;0;0;0m [38;2;40;40;40m[48;2;54;54;54m▋[38;2;54;54;54m[48;2;40;40;40m▒[38;2;54;54;54m[48;2;40;40;40m░[38;2;54;54;54m[48;2;40;40;40m [38;2;54;54;54m[48;2;40;40;40m [38;2;54;54;54m[48;2;40;40;40m [38;2;54;54;54m[48;2;40;40;40m [38;2;54;54;54m[48;2;40;40;40m [38;2;54;54;54m[48;2;40;40;40m [38;2;54;54;54m[48;2;40;40;40m [38;2;129;129;129m[48;2;40;40;40m⣒[38;2;159;159;159m[48;2;40;40;40m⣒[38;2;101;101;101m[48;2;40;40;40m⣒[38;2;101;101;101m[48;2;40;40;40m [38;2;101;101;101m[48;2;40;40;40m [38;2;129;129;129m[48;2;40;40;40m┊[0m
[38;2;129;129;129m[48;2;19;19;19m┆[38;2;129;129;129m[48;2;19;19;19m [38;2;129;129;129m[48;2;19;19;19m [38;2;129;129;129m[48;2;19;19;19m⣒[38;2;159;159;159m[48;2;19;19;19m⣒[38;2;101;101;101m[48;2;19;19;19m⣒[38;2;101;101;101m[48;2;19;19;19m [38;2;101;101;101m[48;2;19;19;19m [38;2;101;101;101m[48;2;19;19;19m [38;2;101;101;101m[48;2;19;19;19m [38;2;101;101;101m[48;2;19;19;19m [38;2;101;101;101m[48;2;19;19;19m [38;2;40;40;40m[48;2;19;19;19m─[38;2;77;77;77m[48;2;19;19;19m◖[38;2;0;0;0m[48;2;77;77;77ma[38;2;0;0;0m[48;2;77;77;77m1[38;2;0;0;0m[48;2;77;77;77m[38;2;77;77;77m[48;2;0;0;0m─[38;2;77;77;77m[48;2;0;0;0m[38;2;77;77;77m[48;2;0;0;0m [38;2;77;77;77m[48;2;0;0;0m╷[38;2;40;40;40m[48;2;0;0;0m[38;2;101;101;101m[48;2;0;0;0m([38;2;101;101;101m[48;2;0;0;0m_[38;2;101;101;101m[48;2;0;0;0m)[38;2;40;40;40m[48;2;0;0;0m[38;2;40;40;40m[48;2;0;0;0m│[38;2;40;40;40m[48;2;0;0;0m[38;2;129;129;129m[48;2;0;0;0m([38;2;129;129;129m[48;2;0;0;0m_[38;2;129;129;129m[48;2;0;0;0m)[38;2;40;40;40m[48;2;0;0;0m[38;2;40;40;40m[48;2;0;0;0m│[38;2;40;40;40m[48;2;0;0;0m[38;2;101;101;101m[48;2;0;0;0m([38;2;101;101;101m[48;2;0;0;0m_[38;2;101;101;101m[48;2;0;0;0m)[38;2;40;40;40m[48;2;0;0;0m[38;2;77;77;77m[48;2;0;0;0m╷[38;2;77;77;77m[48;2;0;0;0m [38;2;77;77;77m[48;2;0;0;0m[38;2;101;101;101m[48;2;0;0;0m─[38;2;0;0;0m[48;2;77;77;77m[38;2;0;0;0m[48;2;77;77;77mi[38;2;0;0;0m[48;2;77;77;77m1[38;2;77;77;77m[48;2;19;19;19m◗[38;2;40;40;40m[48;2;19;19;19m─[38;2;40;40;40m[48;2;19;19;19m [38;2;40;40;40m[48;2;19;19;19m [38;2;40;40;40m[48;2;19;19;19m [38;2;40;40;40m[48;2;19;19;19m [38;2;40;40;40m[48;2;19;19;19m [38;2;40;40;40m[48;2;19;19;19m [38;2;129;129;129m[48;2;19;19;19m⣒[38;2;159;159;159m[48;2;19;19;19m⣒[38;2;101;101;101m[48;2;19;19;19m⣒[38;2;101;101;101m[48;2;19;19;19m [38;2;101;101;101m[48;2;19;19;19m [38;2;129;129;129m[48;2;19;19;19m┆[0m
[38;2;129;129;129m[48;2;19;19;19m┆[38;2;129;129;129m[48;2;19;19;19m [38;2;129;129;129m[48;2;19;19;19m [38;2;129;129;129m[48;2;19;19;19m⣒[38;2;159;159;159m[48;2;19;19;19m⣒[38;2;101;101;101m[48;2;19;19;19m⣒[38;2;0;0;0m[48;2;19;19;19m [38;2;0;0;0m[48;2;19;19;19m [38;2;0;0;0m[48;2;19;19;19m [38;2;0;0;0m[48;2;19;19;19m [38;2;40;40;40m[48;2;19;19;19m░[38;2;40;40;40m[48;2;19;19;19m░[38;2;40;40;40m[48;2;19;19;19m▒[38;2;40;40;40m[48;2;19;19;19m▓[38;2;40;40;40m[48;2;19;19;19m▇[38;2;40;40;40m[48;2;19;19;19m▆[38;2;40;40;40m[48;2;19;19;19m▇[38;2;159;159;159m[48;2;19;19;19m◖[38;2;0;0;0m[48;2;159;159;159mb[38;2;0;0;0m[48;2;159;159;159m1[38;2;159;159;159m[48;2;0;0;0m[38;2;77;77;77m[48;2;0;0;0m[38;2;77;77;77m[48;2;0;0;0m [38;2;54;54;54m[48;2;0;0;0m╷[38;2;40;40;40m[48;2;0;0;0m[38;2;101;101;101m[48;2;0;0;0m([38;2;101;101;101m[48;2;0;0;0m_[38;2;101;101;101m[48;2;0;0;0m)[38;2;40;40;40m[48;2;0;0;0m[38;2;40;40;40m[48;2;0;0;0m│[38;2;40;40;40m[48;2;0;0;0m[38;2;101;101;101m[48;2;0;0;0m([38;2;101;101;101m[48;2;0;0;0m_[38;2;101;101;101m[48;2;0;0;0m)[38;2;40;40;40m[48;2;0;0;0m[38;2;77;77;77m[48;2;0;0;0m╷[38;2;77;77;77m[48;2;0;0;0m [38;2;101;101;101m[48;2;0;0;0m[38;2;159;159;159m[48;2;0;0;0m[38;2;0;0;0m[48;2;159;159;159mh[38;2;0;0;0m[48;2;159;159;159m1[38;2;159;159;159m[48;2;40;40;40m◗[38;2;19;19;19m[48;2;40;40;40m [38;2;19;19;19m[48;2;40;40;40m░[38;2;19;19;19m[48;2;40;40;40m▒[38;2;19;19;19m[48;2;40;40;40m▓[38;2;19;19;19m[48;2;40;40;40m▓[38;2;19;19;19m[48;2;40;40;40m▓[38;2;37;39;38m[48;2;0;0;0m▒[38;2;37;39;38m[48;2;20;23;22m▓[38;2;19;19;19m[48;2;40;40;40m [38;2;19;19;19m[48;2;40;40;40m [38;2;19;19;19m[48;2;40;40;40m [38;2;129;129;129m[48;2;40;40;40m⣒[38;2;159;159;159m[48;2;40;40;40m⣒[38;2;101;101;101m[48;2;40;40;40m⣒[38;2;40;40;40m[48;2;19;19;19m▒[38;2;40;40;40m[48;2;19;19;19m▒[38;2;129;129;129m[48;2;0;0;0m┆[0m
[38;2;129;129;129m[48;2;0;0;0m┆[38;2;129;129;129m[48;2;0;0;0m [38;2;129;129;129m[48;2;0;0;0m [38;2;129;129;129m[48;2;0;0;0m⣒[38;2;159;159;159m[48;2;0;0;0m⣒[38;2;101;101;101m[48;2;0;0;0m⣒[38;2;101;101;101m[48;2;0;0;0m [38;2;101;101;101m[48;2;0;0;0m [38;2;101;101;101m[48;2;0;0;0m [38;2;101;101;101m[48;2;0;0;0m [38;2;101;101;101m[48;2;0;0;0m [38;2;0;0;0m[48;2;19;19;19m▒[38;2;0;0;0m[48;2;19;19;19m░[38;2;0;0;0m[48;2;19;19;19m░[38;2;0;0;0m[48;2;19;19;19m [38;2;0;0;0m[48;2;19;19;19m [38;2;40;40;40m[48;2;19;19;19m [38;2;40;40;40m[48;2;19;19;19m░[38;2;40;40;40m[48;2;19;19;19m▒[38;2;40;40;40m[48;2;19;19;19m▓[38;2;129;129;129m[48;2;19;19;19m◖[38;2;0;0;0m[48;2;129;129;129mc[38;2;0;0;0m[48;2;129;129;129m1[38;2;129;129;129m[48;2;0;0;0m[38;2;77;77;77m[48;2;0;0;0m[38;2;77;77;77m[48;2;0;0;0m [38;2;77;77;77m[48;2;0;0;0m╷[38;2;40;40;40m[48;2;0;0;0m[38;2;77;77;77m[48;2;0;0;0m([38;2;77;77;77m[48;2;0;0;0m_[38;2;77;77;77m[48;2;0;0;0m)[38;2;40;40;40m[48;2;0;0;0m[38;2;77;77;77m[48;2;0;0;0m╷[38;2;77;77;77m[48;2;0;0;0m [38;2;101;101;101m[48;2;0;0;0m[38;2;129;129;129m[48;2;0;0;0m[38;2;0;0;0m[48;2;129;129;129mg[38;2;0;0;0m[48;2;129;129;129m1[38;2;129;129;129m[48;2;19;19;19m◗[38;2;255;255;255m[48;2;19;19;19m [38;2;255;255;255m[48;2;19;19;19m [38;2;255;255;255m[48;2;19;19;19m [38;2;255;255;255m[48;2;19;19;19m [38;2;255;255;255m[48;2;19;19;19m [38;2;255;255;255m[48;2;19;19;19m [38;2;255;255;255m[48;2;19;19;19m [38;2;255;255;255m[48;2;19;19;19m [38;2;255;255;255m[48;2;19;19;19m [38;2;255;255;255m[48;2;19;19;19m [38;2;255;255;255m[48;2;19;19;19m [38;2;255;255;255m[48;2;19;19;19m [38;2;255;255;255m[48;2;19;19;19m [38;2;255;255;255m[48;2;19;19;19m [38;2;129;129;129m[48;2;19;19;19m⣒[38;2;159;159;159m[48;2;19;19;19m⣒[38;2;101;101;101m[48;2;19;19;19m⣒[38;2;101;101;101m[48;2;19;19;19m [38;2;101;101;101m[48;2;19;19;19m [38;2;129;129;129m[48;2;19;19;19m┆[0m
[38;2;129;129;129m[48;2;0;0;0m│[38;2;129;129;129m[48;2;0;0;0m [38;2;129;129;129m[48;2;0;0;0m [38;2;129;129;129m[48;2;0;0;0m⣒[38;2;159;159;159m[48;2;0;0;0m⣒[38;2;101;101;101m[48;2;0;0;0m⣒[38;2;101;101;101m[48;2;0;0;0m [38;2;101;101;101m[48;2;0;0;0m [38;2;101;101;101m[48;2;0;0;0m [38;2;101;101;101m[48;2;0;0;0m [38;2;101;101;101m[48;2;0;0;0m [38;2;101;101;101m[48;2;0;0;0m [38;2;101;101;101m[48;2;0;0;0m [38;2;0;0;0m[48;2;19;19;19m▓[38;2;0;0;0m[48;2;19;19;19m▓[38;2;0;0;0m[48;2;19;19;19m▒[38;2;0;0;0m[48;2;19;19;19m░[38;2;0;0;0m[48;2;19;19;19m░[38;2;0;0;0m[48;2;19;19;19m [38;2;0;0;0m[48;2;19;19;19m [38;2;40;40;40m[48;2;19;19;19m [38;2;40;40;40m[48;2;19;19;19m░[38;2;40;40;40m[48;2;19;19;19m▒[38;2;159;159;159m[48;2;19;19;19m◖[38;2;0;0;0m[48;2;159;159;159md[38;2;0;0;0m[48;2;159;159;159m1[38;2;159;159;159m[48;2;0;0;0m[38;2;77;77;77m[48;2;0;0;0m[38;2;77;77;77m[48;2;0;0;0m [38;2;77;77;77m[48;2;0;0;0m╷[38;2;77;77;77m[48;2;0;0;0m [38;2;77;77;77m[48;2;0;0;0m[38;2;159;159;159m[48;2;0;0;0m[38;2;0;0;0m[48;2;159;159;159mf[38;2;0;0;0m[48;2;159;159;159m1[38;2;159;159;159m[48;2;40;40;40m◗[38;2;0;0;0m[48;2;40;40;40m░[38;2;0;0;0m[48;2;40;40;40m░[38;2;0;0;0m[48;2;40;40;40m▒[38;2;0;0;0m[48;2;40;40;40m▒[38;2;0;0;0m[48;2;40;40;40m▓[38;2;0;0;0m[48;2;40;40;40m▓[38;2;0;0;0m[48;2;40;40;40m▓[38;2;0;0;0m[48;2;19;19;19m [38;2;0;0;0m[48;2;19;19;19m [38;2;0;0;0m[48;2;19;19;19m [38;2;0;0;0m[48;2;19;19;19m [38;2;0;0;0m[48;2;19;19;19m▒[38;2;0;0;0m[48;2;19;19;19m▒[38;2;0;0;0m[48;2;19;19;19m▒[38;2;0;0;0m[48;2;19;19;19m▓[38;2;0;0;0m[48;2;19;19;19m▓[38;2;0;0;0m[48;2;19;19;19m▓[38;2;129;129;129m[48;2;19;19;19m⣒[38;2;159;159;159m[48;2;19;19;19m⣒[38;2;101;101;101m[48;2;19;19;19m⣒[38;2;0;0;0m[48;2;19;19;19m▓[38;2;0;0;0m[48;2;19;19;19m▓[38;2;129;129;129m[48;2;0;0;0m│[0m
[38;2;129;129;129m[48;2;0;0;0m│[38;2;129;129;129m[48;2;0;0;0m┗[38;2;129;129;129m[48;2;0;0;0m▬[38;2;129;129;129m[48;2;0;0;0m■[38;2;159;159;159m[48;2;0;0;0m■[38;2;101;101;101m[48;2;0;0;0m■[38;2;101;101;101m[48;2;0;0;0m▬[38;2;101;101;101m[48;2;0;0;0m┛[38;2;77;77;77m[48;2;0;0;0m▬[38;2;77;77;77m[48;2;0;0;0m▬[38;2;101;101;101m[48;2;0;0;0m─[38;2;101;101;101m[48;2;0;0;0m─[38;2;101;101;101m[48;2;0;0;0m╮[38;2;0;0;0m[48;2;19;19;19m▇[38;2;0;0;0m[48;2;19;19;19m▇[38;2;0;0;0m[48;2;19;19;19m▆[38;2;0;0;0m[48;2;19;19;19m▆[38;2;0;0;0m[48;2;19;19;19m▅[38;2;0;0;0m[48;2;19;19;19m▄[38;2;0;0;0m[48;2;19;19;19m▃[38;2;0;0;0m[48;2;19;19;19m▁[38;2;0;0;0m[48;2;19;19;19m [38;2;0;0;0m[48;2;19;19;19m [38;2;0;0;0m[48;2;19;19;19m [38;2;0;0;0m[48;2;19;19;19m [38;2;0;0;0m[48;2;19;19;19m [38;2;0;0;0m[48;2;19;19;19m [38;2;159;159;159m[48;2;19;19;19m◖[38;2;0;0;0m[48;2;159;159;159me[38;2;0;0;0m[48;2;159;159;159m-[38;2;0;0;0m[48;2;159;159;159m1[38;2;159;159;159m[48;2;19;19;19m◗[38;2;159;159;159m[48;2;19;19;19m [38;2;159;159;159m[48;2;19;19;19m [38;2;159;159;159m[48;2;19;19;19m [38;2;159;159;159m[48;2;19;19;19m [38;2;0;0;0m[48;2;19;19;19m▁[38;2;0;0;0m[48;2;19;19;19m▃[38;2;0;0;0m[48;2;19;19;19m▄[38;2;0;0;0m[48;2;19;19;19m▅[38;2;0;0;0m[48;2;19;19;19m▆[38;2;0;0;0m[48;2;19;19;19m▆[38;2;0;0;0m[48;2;19;19;19m▇[38;2;0;0;0m[48;2;19;19;19m▇[38;2;0;0;0m[48;2;0;0;0m [38;2;0;0;0m[48;2;0;0;0m [38;2;159;159;159m[48;2;0;0;0m╭[38;2;159;159;159m[48;2;0;0;0m─[38;2;159;159;159m[48;2;0;0;0m─[38;2;159;159;159m[48;2;0;0;0m─[38;2;159;159;159m[48;2;0;0;0m─[38;2;129;129;129m[48;2;0;0;0m┗[38;2;129;129;129m[48;2;0;0;0m▬[38;2;101;101;101m[48;2;20;23;22m■[38;2;159;159;159m[48;2;20;23;22m■[38;2;101;101;101m[48;2;0;0;0m■[38;2;101;101;101m[48;2;0;0;0m▬[38;2;101;101;101m[48;2;0;0;0m┛[38;2;129;129;129m[48;2;0;0;0m│[0m
[38;2;129;129;129m[48;2;0;0;0m│[38;2;101;101;101m[48;2;0;0;71m [38;2;101;101;101m[48;2;0;0;71mt[38;2;101;101;101m[48;2;0;0;71mi[38;2;101;101;101m[48;2;0;0;71m [38;2;129;129;129m[48;2;0;0;71m [38;2;129;129;129m[48;2;0;0;71m0[38;2;129;129;129m[48;2;0;0;71m0[38;2;129;129;129m[48;2;0;0;71m:[38;2;129;129;129m[48;2;0;0;71m0[38;2;129;129;129m[48;2;0;0;71m0[38;2;129;129;129m[48;2;0;0;71m [38;2;129;129;129m[48;2;0;0;0m│[38;2;77;77;77m[48;2;0;0;0m [38;2;77;77;77m[48;2;0;0;0m [38;2;77;77;77m[48;2;0;0;0m [38;2;77;77;77m[48;2;0;0;0m [38;2;77;77;77m[48;2;0;0;0m [38;2;77;77;77m[48;2;0;0;0m [38;2;77;77;77m[48;2;0;0;0m [38;2;77;77;77m[48;2;0;0;0m [38;2;77;77;77m[48;2;0;0;0m [38;2;77;77;77m[48;2;0;0;0m [38;2;77;77;77m[48;2;0;0;0m [38;2;77;77;77m[48;2;0;0;0m [38;2;77;77;77m[48;2;0;0;0m [38;2;77;77;77m[48;2;0;0;0m [38;2;77;77;77m[48;2;0;0;0m [38;2;77;77;77m[48;2;0;0;0m [38;2;77;77;77m[48;2;0;0;0m [38;2;77;77;77m[48;2;0;0;0m [38;2;77;77;77m[48;2;0;0;0m [38;2;77;77;77m[48;2;0;0;0m [38;2;77;77;77m[48;2;0;0;0m [38;2;77;77;77m[48;2;0;0;0m [38;2;77;77;77m[48;2;0;0;0m [38;2;77;77;77m[48;2;0;0;0m [38;2;77;77;77m[48;2;0;0;0m [38;2;77;77;77m[48;2;0;0;0m [38;2;77;77;77m[48;2;0;0;0m [38;2;77;77;77m[48;2;0;0;0m [38;2;77;77;77m[48;2;0;0;0m [38;2;77;77;77m[48;2;0;0;0m [38;2;77;77;77m[48;2;0;0;0m [38;2;77;77;77m[48;2;0;0;0m [38;2;77;77;77m[48;2;0;0;0m [38;2;129;129;129m[48;2;0;0;0m│[38;2;129;129;129m[48;2;0;0;71m [38;2;129;129;129m[48;2;0;0;71m0[38;2;129;129;129m[48;2;0;0;71m0[38;2;129;129;129m[48;2;0;0;71m:[38;2;129;129;129m[48;2;0;0;71m0[38;2;129;129;129m[48;2;0;0;71m0[38;2;101;101;101m[48;2;0;0;71m [38;2;101;101;101m[48;2;0;0;71mt[38;2;101;101;101m[48;2;0;0;71mi[38;2;101;101;101m[48;2;0;0;71m [38;2;129;129;129m[48;2;0;0;71m [38;2;129;129;129m[48;2;0;0;71m│[0m
[38;2;129;129;129m[48;2;0;0;0m│[38;2;101;101;101m[48;2;0;0;71m [38;2;101;101;101m[48;2;0;0;71mc[38;2;101;101;101m[48;2;0;0;71mi[38;2;101;101;101m[48;2;0;0;71mr[38;2;101;101;101m[48;2;0;0;71mc[38;2;101;101;101m[48;2;0;0;71ml[38;2;101;101;101m[48;2;0;0;71me[38;2;129;129;129m[48;2;0;0;71m [38;2;129;129;129m[48;2;0;0;71m0[38;2;129;129;129m[48;2;0;0;71m0[38;2;129;129;129m[48;2;0;0;71m [38;2;129;129;129m[48;2;0;0;0m│[38;2;77;77;77m[48;2;0;0;0m [38;2;77;77;77m[48;2;0;0;0m [38;2;77;77;77m[48;2;0;0;0m [38;2;77;77;77m[48;2;0;0;0m [38;2;77;77;77m[48;2;0;0;0m [38;2;77;77;77m[48;2;0;0;0m [38;2;77;77;77m[48;2;0;0;0m [38;2;77;77;77m[48;2;0;0;0m [38;2;77;77;77m[48;2;0;0;0m [38;2;77;77;77m[48;2;0;0;0mc[38;2;77;77;77m[48;2;0;0;0m1[38;2;77;77;77m[48;2;0;0;0mn[38;2;77;77;77m[48;2;0;0;0m/[38;2;77;77;77m[48;2;0;0;0mc[38;2;77;77;77m[48;2;0;0;0m1[38;2;77;77;77m[48;2;0;0;0me[38;2;77;77;77m[48;2;0;0;0m [38;2;77;77;77m[48;2;0;0;0m [38;2;77;77;77m[48;2;0;0;0ma[38;2;77;77;77m[48;2;0;0;0m3[38;2;77;77;77m[48;2;0;0;0mn[38;2;77;77;77m[48;2;0;0;0m/[38;2;77;77;77m[48;2;0;0;0ma[38;2;77;77;77m[48;2;0;0;0m3[38;2;77;77;77m[48;2;0;0;0ms[38;2;77;77;77m[48;2;0;0;0m [38;2;77;77;77m[48;2;0;0;0m [38;2;77;77;77m[48;2;0;0;0m [38;2;77;77;77m[48;2;0;0;0m [38;2;77;77;77m[48;2;0;0;0m [38;2;77;77;77m[48;2;0;0;0m [38;2;77;77;77m[48;2;0;0;0m [38;2;77;77;77m[48;2;0;0;0m [38;2;129;129;129m[48;2;0;0;0m│[38;2;129;129;129m[48;2;0;0;71m [38;2;129;129;129m[48;2;0;0;71m0[38;2;129;129;129m[48;2;0;0;71m0[38;2;129;129;129m[48;2;0;0;71m [38;2;101;101;101m[48;2;0;0;71ms[38;2;101;101;101m[48;2;0;0;71mq[38;2;101;101;101m[48;2;0;0;71mu[38;2;101;101;101m[48;2;0;0;71ma[38;2;101;101;101m[48;2;0;0;71mr[38;2;101;101;101m[48;2;0;0;71me[38;2;101;101;101m[48;2;0;0;71m [38;2;129;129;129m[48;2;0;0;71m│[0m
[38;2;129;129;129m[48;2;0;0;0m│[38;2;101;101;101m[48;2;0;0;71m [38;2;101;101;101m[48;2;0;0;71m [38;2;101;101;101m[48;2;0;0;71m [38;2;101;101;101m[48;2;0;0;71ml[38;2;101;101;101m[48;2;0;0;71mo[38;2;101;101;101m[48;2;0;0;71ms[38;2;101;101;101m[48;2;0;0;71mt[38;2;129;129;129m[48;2;0;0;71m [38;2;129;129;129m[48;2;0;0;71m0[38;2;129;129;129m[48;2;0;0;71m0[38;2;129;129;129m[48;2;0;0;71m [38;2;129;129;129m[48;2;0;0;0m│[38;2;77;77;77m[48;2;0;0;0m [38;2;77;77;77m[48;2;0;0;0m [38;2;77;77;77m[48;2;0;0;0m [38;2;77;77;77m[48;2;0;0;0m [38;2;77;77;77m[48;2;0;0;0m [38;2;77;77;77m[48;2;0;0;0m [38;2;77;77;77m[48;2;0;0;0m [38;2;77;77;77m[48;2;0;0;0m [38;2;77;77;77m[48;2;0;0;0m [38;2;77;77;77m[48;2;0;0;0mp[38;2;77;77;77m[48;2;0;0;0ml[38;2;77;77;77m[48;2;0;0;0ma[38;2;77;77;77m[48;2;0;0;0mc[38;2;77;77;77m[48;2;0;0;0me[38;2;77;77;77m[48;2;0;0;0m [38;2;77;77;77m[48;2;0;0;0my[38;2;77;77;77m[48;2;0;0;0mo[38;2;77;77;77m[48;2;0;0;0mu[38;2;77;77;77m[48;2;0;0;0mr[38;2;77;77;77m[48;2;0;0;0m [38;2;77;77;77m[48;2;0;0;0mp[38;2;77;77;77m[48;2;0;0;0mi[38;2;77;77;77m[48;2;0;0;0me[38;2;77;77;77m[48;2;0;0;0mc[38;2;77;77;77m[48;2;0;0;0me[38;2;77;77;77m[48;2;0;0;0m [38;2;77;77;77m[48;2;0;0;0m [38;2;77;77;77m[48;2;0;0;0m [38;2;77;77;77m[48;2;0;0;0m [38;2;77;77;77m[48;2;0;0;0m [38;2;77;77;77m[48;2;0;0;0m [38;2;77;77;77m[48;2;0;0;0m [38;2;77;77;77m[48;2;0;0;0m [38;2;129;129;129m[48;2;0;0;0m│[38;2;129;129;129m[48;2;0;0;71m [38;2;129;129;129m[48;2;0;0;71m0[38;2;129;129;129m[48;2;0;0;71m0[38;2;129;129;129m[48;2;0;0;71m [38;2;101;101;101m[48;2;0;0;71ml[38;2;101;101;101m[48;2;0;0;71mo[38;2;101;101;101m[48;2;0;0;71ms[38;2;101;101;101m[48;2;0;0;71mt[38;2;101;101;101m[48;2;0;0;71m [38;2;101;101;101m[48;2;0;0;71m [38;2;101;101;101m[48;2;0;0;71m [38;2;101;101;101m[48;2;0;0;71m│[0m
[38;2;129;129;129m[48;2;0;0;0m╰[38;2;129;129;129m[48;2;0;0;0m─[38;2;129;129;129m[48;2;0;0;0m─[38;2;129;129;129m[48;2;0;0;0m─[38;2;129;129;129m[48;2;0;0;0m─[38;2;129;129;129m[48;2;0;0;0m─[38;2;129;129;129m[48;2;0;0;0m─[38;2;129;129;129m[48;2;0;0;0m─[38;2;129;129;129m[48;2;0;0;0m─[38;2;129;129;129m[48;2;0;0;0m─[38;2;129;129;129m[48;2;0;0;0m─[38;2;129;129;129m[48;2;0;0;0m─[38;2;129;129;129m[48;2;0;0;0m⮜[38;2;129;129;129m[48;2;0;0;0m[38;2;129;129;129m[48;2;0;0;0m [38;2;129;129;129m[48;2;0;0;0m [38;2;129;129;129m[48;2;0;0;0m [38;2;129;129;129m[48;2;0;0;0m [38;2;129;129;129m[48;2;0;0;0m [38;2;129;129;129m[48;2;0;0;0m [38;2;129;129;129m[48;2;0;0;0m [38;2;129;129;129m[48;2;0;0;0m [38;2;129;129;129m[48;2;0;0;0m [38;2;129;129;129m[48;2;0;0;0m [38;2;129;129;129m[48;2;0;0;0m [38;2;129;129;129m[48;2;0;0;0m [38;2;129;129;129m[48;2;0;0;0m [38;2;129;129;129m[48;2;0;0;0m [38;2;129;129;129m[48;2;0;0;0m [38;2;129;129;129m[48;2;0;0;0m [38;2;129;129;129m[48;2;0;0;0m [38;2;129;129;129m[48;2;0;0;0m [38;2;129;129;129m[48;2;0;0;0m [38;2;129;129;129m[48;2;0;0;0m [38;2;129;129;129m[48;2;0;0;0m [38;2;129;129;129m[48;2;0;0;0m [38;2;129;129;129m[48;2;0;0;0m [38;2;129;129;129m[48;2;0;0;0m [38;2;129;129;129m[48;2;0;0;0m [38;2;129;129;129m[48;2;0;0;0m [38;2;129;129;129m[48;2;0;0;0m [38;2;129;129;129m[48;2;0;0;0m [38;2;129;129;129m[48;2;0;0;0m [38;2;129;129;129m[48;2;0;0;0m [38;2;129;129;129m[48;2;0;0;0m [38;2;129;129;129m[48;2;0;0;0m [38;2;129;129;129m[48;2;0;0;0m [38;2;129;129;129m[48;2;0;0;0m[38;2;129;129;129m[48;2;0;0;0m⮞[38;2;129;129;129m[48;2;0;0;0m─[38;2;129;129;129m[48;2;0;0;0m─[38;2;129;129;129m[48;2;0;0;0m─[38;2;129;129;129m[48;2;0;0;0m─[38;2;129;129;129m[48;2;0;0;0m─[38;2;129;129;129m[48;2;0;0;0m─[38;2;129;129;129m[48;2;0;0;0m─[38;2;129;129;129m[48;2;0;0;0m─[38;2;129;129;129m[48;2;0;0;0m─[38;2;129;129;129m[48;2;0;0;0m─[38;2;129;129;129m[48;2;0;0;0m─[38;2;129;129;129m[48;2;0;0;0m╯[0m
