[48;2;0;0;71m[38;2;129;129;129m╭─[48;2;0;0;71m[38;2;188;188;188m_\\\/[48;2;0;0;71m[38;2;129;129;129m ────────────────────────────────────────╮[0m
[48;2;0;0;71m[38;2;129;129;129m│[48;2;0;0;71m[38;2;159;159;159m = ..' [48;2;0;0;71m[38;2;159;159;159mIRCgipf    [48;2;0;0;71m[38;2;19;19;19ml o v e   l o v e [48;2;0;0;71m[38;2;159;159;159m  __:__:__ [48;2;0;0;71m[38;2;129;129;129m│[0m
[48;2;0;0;71m[38;2;129;129;129m│[48;2;0;0;71m[38;2;159;159;159m C  \)    [48;2;0;0;71m[38;2;101;101;101m 0.8       [48;2;0;0;71m[38;2;159;159;159m◖[48;2;159;159;159m[38;2;0;0;0me-9[48;2;0;0;71m[38;2;159;159;159m◗     [48;2;0;0;71m[38;2;40;40;40ml o v e  [48;2;0;0;71m[38;2;159;159;159m __-__ [48;2;0;0;71m[38;2;129;129;129m│[0m
[48;2;0;0;71m[38;2;129;129;129m│[48;2;0;0;71m[38;2;129;129;129m  \ - [48;2;0;0;71m[38;2;129;129;129m◖[48;2;129;129;129m[38;2;0;0;0mn[48;2;0;0;71m[38;2;129;129;129m◗        [48;2;0;0;71m[38;2;159;159;159m◖[48;2;159;159;159m[38;2;0;0;0md8[48;2;0;0;0m[38;2;129;129;129m▌[48;2;0;0;0m[38;2;40;40;40m  │  [48;2;0;0;0m[38;2;129;129;129m▐[48;2;159;159;159m[38;2;0;0;0mf8[48;2;0;0;71m[38;2;159;159;159m◗    [48;2;0;0;71m[38;2;40;40;40md e m[48;2;0;0;71m[38;2;129;129;129m   ____ [48;2;0;0;71m[38;2;129;129;129m│[0m
[48;2;0;0;71m[38;2;129;129;129m│[48;2;0;0;71m[38;2;77;77;77m  ╱│╲    [48;2;0;0;71m[38;2;77;77;77m⮞    [48;2;0;0;71m[38;2;159;159;159m◖[48;2;159;159;159m[38;2;0;0;0mc7[48;2;19;19;19m[38;2;129;129;129m▌[48;2;0;0;0m[38;2;40;40;40m  │╲ [48;2;0;0;0m[38;2;19;19;19m╵ [48;2;0;0;0m[38;2;40;40;40m╱│  [48;2;0;0;0m[38;2;129;129;129m▐[48;2;159;159;159m[38;2;0;0;0mg7[48;2;0;0;71m[38;2;159;159;159m◗[48;2;0;0;71m[38;2;40;40;40m  m o u s e s [48;2;0;0;71m[38;2;129;129;129m│[0m
[48;2;0;0;71m[38;2;129;129;129m│[48;2;0;0;71m[38;2;129;129;129m◖[48;2;129;129;129m[38;2;0;0;0mw[48;2;101;101;101m[38;2;0;0;71m┃[48;2;129;129;129m[38;2;0;0;0ms[48;2;101;101;101m[38;2;0;0;71m┃[48;2;129;129;129m[38;2;0;0;0me[48;2;101;101;101m[38;2;0;0;71m┃[48;2;129;129;129m[38;2;0;0;0ms[48;2;0;0;71m[38;2;129;129;129m◗  [48;2;0;0;71m[38;2;159;159;159m◖[48;2;159;159;159m[38;2;0;0;0mb6[48;2;0;0;0m[38;2;129;129;129m▌[48;2;0;0;0m[38;2;40;40;40m  │╲ [48;2;0;0;0m[38;2;19;19;19m╵ [48;2;0;0;0m[38;2;77;77;77m(_) [48;2;0;0;0m[38;2;19;19;19m╵ [48;2;0;0;0m[38;2;40;40;40m╱│  [48;2;0;0;0m[38;2;129;129;129m▐[48;2;159;159;159m[38;2;0;0;0mh6[48;2;0;0;71m[38;2;159;159;159m◗[48;2;0;0;71m[38;2;0;0;0m  m o u s e[48;2;0;0;71m[38;2;129;129;129m│[0m
[48;2;0;0;71m[38;2;129;129;129m│[48;2;0;0;71m[38;2;0;0;0m▁▃▄▄▄▄▅▅▅▅▅▅[48;2;0;0;0m[38;2;40;40;40m  │╲ [48;2;0;0;0m[38;2;19;19;19m╵[48;2;0;0;0m[38;2;101;101;101m (_)[48;2;0;0;0m[38;2;19;19;19m│[48;2;0;0;0m[38;2;101;101;101m(_) [48;2;0;0;0m[38;2;19;19;19m╵ [48;2;0;0;0m[38;2;40;40;40m╱│  [48;2;0;0;71m[38;2;0;0;0m▅▅▅▅▅▅▄▄▄▄▃▁[48;2;0;0;71m[38;2;129;129;129m│[0m
[48;2;0;0;0m[38;2;129;129;129m┆        [48;2;0;0;0m[38;2;159;159;159m◖[48;2;159;159;159m[38;2;0;0;0ma5[48;2;0;0;0m[38;2;129;129;129m▌[48;2;0;0;0m[38;2;54;54;54m [48;2;0;0;0m[38;2;19;19;19m╵ [48;2;0;0;0m[38;2;101;101;101m(_)[48;2;0;0;0m[38;2;19;19;19m│[48;2;0;0;0m[38;2;129;129;129m(_)[48;2;0;0;0m[38;2;19;19;19m│[48;2;0;0;0m[38;2;101;101;101m(_)[48;2;0;0;0m[38;2;19;19;19m ╵ [48;2;0;0;0m[38;2;40;40;40m[48;2;0;0;0m[38;2;129;129;129m▐[48;2;159;159;159m[38;2;0;0;0mi5[48;2;0;0;0m[38;2;159;159;159m◗        [48;2;0;0;0m[38;2;129;129;129m┆[0m
[48;2;0;0;0m[38;2;129;129;129m┊  [48;2;0;0;0m[38;2;101;101;101m⣒[48;2;0;0;0m[38;2;129;129;129m⣒[48;2;0;0;0m[38;2;159;159;159m⣒        [48;2;0;0;0m[38;2;129;129;129m(_)[48;2;0;0;0m[38;2;19;19;19m│[48;2;0;0;0m[38;2;159;159;159m(_)[48;2;0;0;0m[38;2;40;40;40m│[48;2;0;0;0m[38;2;159;159;159m(_)[48;2;0;0;0m[38;2;19;19;19m│[48;2;0;0;0m[38;2;129;129;129m(_)        [48;2;0;0;0m[38;2;101;101;101m⣀[48;2;0;0;0m[38;2;129;129;129m⣀[48;2;0;0;0m[38;2;159;159;159m⣀  [48;2;0;0;0m[38;2;129;129;129m┊[0m
[48;2;0;0;0m[38;2;129;129;129m┊  [48;2;0;0;0m[38;2;101;101;101m⣒[48;2;0;0;0m[38;2;129;129;129m⣒[48;2;0;0;0m[38;2;159;159;159m⣒  [48;2;0;0;0m[38;2;159;159;159m◖[48;2;159;159;159m[38;2;0;0;0ma4[48;2;0;0;0m[38;2;101;101;101m▌[48;2;0;0;0m[38;2;54;54;54m═⮜ [48;2;0;0;0m[38;2;19;19;19m│[48;2;0;0;0m[38;2;159;159;159m(_)[48;2;0;0;0m[38;2;40;40;40m│[48;2;0;0;0m[38;2;159;159;159m(_)[48;2;0;0;0m[38;2;40;40;40m│[48;2;0;0;0m[38;2;129;129;129m(_)[48;2;0;0;0m[38;2;19;19;19m│ [48;2;0;0;0m[38;2;54;54;54m⮞═[48;2;0;0;0m[38;2;129;129;129m▐[48;2;159;159;159m[38;2;0;0;0mi4[48;2;0;0;0m[38;2;159;159;159m◗  [48;2;0;0;0m[38;2;101;101;101m⣒[48;2;0;0;0m[38;2;129;129;129m⣒[48;2;0;0;0m[38;2;159;159;159m⣒  [48;2;0;0;0m[38;2;129;129;129m┊[0m
[48;2;0;0;0m[38;2;129;129;129m┊  [48;2;0;0;0m[38;2;101;101;101m⣒[48;2;0;0;0m[38;2;129;129;129m⣒[48;2;0;0;0m[38;2;159;159;159m⣒        [48;2;0;0;0m[38;2;129;129;129m(_)[48;2;0;0;0m[38;2;40;40;40m│[48;2;0;0;0m[38;2;159;159;159m(_)[48;2;0;0;0m[38;2;40;40;40m│[48;2;0;0;0m[38;2;159;159;159m(_)[48;2;0;0;0m[38;2;19;19;19m│[48;2;0;0;0m[38;2;129;129;129m(_)        [48;2;0;0;0m[38;2;101;101;101m⣒[48;2;0;0;0m[38;2;129;129;129m⣒[48;2;0;0;0m[38;2;159;159;159m⣒  [48;2;0;0;0m[38;2;129;129;129m┊[0m
[48;2;0;0;0m[38;2;129;129;129m┊  [48;2;0;0;0m[38;2;159;159;159m⣒[48;2;0;0;0m[38;2;129;129;129m⣒[48;2;0;0;0m[38;2;101;101;101m⣒  [48;2;0;0;0m[38;2;159;159;159m◖[48;2;159;159;159m[38;2;0;0;0ma3[48;2;0;0;0m[38;2;101;101;101m▌[48;2;0;0;0m[38;2;54;54;54m═⮜ [48;2;0;0;0m[38;2;40;40;40m│[48;2;0;0;0m[38;2;159;159;159m(_)[48;2;0;0;0m[38;2;40;40;40m│[48;2;0;0;0m[38;2;159;159;159m(_)[48;2;0;0;0m[38;2;40;40;40m│[48;2;0;0;0m[38;2;159;159;159m(_)[48;2;0;0;0m[38;2;40;40;40m│ [48;2;0;0;0m[38;2;54;54;54m⮞═[48;2;0;0;0m[38;2;129;129;129m▐[48;2;159;159;159m[38;2;0;0;0mi3[48;2;0;0;0m[38;2;159;159;159m◗  [48;2;0;0;0m[38;2;159;159;159m⣒[48;2;0;0;0m[38;2;129;129;129m⣒[48;2;0;0;0m[38;2;101;101;101m⣒  [48;2;0;0;0m[38;2;129;129;129m┆[0m
[48;2;0;0;0m[38;2;129;129;129m┊  [48;2;0;0;0m[38;2;159;159;159m⣒[48;2;0;0;0m[38;2;129;129;129m⣒[48;2;0;0;0m[38;2;101;101;101m⣒  [48;2;0;0;0m[38;2;77;77;77m      [48;2;0;0;0m[38;2;129;129;129m(_)[48;2;0;0;0m[38;2;40;40;40m│[48;2;0;0;0m[38;2;159;159;159m(_)[48;2;0;0;0m[38;2;40;40;40m│[48;2;0;0;0m[38;2;159;159;159m(_)[48;2;0;0;0m[38;2;40;40;40m│[48;2;0;0;0m[38;2;129;129;129m(_)        [48;2;0;0;0m[38;2;159;159;159m⣒[48;2;0;0;0m[38;2;129;129;129m⣒[48;2;0;0;0m[38;2;101;101;101m⣒  [48;2;0;0;0m[38;2;129;129;129m┊[0m
[48;2;0;0;0m[38;2;129;129;129m┊  [48;2;0;0;0m[38;2;159;159;159m⣒[48;2;0;0;0m[38;2;129;129;129m⣒[48;2;0;0;0m[38;2;101;101;101m⣒  [48;2;0;0;0m[38;2;159;159;159m◖[48;2;159;159;159m[38;2;0;0;0ma2[48;2;0;0;0m[38;2;101;101;101m▌[48;2;0;0;0m[38;2;54;54;54m═⮜ [48;2;0;0;0m[38;2;40;40;40m│[48;2;0;0;0m[38;2;159;159;159m(_)[48;2;0;0;0m[38;2;40;40;40m│[48;2;0;0;0m[38;2;159;159;159m(_)[48;2;0;0;0m[38;2;40;40;40m│[48;2;0;0;0m[38;2;129;129;129m(_)[48;2;0;0;0m[38;2;40;40;40m│ [48;2;0;0;0m[38;2;77;77;77m⮞═[48;2;0;0;0m[38;2;129;129;129m▐[48;2;159;159;159m[38;2;0;0;0mi2[48;2;0;0;0m[38;2;159;159;159m◗  [48;2;0;0;0m[38;2;159;159;159m⣒[48;2;0;0;0m[38;2;129;129;129m⣒[48;2;0;0;0m[38;2;101;101;101m⣒  [48;2;0;0;0m[38;2;129;129;129m┆[0m
[48;2;0;0;0m[38;2;129;129;129m┊  [48;2;0;0;0m[38;2;159;159;159m⣒[48;2;0;0;0m[38;2;129;129;129m⣒[48;2;0;0;0m[38;2;101;101;101m⣒  [48;2;0;0;0m[38;2;77;77;77m      [48;2;0;0;0m[38;2;129;129;129m(_)[48;2;0;0;0m[38;2;40;40;40m│[48;2;0;0;0m[38;2;129;129;129m(_)[48;2;0;0;0m[38;2;40;40;40m│[48;2;0;0;0m[38;2;129;129;129m(_)[48;2;0;0;0m[38;2;40;40;40m│[48;2;0;0;0m[38;2;129;129;129m(_)        [48;2;0;0;0m[38;2;159;159;159m⣒[48;2;0;0;0m[38;2;129;129;129m⣒[48;2;0;0;0m[38;2;101;101;101m⣒  [48;2;0;0;0m[38;2;129;129;129m┊[0m
[48;2;0;0;0m[38;2;129;129;129m┆  [48;2;0;0;0m[38;2;159;159;159m⣒[48;2;0;0;0m[38;2;129;129;129m⣒[48;2;0;0;0m[38;2;101;101;101m⣒   [48;2;0;0;0m[38;2;159;159;159m◖[48;2;159;159;159m[38;2;0;0;0ma1[48;2;0;0;0m[38;2;129;129;129m▌[48;2;0;0;0m[38;2;77;77;77m [48;2;0;0;0m[38;2;54;54;54m╷[48;2;0;0;0m[38;2;40;40;40m[48;2;0;0;0m[38;2;101;101;101m(_)[48;2;0;0;0m[38;2;40;40;40m│[48;2;0;0;0m[38;2;129;129;129m(_)[48;2;0;0;0m[38;2;40;40;40m│[48;2;0;0;0m[38;2;101;101;101m(_)[48;2;0;0;0m[38;2;40;40;40m[48;2;0;0;0m[38;2;54;54;54m╷ [48;2;0;0;0m[38;2;101;101;101m[48;2;0;0;0m[38;2;129;129;129m▐[48;2;159;159;159m[38;2;0;0;0mi1[48;2;0;0;0m[38;2;159;159;159m◗[48;2;0;0;0m[38;2;77;77;77m   [48;2;0;0;0m[38;2;159;159;159m⣒[48;2;0;0;0m[38;2;129;129;129m⣒[48;2;0;0;0m[38;2;101;101;101m⣒  [48;2;0;0;0m[38;2;129;129;129m┆[0m
[48;2;0;0;0m[38;2;129;129;129m┆  [48;2;0;0;0m[38;2;159;159;159m⣒[48;2;0;0;0m[38;2;129;129;129m⣒[48;2;0;0;0m[38;2;101;101;101m⣒   [48;2;0;0;0m[38;2;77;77;77m      [48;2;0;0;0m[38;2;77;77;77m│╱ [48;2;0;0;0m[38;2;54;54;54m╷[48;2;0;0;0m[38;2;40;40;40m[48;2;0;0;0m[38;2;101;101;101m(_)[48;2;0;0;0m[38;2;40;40;40m│[48;2;0;0;0m[38;2;101;101;101m(_)[48;2;0;0;0m[38;2;40;40;40m[48;2;0;0;0m[38;2;54;54;54m╷ [48;2;0;0;0m[38;2;77;77;77m╲│         [48;2;0;0;0m[38;2;159;159;159m⣒[48;2;0;0;0m[38;2;129;129;129m⣒[48;2;0;0;0m[38;2;101;101;101m⣒  [48;2;0;0;0m[38;2;129;129;129m┆[0m
[48;2;0;0;0m[38;2;129;129;129m┆  [48;2;0;0;0m[38;2;159;159;159m⣒[48;2;0;0;0m[38;2;129;129;129m⣒[48;2;0;0;0m[38;2;101;101;101m⣒      [48;2;0;0;0m[38;2;159;159;159m◖[48;2;159;159;159m[38;2;0;0;0mb1[48;2;0;0;0m[38;2;129;129;129m▌ [48;2;0;0;0m[38;2;77;77;77m │╱[48;2;0;0;0m[38;2;54;54;54m ╷[48;2;0;0;0m[38;2;40;40;40m[48;2;0;0;0m[38;2;101;101;101m(_)[48;2;0;0;0m[38;2;40;40;40m[48;2;0;0;0m[38;2;54;54;54m╷ [48;2;0;0;0m[38;2;77;77;77m╲│  [48;2;0;0;0m[38;2;129;129;129m▐[48;2;159;159;159m[38;2;0;0;0mh1[48;2;0;0;0m[38;2;159;159;159m◗[48;2;0;0;0m[38;2;77;77;77m      [48;2;0;0;0m[38;2;159;159;159m⣒[48;2;0;0;0m[38;2;129;129;129m⣒[48;2;0;0;0m[38;2;101;101;101m⣒  [48;2;0;0;0m[38;2;129;129;129m┆[0m
[48;2;0;0;0m[38;2;129;129;129m┆  [48;2;0;0;0m[38;2;159;159;159m⣒[48;2;0;0;0m[38;2;129;129;129m⣒[48;2;0;0;0m[38;2;101;101;101m⣒         [48;2;0;0;0m[38;2;159;159;159m◖[48;2;159;159;159m[38;2;0;0;0mc1[48;2;0;0;0m[38;2;129;129;129m▌ [48;2;0;0;0m[38;2;77;77;77m │╱[48;2;0;0;0m[38;2;54;54;54m ╷ [48;2;0;0;0m[38;2;77;77;77m╲│  [48;2;0;0;0m[38;2;129;129;129m▐[48;2;159;159;159m[38;2;0;0;0mg1[48;2;0;0;0m[38;2;159;159;159m◗[48;2;0;0;0m[38;2;77;77;77m         [48;2;0;0;0m[38;2;159;159;159m⣒[48;2;0;0;0m[38;2;129;129;129m⣒[48;2;0;0;0m[38;2;101;101;101m⣒  [48;2;0;0;0m[38;2;129;129;129m┆[0m
[48;2;0;0;0m[38;2;129;129;129m│[48;2;0;0;0m[38;2;0;0;116m▆▄▃▃▃▂▂▂▂▂▂▂▂▂▂▂▂[48;2;0;0;0m[38;2;159;159;159m◖[48;2;159;159;159m[38;2;0;0;0md1[48;2;0;0;0m[38;2;129;129;129m▌  [48;2;0;0;0m[38;2;77;77;77m│  [48;2;0;0;0m[38;2;129;129;129m▐[48;2;159;159;159m[38;2;0;0;0mf1[48;2;0;0;0m[38;2;159;159;159m◗[48;2;0;0;0m[38;2;77;77;77m[48;2;0;0;0m[38;2;0;0;116m▂▂▂▂▂▂▂▂▂▂▂▂▃▃▃▄▆[48;2;0;0;0m[38;2;129;129;129m│[0m
[48;2;0;0;0m[38;2;129;129;129m│[48;2;0;0;71m[38;2;159;159;159m  ____________       [48;2;0;0;71m[38;2;159;159;159m◖[48;2;159;159;159m[38;2;0;0;0me-1[48;2;0;0;71m[38;2;159;159;159m◗  [48;2;0;0;71m[38;2;159;159;159m      ____________ [48;2;0;0;71m[38;2;129;129;129m│[0m
[48;2;0;0;0m[38;2;129;129;129m│[48;2;0;0;71m[38;2;159;159;159m  [48;2;0;0;71m[38;2;101;101;101mcircle:[48;2;0;0;71m[38;2;129;129;129m 00    [48;2;0;0;71m[38;2;40;40;40mi2s a3n d8e f1w   [48;2;0;0;71m[38;2;101;101;101msquare:[48;2;0;0;71m[38;2;129;129;129m 00   [48;2;0;0;71m[38;2;129;129;129m│[0m
[48;2;0;0;0m[38;2;129;129;129m│[48;2;0;0;71m[38;2;159;159;159m    [48;2;0;0;71m[38;2;101;101;101mlost:[48;2;0;0;71m[38;2;129;129;129m 00  [48;2;0;0;71m[38;2;77;77;77mplace your piece now[48;2;0;0;71m[38;2;101;101;101m  lost:[48;2;0;0;71m[38;2;129;129;129m 00   [48;2;0;0;71m[38;2;129;129;129m│[0m
[48;2;0;0;71m[38;2;129;129;129m╰─────────────────⮜  Player _ ⮞─────────────────╯[0m
