[48;2;156;255;255m[38;2;156;255;255m     [38;2;40;40;40m▁▁▂▂▃▃▃▃▃▃▂▂▂▂▂▂▂▂▁▁▁▂▂▂▂▃▃▃▃▃▃▃▃▃▃[48;2;153;251;251m▅[48;2;153;251;252m▅▅▅▅▅[48;2;156;255;255m▅▃[48;2;152;250;250m▃[48;2;153;251;251m▃[48;2;153;251;252m▃[48;2;152;249;250m▂[48;2;153;251;251m▂[38;2;40;43;43m▂[48;2;152;250;251m[38;2;40;40;40m▂[48;2;152;250;250m▂[48;2;152;249;250m▁[48;2;152;250;250m▁[48;2;152;250;251m[38;2;40;43;43m▁[48;2;153;251;251m[38;2;92;150;152m▁[38;2;146;240;241m▁[48;2;156;255;255m[38;2;151;249;250m▅[38;2;152;249;250m▅▅▅[38;2;151;249;250m▅▅▅▅[38;2;152;249;250m▅▅[38;2;151;249;250m▅▅▅[38;2;152;249;250m▅▅▅▅▅▅[0m
[48;2;147;243;244m[38;2;144;239;242m▅[48;2;144;239;241m[38;2;144;239;241m [38;2;40;40;40m▄[48;2;156;255;255m▆[48;2;40;40;40m[38;2;255;255;255m▁▂▃▃▃▄▄▄▄▄▄▃▃▃▃▃▂▂▂▂▂▂▂▂▂▃▃▃▃▃▃▃▃▃▄▄▄▄▄▄▄▄▄▄▄▃▃▂▂▂▂▁▁▁▁▁[38;2;141;141;143m▁[48;2;74;119;122m[38;2;40;40;40m▇[48;2;146;240;240m▇[48;2;151;247;248m▆[48;2;150;247;248m▅▅▅[48;2;146;242;244m▃[38;2;49;76;80m▁[48;2;149;245;247m[38;2;146;242;244m▅▅[48;2;149;246;247m[38;2;147;242;244m▅[38;2;146;242;244m▅[38;2;147;242;244m▅▅▅▅▅▅▅[0m
[48;2;142;236;239m[38;2;140;233;236m▅[48;2;40;40;40m[38;2;143;237;240m▌[38;2;255;255;255m▗[48;2;255;255;255m[38;2;13;0;0m▗▄[38;2;255;255;255m     [38;2;242;241;241m▁[38;2;255;255;255m [38;2;13;0;0m▖[38;2;255;255;255m       [38;2;13;0;0m▖[38;2;255;255;255m       [38;2;242;241;241m▁[38;2;255;255;255m [38;2;242;241;241m▁[38;2;255;255;255m                   [38;2;242;241;241m▁[38;2;255;255;255m      [38;2;242;241;241m▁[38;2;255;255;255m    [48;2;142;141;143m▇[48;2;242;241;241m▆[48;2;40;40;40m▆▆▅▃[38;2;144;143;146m▁[48;2;145;241;242m[38;2;40;40;40m▆[48;2;145;240;242m▃[48;2;138;229;232m[38;2;138;229;232m [48;2;144;239;241m[38;2;142;236;238m▅[48;2;144;239;242m[38;2;142;236;239m▅[48;2;144;239;241m[38;2;142;236;238m▅[38;2;142;236;239m▅[48;2;144;239;242m[38;2;142;236;238m▅[38;2;142;236;239m▅▅[48;2;145;240;242m▅[0m
[48;2;140;233;236m[38;2;140;233;236m [48;2;40;40;40m[38;2;40;40;40m [48;2;255;255;255m▌[48;2;13;0;0m[38;2;255;255;255m▌[48;2;255;255;255m [38;2;13;0;0m▌[48;2;13;0;0m[38;2;255;255;255m▚[48;2;255;255;255m[38;2;13;0;0m▖[48;2;13;0;0m[38;2;255;255;255m▚[48;2;255;255;255m[38;2;13;0;0m▖[48;2;13;0;0m[38;2;255;255;255m▗[48;2;255;255;255m[38;2;13;0;0m▖▌[48;2;13;0;0m[38;2;255;255;255m▚[48;2;255;255;255m[38;2;13;0;0m▖[38;2;255;255;255m  [38;2;13;0;0m▌[38;2;255;255;255m [38;2;13;0;0m▌[48;2;13;0;0m[38;2;255;255;255m▝[48;2;255;255;255m [48;2;13;0;0m▚[48;2;255;255;255m[38;2;13;0;0m▖[38;2;255;255;255m  [48;2;13;0;0m▚[48;2;255;255;255m[38;2;13;0;0m▖[48;2;13;0;0m[38;2;255;255;255m▗[48;2;255;255;255m[38;2;13;0;0m▖[48;2;13;0;0m[38;2;255;255;255m▗[48;2;255;255;255m[38;2;13;0;0m▖[48;2;13;0;0m[38;2;255;255;255m▚[48;2;255;255;255m[38;2;13;0;0m▖[48;2;13;0;0m[38;2;255;255;255m▚[48;2;255;255;255m[38;2;13;0;0m▘[48;2;13;0;0m[38;2;255;255;255m▚[48;2;255;255;255m[38;2;13;0;0m▖[38;2;255;255;255m  [48;2;13;0;0m▚[48;2;255;255;255m[38;2;13;0;0m▌[48;2;13;0;0m[38;2;255;255;255m▚[48;2;255;255;255m[38;2;13;0;0m▖▌▌[48;2;13;0;0m[38;2;255;255;255m▚[48;2;255;255;255m[38;2;13;0;0m▖[48;2;13;0;0m[38;2;255;255;255m▚[48;2;255;255;255m[38;2;13;0;0m▘[48;2;13;0;0m[38;2;255;255;255m▗[48;2;255;255;255m[38;2;13;0;0m▖[48;2;13;0;0m[38;2;255;255;255m▝[48;2;255;255;255m[38;2;13;0;0m▄▌[48;2;13;0;0m[38;2;255;255;255m▚[48;2;255;255;255m[38;2;13;0;0m▖[48;2;13;0;0m[38;2;255;255;255m▗[48;2;255;255;255m[38;2;13;0;0m▖[48;2;13;0;0m[38;2;255;255;255m▘[48;2;255;255;255m[38;2;13;0;0m▖▅▖[48;2;13;0;0m[38;2;255;255;255m▚[48;2;255;255;255m[38;2;13;0;0m▘▌▌[48;2;13;0;0m[38;2;255;255;255m▗[48;2;255;255;255m[38;2;13;0;0m▖[48;2;40;40;40m[38;2;255;255;255m▆▖[38;2;40;40;40m [48;2;134;223;227m[38;2;59;94;99m▖[48;2;139;232;235m[38;2;137;229;233m▅[48;2;139;232;236m▅▅[48;2;140;232;236m▅[48;2;139;232;236m▅[48;2;140;232;236m▅▅[0m
[48;2;83;126;128m[38;2;126;212;217m▌[48;2;147;147;147m[38;2;40;40;40m▊[48;2;255;255;255m[38;2;254;254;254m [48;2;13;0;0m[38;2;255;255;255m▌▄[48;2;255;255;255m [48;2;13;0;0m▗[48;2;255;255;255m[38;2;13;0;0m▘▌▌[48;2;13;0;0m[38;2;255;255;255m▝[48;2;255;255;255m[38;2;13;0;0m▘▌[48;2;13;0;0m[38;2;255;255;255m▗[48;2;255;255;255m[38;2;13;0;0m▘[38;2;255;255;255m  [48;2;13;0;0m▝▝[48;2;255;255;255m[38;2;13;0;0m▌▌▌▌▌[38;2;255;255;255m  [38;2;13;0;0m▌▌[48;2;13;0;0m[38;2;255;255;255m▝[48;2;255;255;255m[38;2;13;0;0m▘[48;2;13;0;0m[38;2;255;255;255m▝[48;2;255;255;255m[38;2;13;0;0m▘▌▌▝▖[48;2;13;0;0m[38;2;255;255;255m▗[48;2;255;255;255m[38;2;13;0;0m▘[38;2;255;255;255m  [38;2;13;0;0m▚▌▌▌▌▌[48;2;13;0;0m[38;2;255;255;255m▗[48;2;255;255;255m[38;2;13;0;0m▘▌[38;2;255;255;255m [38;2;13;0;0m▌▌▌▘▌[48;2;13;0;0m[38;2;255;255;255m▗[48;2;255;255;255m[38;2;13;0;0m▘▌▌[48;2;13;0;0m[38;2;255;255;255m▌[48;2;255;255;255m   [38;2;13;0;0m▌[38;2;255;255;255m [38;2;13;0;0m▌▌▌▌[38;2;255;255;255m  [48;2;40;40;40m▎[38;2;40;40;40m [48;2;135;225;230m[38;2;132;222;227m▅[48;2;134;225;230m▅[48;2;134;226;230m▅▅[48;2;135;226;230m▅▅[48;2;134;226;230m▅[0m
[48;2;40;40;40m[38;2;126;214;220m▌[38;2;147;147;147m [48;2;255;255;255m[38;2;254;254;254m [38;2;13;0;0m▝[38;2;255;255;255m  [38;2;13;0;0m▝▘▝[38;2;255;255;255m [38;2;13;0;0m▌[38;2;255;255;255m [38;2;13;0;0m▘▝▘[38;2;255;255;255m  [38;2;13;0;0m▘[38;2;255;255;255m [38;2;13;0;0m▘▘▘▝[38;2;255;255;255m   [38;2;13;0;0m▝[38;2;255;255;255m [38;2;13;0;0m▌[38;2;255;255;255m [38;2;13;0;0m▌[38;2;255;255;255m [38;2;13;0;0m▝[38;2;255;255;255m [48;2;13;0;0m▄[48;2;255;255;255m [38;2;13;0;0m▝▘[38;2;255;255;255m  [38;2;13;0;0m▅▘▝[38;2;255;255;255m [38;2;13;0;0m▝[38;2;255;255;255m [38;2;13;0;0m▝▘▘[38;2;255;255;255m [38;2;13;0;0m▘▘▘[38;2;255;255;255m [38;2;13;0;0m▘▝▘▘▘▝[38;2;255;255;255m   [38;2;13;0;0m▘[38;2;255;255;255m [48;2;13;0;0m▄[48;2;255;255;255m[38;2;13;0;0m▘▘▘[38;2;255;255;255m  [48;2;40;40;40m[38;2;131;131;133m▎[48;2;129;217;223m[38;2;40;40;40m▊[48;2;129;218;224m[38;2;127;215;221m▅[48;2;129;219;224m▅▅[48;2;130;219;224m▅▅▅▅[0m
[48;2;40;40;40m[38;2;121;207;214m▌[38;2;40;40;40m [48;2;255;255;255m[38;2;147;147;147m [38;2;255;255;255m   [38;2;13;0;0m▌[38;2;255;255;255m [38;2;13;0;0m▗[38;2;255;255;255m [38;2;13;0;0m▅[38;2;255;255;255m [48;2;13;0;0m▌[48;2;255;255;255m [48;2;13;0;0m▌[48;2;255;255;255m [38;2;13;0;0m▌[38;2;255;255;255m [38;2;13;0;0m▗▖▅[38;2;255;255;255m [38;2;13;0;0m▗▖▗[38;2;255;255;255m   [38;2;13;0;0m▅[38;2;255;255;255m [38;2;13;0;0m▗▖▗[38;2;255;255;255m   [38;2;13;0;0m▅[38;2;255;255;255m [38;2;13;0;0m▗[38;2;255;255;255m [38;2;13;0;0m▗[38;2;255;255;255m [38;2;13;0;0m▗▖[48;2;13;0;0m[38;2;255;255;255m▌[48;2;255;255;255m [38;2;13;0;0m▖▖[38;2;255;255;255m  [38;2;13;0;0m▗[38;2;255;255;255m  [38;2;13;0;0m▌▖▖▗▖▅[38;2;255;255;255m [48;2;13;0;0m▌[48;2;255;255;255m [38;2;13;0;0m▗[38;2;255;255;255m  [38;2;13;0;0m▌[38;2;255;255;255m     [48;2;40;40;40m[38;2;131;131;133m▎[48;2;124;211;217m[38;2;40;40;40m▌[48;2;124;212;218m[38;2;122;208;215m▅▅[48;2;125;212;218m▅▅▅▅▅[0m
[48;2;76;117;122m[38;2;113;195;204m▌[48;2;40;40;40m[38;2;40;40;40m [48;2;255;255;255m▌[38;2;255;255;255m   [48;2;13;0;0m▗[48;2;255;255;255m[38;2;13;0;0m▖[48;2;13;0;0m[38;2;255;255;255m▝[48;2;255;255;255m[38;2;13;0;0m▌▗▌[48;2;13;0;0m[38;2;255;255;255m▌[48;2;255;255;255m [48;2;13;0;0m▖[48;2;255;255;255m[38;2;13;0;0m▘[48;2;13;0;0m[38;2;255;255;255m▗[48;2;255;255;255m[38;2;13;0;0m▖▌[38;2;255;255;255m [38;2;13;0;0m▗▌▌[38;2;255;255;255m [48;2;13;0;0m▝[48;2;255;255;255m[38;2;13;0;0m▌[38;2;255;255;255m  [38;2;13;0;0m▗▌▌[38;2;255;255;255m [48;2;13;0;0m▝[48;2;255;255;255m[38;2;13;0;0m▌[38;2;255;255;255m  [38;2;13;0;0m▌▌▌▌▌▌▌[38;2;255;255;255m [48;2;13;0;0m▌[48;2;255;255;255m [38;2;13;0;0m▌▌[38;2;255;255;255m  [48;2;13;0;0m▝[48;2;255;255;255m[38;2;13;0;0m▌[48;2;13;0;0m[38;2;255;255;255m▚[48;2;255;255;255m[38;2;13;0;0m▌▌▌▌[38;2;255;255;255m [38;2;13;0;0m▗▌[48;2;13;0;0m[38;2;255;255;255m▖[48;2;255;255;255m[38;2;13;0;0m▘[48;2;13;0;0m[38;2;255;255;255m▝[48;2;255;255;255m[38;2;13;0;0m▌[48;2;13;0;0m[38;2;255;255;255m▚[48;2;255;255;255m[38;2;13;0;0m▌[38;2;255;255;255m    [48;2;40;40;40m[38;2;40;40;40m [38;2;117;201;209m▗[48;2;112;194;203m[38;2;112;194;203m [48;2;119;205;212m[38;2;117;201;209m▅▅[48;2;120;205;212m▅[48;2;119;205;212m▅[48;2;120;205;213m[38;2;117;202;210m▅[48;2;120;206;213m▅[48;2;120;205;212m[38;2;117;201;210m▅[0m
[48;2;113;195;204m[38;2;110;192;201m▅[48;2;110;192;201m[38;2;40;40;40m▝[48;2;40;40;40m [48;2;255;255;255m▂[38;2;255;255;255m  [38;2;13;0;0m▌▌▚▖▚▌[48;2;13;0;0m[38;2;255;255;255m▌[48;2;255;255;255m [48;2;13;0;0m▌[48;2;255;255;255m [38;2;13;0;0m▌▌▚▖▚▌▌[38;2;255;255;255m [38;2;13;0;0m▚▖[38;2;255;255;255m  [38;2;13;0;0m▚▌▌[38;2;255;255;255m [38;2;13;0;0m▚▖[38;2;255;255;255m  [48;2;13;0;0m▗[48;2;255;255;255m [38;2;13;0;0m▚▘▚▘▌[38;2;255;255;255m [48;2;13;0;0m▌[48;2;255;255;255m [38;2;13;0;0m▝▌[38;2;255;255;255m  [38;2;13;0;0m▚▖▚▌[48;2;13;0;0m[38;2;255;255;255m▝[48;2;255;255;255m[38;2;13;0;0m▌▚▖▚▌[48;2;13;0;0m[38;2;255;255;255m▌[48;2;255;255;255m [38;2;13;0;0m▚▖▚▌[38;2;255;255;255m [38;2;247;247;248m [38;2;40;40;40m▃[48;2;40;40;40m [38;2;113;196;205m▗[48;2;112;194;203m[38;2;112;194;203m [48;2;115;198;206m▅[48;2;114;198;206m▅[48;2;115;198;206m▅▅[48;2;115;199;207m[38;2;112;195;203m▅[48;2;115;198;206m[38;2;112;194;203m▅[48;2;114;198;206m▃[48;2;115;198;206m▅[0m
[48;2;106;185;195m[38;2;106;185;195m [48;2;107;188;198m[38;2;105;185;195m▅[38;2;41;62;67m▝[48;2;40;40;40m[38;2;106;186;195m▁[38;2;40;40;40m [48;2;255;255;255m▃▁[38;2;223;223;224m▁[38;2;255;255;255m   [38;2;131;131;133m  [38;2;255;255;255m               [38;2;254;254;254m▁▁[38;2;255;255;255m      [38;2;13;0;0m▘[38;2;255;255;255m         [48;2;13;0;0m▄[48;2;255;255;255m  [38;2;253;253;253m▄[38;2;251;251;251m▄[38;2;255;255;255m    [38;2;254;254;254m━▅▅━[38;2;255;255;255m  [38;2;40;40;40m▂▂▃▃▄▄[48;2;40;40;40m[38;2;107;187;197m▁[38;2;108;188;197m▄▆[48;2;108;188;197m [48;2;109;191;200m[38;2;107;188;197m▅[48;2;110;191;200m[38;2;107;187;197m▅[48;2;110;191;201m[38;2;107;188;198m▅[48;2;110;192;201m▅▅▅[48;2;109;191;200m[38;2;107;188;197m▅[48;2;110;192;201m[38;2;107;188;198m▅▅[0m
[48;2;103;182;192m[38;2;100;178;189m▅▅▅[48;2;103;181;192m▅[48;2;40;40;40m▇▃[38;2;40;40;40m  [48;2;255;255;255m▆[38;2;73;73;76m▖[38;2;255;255;255m [38;2;131;131;133m  [38;2;255;255;255m    [38;2;254;254;254m▁▅[38;2;40;40;40m▃▃▄▄[48;2;254;254;254m▄[48;2;255;255;255m▅▅▆▆▆▆▆▇▇▇▇▇▇▇[48;2;40;40;40m[38;2;97;173;185m▁▁▁▁[38;2;102;180;191m▁▂▂▂▂▂▂▂▂▂▂▂▂▂▂▂▂▂▃▃▃▄▄▆[48;2;102;180;191m[38;2;71;110;115m [48;2;104;184;194m[38;2;102;180;191m▅▅▅[48;2;105;185;195m▅[48;2;104;184;194m▅[48;2;105;184;194m▅[48;2;105;185;195m▅[48;2;104;184;194m▅[48;2;105;184;195m▅[48;2;105;185;195m▅▅▅▅[0m
[48;2;98;175;187m[38;2;95;171;183m▅[48;2;97;174;186m▅[48;2;98;175;186m▅[48;2;98;175;187m[38;2;95;171;184m▅[48;2;98;174;186m[38;2;95;171;183m▅[48;2;98;175;186m[38;2;95;171;184m▅[48;2;98;174;186m[38;2;95;171;183m▅▅[48;2;40;40;40m[38;2;40;40;40m [48;2;73;73;76m▅[48;2;255;255;255m[38;2;242;242;242m▅[38;2;255;255;255m     [38;2;204;204;205m▅[48;2;254;254;254m[38;2;40;40;40m▅[48;2;40;40;40m [38;2;95;171;183m▂[38;2;96;172;184m▃[38;2;94;169;181m▃▄[38;2;97;173;185m▅▅▆▇[48;2;68;106;112m▇▇▇▇▇▇[48;2;97;173;185m[38;2;99;176;188m  [48;2;100;178;189m[38;2;96;172;184m▅[48;2;98;176;187m▅[48;2;99;176;187m▅▅▅[38;2;96;172;185m▅[48;2;99;176;188m▅[38;2;97;173;185m▅[48;2;99;176;187m[38;2;96;172;184m▅[48;2;99;176;188m[38;2;96;173;185m▅[48;2;99;176;187m▅[48;2;102;180;191m▅[48;2;99;176;188m▅[48;2;102;180;191m[38;2;97;173;185m▅▅▅[48;2;99;176;188m[38;2;96;173;185m▅▅[48;2;102;180;191m[38;2;97;173;185m▅[48;2;99;176;188m[38;2;96;173;185m▅▅[38;2;97;173;185m▅▅[48;2;102;180;191m▅▅▅▅▅▅▅▅▅[38;2;97;174;185m▅[38;2;97;174;186m▅▅[38;2;97;174;185m▅[38;2;97;174;186m▅▅▅▅▅▅▅[38;2;98;174;186m▅[38;2;97;174;186m▅[0m
[48;2;93;168;180m[38;2;90;164;178m▅[48;2;92;167;180m[38;2;90;164;177m▅[48;2;93;168;181m[38;2;90;164;178m▅[48;2;93;167;180m[38;2;90;164;177m▅[48;2;93;167;181m▅[48;2;93;167;180m▅▅[48;2;93;168;180m▅[48;2;90;164;177m [48;2;40;40;40m[38;2;40;40;40m [48;2;217;217;218m[38;2;98;97;100m▌[48;2;255;255;255m[38;2;255;255;255m    [38;2;220;220;221m▅[48;2;40;40;40m[38;2;204;204;205m▘[38;2;40;40;40m [48;2;89;162;175m[38;2;42;73;81m▘[48;2;93;168;181m[38;2;91;165;178m▅[38;2;90;165;178m▅[48;2;93;169;181m[38;2;91;165;178m▅▅[48;2;93;168;181m▅[48;2;93;169;181m[38;2;91;165;179m▅[48;2;93;168;181m[38;2;91;165;178m▅[48;2;94;169;181m▅[48;2;93;168;181m▅[48;2;93;169;181m▅[48;2;93;168;181m▅[48;2;93;169;181m▅▅[48;2;93;168;181m▅[48;2;93;169;181m▅▅▅[48;2;93;167;180m[38;2;79;142;154m▁[38;2;52;92;101m▁[48;2;92;167;180m[38;2;40;40;40m▁[48;2;91;165;177m▁[48;2;91;164;176m▁[48;2;92;167;180m▂[48;2;92;167;179m▂[48;2;93;168;181m▂▂[48;2;93;168;180m▂[48;2;93;167;180m▂▂▂[48;2;92;167;179m▂[48;2;91;164;177m▂▂[48;2;93;169;181m▂▂[48;2;94;169;181m▂[48;2;93;169;181m▂▂▂[48;2;94;169;182m▂[48;2;93;169;181m▂[48;2;93;169;182m▂[48;2;93;169;181m▂[48;2;94;169;182m▂▁[48;2;91;163;176m▁[48;2;92;165;178m▁[48;2;93;167;180m▁[48;2;93;168;181m[38;2;35;60;67m▁[48;2;93;169;181m[38;2;45;80;89m▁[38;2;72;131;142m▁[48;2;93;169;182m[38;2;82;148;161m▁[48;2;94;169;181m[38;2;90;164;177m▁[48;2;94;170;183m[38;2;92;167;180m▅[48;2;95;171;183m▅[48;2;95;170;183m▅▅▅▅▅▅[0m
[48;2;87;160;174m[38;2;85;157;171m▅[48;2;88;160;174m▅[48;2;87;160;174m▅[48;2;87;161;175m▅[48;2;88;161;174m▅[38;2;85;157;172m▅[48;2;88;161;175m[38;2;85;157;171m▅[38;2;85;157;172m▅[38;2;85;157;171m▅[48;2;40;40;40m▌[38;2;40;40;40m [48;2;255;255;255m[38;2;254;254;254m▖[38;2;255;255;255m  [38;2;253;253;253m▗[48;2;40;40;40m[38;2;220;220;221m▘[38;2;40;40;40m [48;2;88;161;175m[38;2;86;158;172m▅[48;2;88;162;175m▅▅[48;2;88;161;175m▅[38;2;85;158;172m▅[38;2;86;158;172m▅[38;2;85;158;172m▅[38;2;86;158;172m▅▅▅[48;2;88;162;175m▅▅[48;2;88;161;175m▅[48;2;88;162;175m▅▅[48;2;86;158;172m[38;2;40;40;40m▂[48;2;84;154;167m▅[48;2;40;40;40m [38;2;255;255;255m▁▂▂▂▃▃▃▃▄▄▄▄▄▄▄▄▄▄▄▄▄▄▄▄▄▄▄▄▄▄▃▃▃▃▃▃▃▂[48;2;91;165;178m[38;2;40;40;40m▆▅[48;2;88;161;174m▃▂[48;2;88;160;174m[38;2;88;160;174m [48;2;90;163;177m[38;2;87;160;174m▅▅[0m
[48;2;82;153;168m[38;2;80;150;165m▅[48;2;83;153;168m[38;2;80;150;166m▅[48;2;82;153;169m▅[48;2;82;154;168m▅[48;2;82;154;169m▅[48;2;83;154;169m▅▅▅▅[48;2;78;146;161m[38;2;39;68;77m▝[48;2;40;40;40m[38;2;40;40;40m [48;2;242;242;242m[38;2;86;86;89m▖[48;2;255;255;255m[38;2;255;255;255m  [48;2;238;238;238m[38;2;45;45;47m▗[48;2;40;40;40m[38;2;40;40;40m [48;2;80;149;163m▘[48;2;83;155;170m[38;2;81;151;166m▅▅[48;2;83;155;169m▅[48;2;83;155;170m[38;2;81;151;167m▅[48;2;83;154;169m[38;2;81;151;166m▅▅[48;2;84;155;170m[38;2;81;151;167m▅[48;2;83;154;169m[38;2;81;151;166m▅▅[48;2;83;155;169m[38;2;81;151;167m▅[48;2;83;154;169m[38;2;81;151;166m▅[48;2;83;155;169m▅[38;2;81;151;167m▅[48;2;83;155;170m[38;2;81;151;166m▅[48;2;81;151;166m[38;2;40;40;40m▗[48;2;40;40;40m [38;2;255;255;255m▅[48;2;255;255;255m  [38;2;13;0;0m▖[38;2;255;255;255m [38;2;13;0;0m▖▖[38;2;255;255;255m         [38;2;211;209;209m▁[38;2;255;255;255m        [38;2;13;0;0m▖[38;2;255;255;255m    [38;2;211;209;209m▁[38;2;255;255;255m [38;2;13;0;0m▗[38;2;255;255;255m [38;2;13;0;0m▗[38;2;255;255;255m   [38;2;211;209;209m▁[38;2;255;255;255m [38;2;13;0;0m▗[48;2;173;172;174m[38;2;255;255;255m▇[48;2;40;40;40m▆[38;2;254;254;254m▖[48;2;86;158;173m[38;2;40;40;40m▆[48;2;85;156;171m[38;2;82;152;168m▃[48;2;85;157;171m[38;2;82;153;168m▅[0m
[48;2;77;147;163m[38;2;75;143;160m▅[48;2;78;147;163m[38;2;75;143;159m▅[48;2;77;147;163m[38;2;75;143;160m▅[48;2;78;147;163m▅▅▅▅[38;2;75;144;160m▅▅[38;2;76;144;160m▅[48;2;40;40;40m▖[48;2;214;214;214m[38;2;40;40;40m▌[48;2;255;255;255m[38;2;254;254;254m▖[48;2;244;244;244m[38;2;111;110;112m▗[48;2;40;40;40m[38;2;40;40;40m [38;2;73;140;156m▗[48;2;78;147;163m[38;2;75;144;160m▅[48;2;78;148;163m[38;2;76;144;160m▅[48;2;78;147;163m▅[48;2;78;148;164m[38;2;76;144;161m▅[48;2;78;147;163m[38;2;76;144;160m▅▅▅[48;2;78;148;163m▅▅[38;2;76;144;161m▅[38;2;76;144;160m▅▅[38;2;76;144;161m▅▅[48;2;78;148;164m[38;2;76;144;160m▅[48;2;40;40;40m[38;2;63;118;132m▘[48;2;197;197;197m[38;2;40;40;40m▊[48;2;255;255;255m[38;2;254;254;254m▘[38;2;255;255;255m  [38;2;13;0;0m▌[38;2;255;255;255m [38;2;13;0;0m▌[48;2;13;0;0m[38;2;255;255;255m▝[48;2;255;255;255m [48;2;13;0;0m▚[48;2;255;255;255m[38;2;13;0;0m▖[38;2;255;255;255m  [48;2;13;0;0m▚[48;2;255;255;255m[38;2;13;0;0m▘▌▌[48;2;13;0;0m[38;2;255;255;255m▗[48;2;255;255;255m[38;2;13;0;0m▖[48;2;13;0;0m[38;2;255;255;255m▚[48;2;255;255;255m[38;2;13;0;0m▘[38;2;255;255;255m  [48;2;13;0;0m▚[48;2;255;255;255m[38;2;13;0;0m▖▗▌▌▌[48;2;13;0;0m[38;2;255;255;255m▚[48;2;255;255;255m[38;2;13;0;0m▘[48;2;13;0;0m[38;2;255;255;255m▄[48;2;255;255;255m[38;2;13;0;0m▖[48;2;13;0;0m[38;2;255;255;255m▘[48;2;255;255;255m[38;2;13;0;0m▖▅[38;2;255;255;255m [48;2;13;0;0m▚[48;2;255;255;255m[38;2;13;0;0m▖[48;2;13;0;0m[38;2;255;255;255m▗[48;2;255;255;255m[38;2;13;0;0m▖▘▌[38;2;255;255;255m [48;2;147;147;147m▌[48;2;40;40;40m[38;2;40;40;40m [48;2;73;137;152m▌[48;2;80;150;165m[38;2;77;146;162m▅[0m
[48;2;73;140;157m[38;2;70;136;154m▅[48;2;72;140;157m▅▅[48;2;73;140;157m▅▅[48;2;73;141;157m[38;2;70;137;154m▅▅[38;2;71;137;154m▅▅[48;2;73;140;157m▅[48;2;40;40;40m[38;2;70;135;152m▌[38;2;40;40;40m [48;2;255;255;255m[38;2;228;228;228m▅[48;2;160;159;161m[38;2;40;40;40m▅[48;2;40;40;40m [48;2;71;137;154m[38;2;71;137;154m [48;2;73;141;157m[38;2;70;137;155m▅[48;2;73;140;157m[38;2;70;137;154m▅[38;2;71;137;154m▅▅[48;2;73;141;157m▅[48;2;73;140;157m▅[38;2;71;137;155m▅[48;2;73;141;157m▅▅[48;2;73;141;158m▅▅▅[38;2;71;137;154m▅[48;2;74;142;158m[38;2;71;138;155m▅[48;2;74;141;158m▅[48;2;40;40;40m[38;2;40;40;40m [48;2;197;197;197m▊[48;2;255;255;255m[38;2;255;255;255m   [48;2;13;0;0m▝▝[48;2;255;255;255m[38;2;13;0;0m▌▌▌▌▌[38;2;255;255;255m  [38;2;13;0;0m▌[38;2;255;255;255m [38;2;13;0;0m▌▌▌▌▝▖[38;2;255;255;255m  [48;2;13;0;0m▗[48;2;255;255;255m[38;2;13;0;0m▘▌▌▌▌▌[38;2;255;255;255m [48;2;13;0;0m▚[48;2;255;255;255m[38;2;13;0;0m▌[48;2;13;0;0m[38;2;255;255;255m▌[48;2;255;255;255m [48;2;13;0;0m▌[48;2;255;255;255m [38;2;13;0;0m▌▌▌▌▝[38;2;255;255;255m  [48;2;147;147;147m▌[48;2;40;40;40m[38;2;40;40;40m [48;2;72;138;155m[38;2;72;138;155m [48;2;75;144;160m[38;2;73;140;157m▅[0m
[48;2;68;133;151m[38;2;65;129;148m▅[48;2;67;133;151m▅[48;2;68;133;151m[38;2;65;130;148m▅[38;2;65;129;148m▅▅[38;2;66;130;148m▅[38;2;65;129;148m▃[48;2;68;134;151m[38;2;66;130;148m▅[38;2;66;130;149m▅[48;2;68;134;152m[38;2;66;130;148m▅[48;2;66;130;148m [48;2;40;40;40m[38;2;40;40;40m [48;2;228;228;228m[38;2;131;130;132m▗[48;2;40;40;40m[38;2;40;40;40m [48;2;62;123;140m▘[48;2;68;134;152m[38;2;66;130;149m▅[48;2;68;134;151m[38;2;66;130;148m▅[48;2;68;133;151m[38;2;66;130;149m▅[38;2;66;130;148m▅[48;2;68;134;152m▅[48;2;68;134;151m▅▅[48;2;68;134;152m[38;2;66;130;149m▅▅▅▅▅▅▅[48;2;69;135;152m[38;2;66;131;149m▅▅[48;2;65;129;147m[38;2;40;40;40m▝[48;2;40;40;40m [48;2;254;254;254m▖[48;2;255;255;255m[38;2;255;255;255m  [38;2;13;0;0m▘[38;2;255;255;255m [38;2;13;0;0m▘▘▘▝[38;2;255;255;255m   [38;2;13;0;0m▘[38;2;255;255;255m [48;2;13;0;0m▄[48;2;255;255;255m[38;2;13;0;0m▘▘▘[48;2;13;0;0m[38;2;255;255;255m▄[48;2;255;255;255m   [38;2;13;0;0m▝▘▝▘[48;2;13;0;0m[38;2;255;255;255m▄[48;2;255;255;255m[38;2;13;0;0m▘▝▘▝▘▝[38;2;255;255;255m [48;2;13;0;0m▄[48;2;255;255;255m[38;2;13;0;0m▘▝[38;2;255;255;255m [38;2;13;0;0m▘▘▝[38;2;40;40;40m▁▅[48;2;40;40;40m [48;2;66;128;146m▘[48;2;70;136;153m[38;2;67;132;151m▅[48;2;70;137;154m[38;2;68;133;151m▅[0m
[48;2;63;126;145m[38;2;60;122;142m▅[38;2;60;123;142m▅[48;2;63;127;145m▅[48;2;63;126;145m▅[48;2;63;127;145m▅▅[38;2;61;123;142m▅[48;2;63;126;145m[38;2;60;123;142m▅▅▅[48;2;63;127;145m[38;2;61;123;143m▅[48;2;40;40;40m[38;2;60;122;141m▎[48;2;44;44;45m[38;2;40;40;40m▗[48;2;40;40;40m[38;2;60;123;142m▗[48;2;63;126;145m▅[48;2;63;127;145m[38;2;61;123;142m▅[48;2;63;127;146m[38;2;61;123;143m▅[38;2;60;123;143m▅[48;2;63;127;145m[38;2;61;123;143m▅[48;2;63;127;146m▅[48;2;63;127;145m[38;2;61;123;142m▅[48;2;63;127;146m[38;2;61;123;143m▅▅▅▅[48;2;64;127;146m[38;2;61;124;143m▅▅[48;2;64;128;146m▅[48;2;63;127;146m▅[48;2;64;127;146m▅[48;2;64;128;146m▅▅[48;2;40;40;40m[38;2;58;117;136m▅[38;2;40;40;40m [48;2;255;255;255m▆▅▄▃[38;2;77;76;80m▂▁[38;2;255;255;255m    [38;2;243;243;243m▖[38;2;40;40;40m▁▂▃▅▅▅▆▆▆▆▆▅▅▅▅▆▆▆▆▆▆▆▇▇▇▇[48;2;40;40;40m[38;2;147;147;147m [38;2;63;126;145m▂▂▃▄[38;2;61;122;141m▇[48;2;65;129;147m[38;2;62;125;144m▃[48;2;65;130;148m[38;2;63;126;145m▅▅[0m
[48;2;58;120;140m[38;2;55;116;136m▅[48;2;58;120;139m[38;2;55;116;137m▅▅[48;2;58;120;140m[38;2;56;116;137m▅[38;2;56;116;136m▅[38;2;56;116;137m▅▅▅[48;2;58;119;139m[38;2;55;116;136m▅[48;2;58;120;140m[38;2;56;116;137m▅▅[48;2;54;112;132m[38;2;40;40;40m▝▘[48;2;56;117;137m[38;2;38;81;98m▁[48;2;57;118;138m[38;2;25;39;47m▁[38;2;27;40;48m▁[48;2;57;119;138m[38;2;25;39;47m▁[48;2;57;118;139m[38;2;20;36;45m▁[48;2;57;118;138m[38;2;56;116;137m▁[48;2;58;120;140m▅▅[38;2;56;117;137m▅▅[38;2;56;116;137m▅[48;2;58;120;139m[38;2;55;116;137m▃[48;2;58;120;140m[38;2;56;116;137m▅[48;2;59;121;140m[38;2;56;117;137m▅[48;2;59;121;141m▅[48;2;59;121;140m▅▅[48;2;59;121;141m▅[48;2;59;121;140m[38;2;56;117;138m▅[48;2;59;121;141m▅▅[48;2;40;40;40m[38;2;55;114;133m▇[38;2;54;113;132m▆[38;2;57;118;138m▅▄▃[38;2;77;76;80m▝[48;2;255;255;255m[38;2;40;40;40m▖[38;2;255;255;255m  [38;2;254;254;254m▗[48;2;40;40;40m[38;2;243;243;243m▘[38;2;56;116;137m▄[38;2;55;24;11m▗[38;2;71;33;0m▆[38;2;62;28;4m▇[48;2;15;7;10m[38;2;66;30;6m▅[48;2;71;33;0m[38;2;68;31;6m▅[48;2;32;9;9m[38;2;52;22;11m▘[48;2;12;8;11m[38;2;62;28;5m▇[48;2;71;33;0m[38;2;71;32;2m▗[48;2;29;9;5m[38;2;61;27;6m▘[48;2;40;40;40m[38;2;71;33;0m▅[48;2;71;33;0m [48;2;8;7;12m[38;2;70;32;3m▅[48;2;71;33;0m[38;2;50;30;25m▄[48;2;46;24;20m[38;2;55;24;11m▘[48;2;12;5;9m[38;2;62;28;5m▄[48;2;13;6;9m[38;2;71;33;0m▅[48;2;14;6;8m▅[48;2;25;12;9m[38;2;58;25;9m▆[48;2;71;33;0m[38;2;71;33;0m [38;2;71;32;0m▗[48;2;16;6;8m[38;2;59;26;5m▆[48;2;25;9;9m[38;2;60;27;5m▄[48;2;62;28;7m[38;2;71;32;5m▄[48;2;71;33;0m[38;2;71;33;0m [38;2;71;32;2m▗[48;2;18;9;11m[38;2;25;16;21m▄[48;2;58;120;140m[38;2;52;105;125m▌[48;2;60;122;141m[38;2;57;118;139m▅[38;2;57;118;138m▅[48;2;60;122;142m[38;2;57;118;139m▅[48;2;60;123;142m[38;2;58;119;139m▅▅[48;2;60;122;142m[38;2;57;119;139m▅[48;2;60;123;142m[38;2;58;119;139m▅[0m
[48;2;53;113;133m[38;2;50;109;131m▅[48;2;53;112;133m[38;2;50;109;130m▅[48;2;53;113;134m[38;2;50;109;131m▅▅▅[48;2;52;111;132m[38;2;21;38;48m▁[38;2;26;36;42m▁[38;2;26;19;19m▂[48;2;53;113;134m[38;2;8;11;17m▅[38;2;12;13;18m▆[48;2;10;11;17m[38;2;8;7;12m▅[48;2;8;7;12m  [38;2;19;8;8m▄[48;2;19;12;13m[38;2;67;30;4m▅[48;2;17;13;16m[38;2;71;33;0m▅[48;2;15;11;14m▅[48;2;8;7;12m▄[48;2;10;15;22m[38;2;67;30;3m▂[48;2;54;114;134m[38;2;28;19;14m▆[48;2;53;114;134m[38;2;19;16;16m▅[48;2;54;113;134m[38;2;20;18;19m▅[48;2;53;113;134m[38;2;10;13;19m▅[48;2;53;112;134m[38;2;31;25;21m▃[48;2;53;113;134m[38;2;23;24;27m▃[48;2;52;112;133m[38;2;17;17;19m▁[48;2;54;114;134m[38;2;51;110;131m▅[38;2;51;110;132m▅[38;2;51;110;131m▅[38;2;51;110;132m▅▅[48;2;53;113;134m[38;2;51;110;131m▅[48;2;53;114;134m▅[48;2;54;114;135m[38;2;51;110;132m▅[48;2;54;113;134m[38;2;51;110;131m▅[48;2;54;114;134m▅[48;2;54;113;135m▅[48;2;54;114;134m▅[38;2;51;110;132m▅[48;2;40;40;40m▖[38;2;40;40;40m [48;2;255;255;255m[38;2;189;189;190m▖[38;2;255;255;255m [48;2;246;246;246m[38;2;40;40;40m▗[48;2;51;109;131m▊[38;2;51;109;131m [48;2;40;40;40m[38;2;55;24;11m▝[48;2;71;33;0m[38;2;55;26;10m▅[48;2;31;9;7m[38;2;71;33;0m▅[48;2;66;30;6m[38;2;64;29;7m▆[48;2;56;23;6m[38;2;68;31;6m▝[48;2;68;30;5m[38;2;71;33;0m▄[48;2;71;33;0m[38;2;58;27;7m▅[38;2;40;20;12m▅[48;2;29;9;5m[38;2;51;34;29m▅[48;2;71;32;0m[38;2;30;16;18m▅[38;2;30;15;20m▅[48;2;21;6;7m[38;2;227;225;226m▄[48;2;50;30;25m[38;2;226;226;226m▄[48;2;46;24;20m[38;2;226;225;226m▄[48;2;62;28;5m[38;2;57;47;50m▄[48;2;71;33;0m[38;2;59;27;8m▅[38;2;71;33;0m [48;2;58;25;9m[38;2;71;32;0m▄[48;2;71;33;0m[38;2;39;12;6m▅[48;2;69;31;0m[38;2;61;27;6m▃[48;2;28;8;6m[38;2;71;32;0m▄[48;2;60;27;5m[38;2;64;28;5m▃[48;2;71;33;0m[38;2;71;33;0m [38;2;69;32;3m▄[48;2;70;32;1m[38;2;53;23;15m▗[48;2;25;16;21m[38;2;15;6;9m▖[48;2;53;113;134m[38;2;52;108;129m▌[48;2;55;115;136m[38;2;52;112;133m▅▅[48;2;55;116;136m[38;2;53;112;133m▅▅▅[48;2;55;115;136m[38;2;52;112;133m▅[48;2;55;116;136m[38;2;53;112;133m▅[0m
[48;2;48;106;128m[38;2;45;102;125m▅[48;2;48;105;127m[38;2;45;102;124m▅[48;2;47;104;126m[38;2;44;99;122m▁[48;2;48;105;127m[38;2;10;13;19m▅[48;2;47;104;126m[38;2;8;11;17m▆[48;2;12;14;20m[38;2;60;26;3m▅[48;2;18;11;12m[38;2;71;33;0m▄[48;2;25;13;10m▅[48;2;71;32;0m▆[48;2;57;27;11m[38;2;67;29;4m▃[48;2;8;7;12m[38;2;69;31;2m▄[38;2;71;33;0m▅[38;2;70;32;0m▄[48;2;19;8;8m[38;2;60;26;4m▄[48;2;16;2;2m[38;2;62;27;6m▄[48;2;71;33;0m[38;2;68;30;5m▅[48;2;71;32;0m[38;2;71;32;2m▅[48;2;68;31;3m[38;2;27;8;3m▅[48;2;67;30;3m[38;2;26;11;8m▅[48;2;71;33;0m[38;2;60;26;9m▅[38;2;68;31;6m▅[38;2;21;10;6m▅[48;2;69;31;3m[38;2;71;33;0m▅[48;2;30;17;11m▄[48;2;21;16;18m[38;2;64;29;10m▄[48;2;9;8;13m[38;2;71;32;0m▅[48;2;49;108;129m[38;2;17;17;19m▇[48;2;48;105;127m[38;2;10;12;19m▅[48;2;46;102;124m[38;2;46;102;124m [48;2;48;106;128m[38;2;46;103;125m▅[48;2;48;107;129m▅[48;2;48;106;128m▅▅[48;2;49;107;128m▅[48;2;49;107;129m▅[48;2;49;107;128m[38;2;46;103;126m▅[48;2;49;107;129m▅[48;2;49;106;128m▅[48;2;49;107;129m▅[38;2;47;104;126m▅[48;2;40;40;40m▖[38;2;40;40;40m [48;2;255;255;255m[38;2;220;220;220m▖[48;2;40;40;40m[38;2;255;255;255m▌[48;2;50;108;130m[38;2;40;40;40m▌[48;2;47;104;127m[38;2;47;104;127m [48;2;40;40;40m▇▖[48;2;71;33;0m[38;2;40;40;40m▅[48;2;64;29;7m▄[48;2;56;23;6m[38;2;226;225;226m▅[48;2;52;25;7m[38;2;171;168;168m▁[48;2;58;27;7m[38;2;226;225;226m▄[48;2;40;20;12m▅[48;2;51;34;29m[38;2;226;226;226m▅[48;2;207;203;204m▄[48;2;217;216;216m▄[48;2;226;226;226m   [48;2;57;47;50m[38;2;213;211;212m▆[48;2;22;9;10m[38;2;59;53;53m▄[48;2;71;33;0m[38;2;41;18;10m▅[38;2;63;29;7m▄[48;2;55;22;6m[38;2;60;27;10m▄[48;2;59;26;6m[38;2;35;12;9m▂[48;2;71;33;0m[38;2;71;33;0m [48;2;64;28;5m[38;2;55;24;8m▅[48;2;71;33;0m[38;2;71;32;0m▁[48;2;31;11;8m[38;2;71;33;0m▖[48;2;59;28;12m[38;2;31;16;11m▖[48;2;17;18;21m[38;2;15;6;9m▘[48;2;48;104;126m[38;2;48;104;126m [48;2;50;109;130m[38;2;48;105;127m▅[38;2;47;105;127m▅[48;2;50;108;130m▅[48;2;50;109;130m[38;2;48;105;127m▅[48;2;50;108;130m[38;2;47;105;127m▅▅[48;2;50;109;130m[38;2;48;105;127m▅[0m
[48;2;42;97;120m[38;2;32;73;93m▁[38;2;18;17;22m▂[38;2;13;15;21m▇[48;2;9;7;12m[38;2;65;29;4m▅[48;2;19;8;8m[38;2;54;25;14m▝[48;2;60;26;3m[38;2;66;29;5m▗[48;2;71;33;0m[38;2;71;33;0m [38;2;70;32;5m▗[48;2;71;32;2m[38;2;19;6;6m▅[48;2;19;2;5m[38;2;71;32;0m▅[48;2;69;31;0m[38;2;36;10;10m▘[48;2;71;33;0m[38;2;69;30;4m▅[38;2;68;31;4m▅[48;2;60;26;4m[38;2;16;3;4m▗[48;2;60;27;9m[38;2;30;11;8m▌[48;2;68;30;5m[38;2;58;23;6m▅[48;2;71;33;0m[38;2;70;32;1m▖[38;2;71;33;0m [48;2;68;31;3m[38;2;68;30;4m▃[48;2;60;26;9m[38;2;66;29;6m▃[48;2;69;31;2m[38;2;33;19;15m▘[48;2;20;7;5m[38;2;54;24;10m▌[48;2;67;30;3m[38;2;30;11;10m▌[48;2;71;33;0m[38;2;65;29;14m▝[48;2;22;11;10m[38;2;64;28;5m▗[48;2;71;33;0m[38;2;71;33;0m  [48;2;8;7;12m[38;2;44;19;14m▖[48;2;8;11;17m[38;2;8;10;17m▘[48;2;42;97;120m[38;2;42;97;120m [48;2;43;100;122m[38;2;41;96;119m▅[48;2;44;100;123m[38;2;41;96;120m▅[48;2;44;99;123m▅[48;2;43;100;122m▅[48;2;43;99;122m▅[48;2;44;100;123m▅▅▅▅▅[38;2;42;97;120m▅[48;2;40;40;40m▄[48;2;189;189;190m[38;2;40;40;40m▌[48;2;255;255;255m▝[48;2;45;102;124m▊[48;2;44;101;123m[38;2;42;97;120m▅[48;2;44;100;123m▅[48;2;40;40;40m▌[38;2;40;40;40m [48;2;234;195;160m[38;2;251;183;105m▅[48;2;226;225;226m[38;2;226;226;226m▆[48;2;220;219;219m▄[48;2;226;226;226m         [48;2;201;197;198m▄[48;2;41;18;10m[38;2;202;199;200m▄[48;2;31;14;14m[38;2;63;29;7m▘[48;2;60;27;10m[38;2;38;13;7m▆[48;2;31;10;10m[38;2;71;32;2m▅[48;2;71;33;0m[38;2;71;32;3m▘[48;2;55;24;8m[38;2;53;25;8m▄[48;2;71;32;0m[38;2;48;24;10m▅[48;2;71;33;0m[38;2;49;24;12m▅[48;2;21;18;21m[38;2;60;31;19m▘[48;2;40;82;103m[38;2;17;18;21m▘[48;2;43;99;121m[38;2;43;99;121m [48;2;45;102;124m[38;2;43;98;121m▅[48;2;45;101;124m[38;2;42;98;121m▅▅▅▅[48;2;45;102;125m[38;2;43;98;121m▅[48;2;45;101;124m[38;2;42;98;121m▅[0m
[48;2;8;11;17m[38;2;22;12;10m▅[48;2;17;12;15m[38;2;71;33;0m▄[48;2;71;33;0m [48;2;65;29;4m▅[48;2;21;8;6m[38;2;68;30;2m▄[48;2;66;29;5m[38;2;71;33;0m▅[48;2;71;33;0m[38;2;26;11;8m▅[38;2;65;29;6m▅[48;2;19;6;6m[38;2;71;33;0m▆[48;2;71;33;0m [38;2;66;29;6m▅[48;2;24;8;6m[38;2;33;20;16m▄[48;2;68;31;4m[38;2;71;33;0m▄[48;2;32;11;8m[38;2;68;30;0m▄[48;2;65;29;4m[38;2;30;13;11m▘[48;2;21;7;6m[38;2;24;9;7m▄[48;2;70;32;0m[38;2;61;29;14m▖[48;2;69;31;1m[38;2;41;16;4m▗[48;2;21;6;8m[38;2;26;9;7m▄[48;2;68;30;2m[38;2;31;12;9m▘[48;2;71;33;0m[38;2;71;32;0m▁[48;2;66;29;6m[38;2;63;29;7m▅[48;2;66;29;4m[38;2;71;33;0m▄[48;2;71;33;0m[38;2;8;7;12m▗[48;2;64;28;5m[38;2;30;23;25m▅[48;2;71;33;0m[38;2;22;15;17m▅[38;2;8;7;12m▅[48;2;8;7;12m[38;2;8;11;17m▄[48;2;33;79;102m▘[48;2;37;90;114m[38;2;37;90;114m [48;2;39;93;117m[38;2;36;89;114m▅[48;2;39;92;117m▅[48;2;38;93;116m▅[48;2;39;93;117m▅▅[38;2;36;90;114m▅▅[38;2;36;89;114m▅▅[48;2;39;94;117m[38;2;37;90;114m▅[48;2;39;93;117m[38;2;36;89;114m▅[38;2;36;90;114m▅[48;2;40;40;40m[38;2;35;86;110m▅[38;2;189;189;190m▝[38;2;40;40;40m [48;2;38;92;116m▖[48;2;39;93;117m[38;2;37;90;114m▅[48;2;38;88;111m[38;2;38;88;111m [48;2;40;40;40m[38;2;40;40;40m [48;2;251;183;105m[38;2;255;180;89m▅[48;2;226;226;226m[38;2;245;189;136m▖[38;2;226;226;226m           [48;2;202;199;200m▃[48;2;31;14;14m[38;2;226;225;226m▄[48;2;66;30;6m[38;2;36;27;28m▅[48;2;71;33;0m[38;2;61;29;9m▄[48;2;71;32;0m[38;2;30;20;23m▅[48;2;53;25;8m[38;2;165;162;163m▄[48;2;48;24;10m[38;2;226;226;226m▅[48;2;49;24;12m[38;2;189;188;188m▖[48;2;21;18;21m[38;2;19;20;23m▅[48;2;38;92;116m[38;2;38;84;107m▘[48;2;40;95;118m[38;2;37;91;115m▅[48;2;40;94;118m▅▅▅[48;2;40;95;118m[38;2;38;91;116m▅[48;2;40;94;118m[38;2;37;91;115m▅[48;2;40;95;118m[38;2;38;91;115m▅[48;2;40;94;118m▅[0m
[48;2;63;28;3m[38;2;71;33;0m▄[48;2;71;33;0m[38;2;65;29;5m▄[38;2;69;31;2m▅[38;2;71;33;0m [38;2;69;31;4m▅[48;2;68;31;3m[38;2;20;5;5m▖[48;2;26;11;8m[38;2;71;33;0m▆[48;2;65;29;6m▖[48;2;63;28;5m[38;2;17;5;4m▖[48;2;71;33;0m[38;2;70;32;2m▖[48;2;66;29;6m[38;2;71;33;0m▄[48;2;26;14;12m[38;2;22;6;6m▅[48;2;71;33;0m[38;2;70;32;1m▌[38;2;71;33;0m [38;2;68;30;4m▅[48;2;69;31;5m[38;2;69;31;5m [48;2;70;31;2m[38;2;26;5;5m▄[48;2;65;29;6m[38;2;67;30;4m▃[48;2;56;23;7m[38;2;71;33;0m▄[48;2;71;33;0m [48;2;71;32;0m[38;2;30;10;6m▅[48;2;65;29;5m[38;2;23;8;6m▌[48;2;70;32;0m[38;2;63;28;7m▅[48;2;8;7;12m[38;2;37;35;38m▄[48;2;30;23;25m[38;2;226;226;226m▆[48;2;22;15;17m[38;2;208;206;206m▆[48;2;8;7;12m[38;2;8;7;12m [48;2;34;78;102m[38;2;33;82;107m▆[48;2;32;84;109m[38;2;31;81;107m▁[48;2;33;86;111m[38;2;31;82;108m▅[48;2;34;86;111m▅▅▅▅▅▅[38;2;31;83;108m▅▅[48;2;34;87;111m[38;2;32;83;108m▅▅▅▅[48;2;34;87;112m▅[48;2;34;86;111m[38;2;31;83;108m▅[48;2;40;40;40m[38;2;34;86;111m▆[48;2;32;83;108m[38;2;40;40;40m▘[48;2;34;86;111m[38;2;31;83;108m▅[38;2;32;83;108m▅[48;2;40;40;40m[38;2;40;40;40m [48;2;255;180;89m[38;2;218;162;102m▅[48;2;231;210;189m[38;2;207;183;160m▃[48;2;226;226;226m[38;2;208;205;206m▅[38;2;226;225;226m▁[38;2;226;226;226m  [38;2;126;116;118m▄[38;2;41;31;34m▄[38;2;24;16;18m▃[38;2;72;67;68m▄[38;2;111;106;106m▅[38;2;226;226;226m   [48;2;226;225;226m▆[48;2;47;40;41m[38;2;198;196;197m▌[48;2;12;5;8m[38;2;18;12;15m▄[48;2;190;187;189m[38;2;56;48;51m▌[48;2;97;93;94m[38;2;34;28;30m▅[48;2;226;225;226m[38;2;227;225;226m▖[48;2;90;88;89m[38;2;156;155;156m▌[48;2;37;77;100m[38;2;8;11;17m▌[48;2;35;87;112m[38;2;32;84;109m▅▅▅▅▅▅[48;2;35;88;112m▅[38;2;32;84;110m▅[38;2;32;84;109m▅[0m
[48;2;71;33;0m[38;2;60;26;8m▅[48;2;23;8;6m[38;2;65;29;5m▘[48;2;22;6;5m[38;2;57;25;9m▄[48;2;67;30;4m[38;2;28;8;5m▂[48;2;65;29;5m[38;2;69;31;4m▘[48;2;21;10;8m[38;2;63;28;11m▝[48;2;71;33;0m[38;2;66;30;6m▅[38;2;65;28;15m▝[48;2;31;12;8m[38;2;68;31;1m▄[48;2;68;31;2m[38;2;71;33;0m▝[48;2;71;33;0m [48;2;22;6;6m[38;2;57;23;5m▆[48;2;68;30;2m[38;2;34;11;5m▁[48;2;71;33;0m[38;2;71;32;4m▝[48;2;23;6;9m[38;2;18;5;6m▅[48;2;70;31;6m[38;2;70;32;0m▄[48;2;35;9;8m[38;2;69;31;0m▅[48;2;67;30;4m[38;2;63;27;6m▅[48;2;71;32;0m[38;2;18;4;5m▖[48;2;71;33;0m[38;2;71;33;0m [48;2;66;29;6m[38;2;67;30;3m▅[48;2;69;31;3m[38;2;71;33;0m▅[48;2;14;9;11m[38;2;60;27;6m▌[48;2;165;161;159m[38;2;46;44;47m▊[48;2;226;226;226m[38;2;225;225;224m▖[38;2;226;225;225m▝[48;2;8;7;12m[38;2;47;44;47m▄[48;2;27;77;103m[38;2;16;34;48m▖[48;2;29;79;105m[38;2;26;76;102m▅▅▅▅▅[38;2;27;76;103m▅[48;2;29;80;105m▅[38;2;26;76;102m▅[38;2;27;76;103m▅[48;2;29;79;105m[38;2;26;76;102m▅▅[48;2;29;80;105m[38;2;27;76;103m▅[48;2;29;79;105m[38;2;26;76;102m▅▅[48;2;29;80;106m[38;2;27;76;103m▅[48;2;29;80;105m▅[48;2;29;80;106m▅[48;2;29;79;105m[38;2;26;76;102m▅[38;2;27;76;102m▅[38;2;27;76;103m▅[48;2;40;40;40m[38;2;26;69;94m▄[48;2;218;162;102m[38;2;40;40;40m▆[48;2;40;40;40m [48;2;60;53;54m[38;2;207;186;167m▗[48;2;226;225;226m[38;2;190;184;186m▅[48;2;226;226;226m[38;2;212;209;210m▅[38;2;226;226;226m [48;2;219;217;217m▄[48;2;41;31;34m[38;2;226;225;226m▄[48;2;24;16;18m▄[48;2;216;214;215m[38;2;226;226;226m▄[48;2;191;188;189m▄[48;2;226;226;226m    [48;2;99;93;95m[38;2;173;169;170m▌[48;2;18;12;15m[38;2;61;30;19m▗[48;2;135;132;133m[38;2;72;67;67m▅[48;2;207;206;207m[38;2;34;28;30m▝[48;2;207;206;206m[38;2;61;61;64m▁[48;2;118;117;118m[38;2;26;43;55m▅[48;2;30;73;98m[38;2;8;11;17m▘[48;2;30;80;106m[38;2;27;77;103m▅▅[48;2;30;81;107m[38;2;28;78;104m▅▅[48;2;30;82;107m▆[48;2;30;81;106m[38;2;27;77;103m▅[48;2;30;81;107m[38;2;28;78;104m▅▅▅[0m
[48;2;60;26;8m[38;2;19;5;6m▃[48;2;23;8;6m[38;2;67;30;2m▇[48;2;57;25;9m[38;2;71;33;0m▅[48;2;25;7;5m[38;2;54;23;13m▄[48;2;65;29;5m[38;2;71;33;0m▅[48;2;21;10;8m[38;2;67;30;3m▆[48;2;66;30;6m[38;2;25;12;7m▅[48;2;71;33;0m[38;2;57;27;10m▅[38;2;71;33;0m [48;2;27;9;8m[38;2;68;30;3m▌[48;2;71;33;0m[38;2;22;8;9m▅[48;2;65;29;7m[38;2;66;29;4m▘[48;2;27;7;5m[38;2;71;32;0m▄[48;2;71;32;0m[38;2;71;33;0m▃[48;2;62;26;4m[38;2;66;29;5m▄[48;2;71;33;0m[38;2;71;32;0m▘[38;2;71;33;0m [48;2;67;29;4m[38;2;32;9;4m▝[48;2;18;4;5m[38;2;23;10;7m▄[48;2;71;33;0m[38;2;71;32;2m▘[48;2;66;30;3m[38;2;67;30;3m▘[48;2;71;32;0m[38;2;71;33;0m▃[48;2;8;7;12m[38;2;57;26;5m▘[48;2;76;73;75m[38;2;8;7;12m▘[48;2;226;226;226m[38;2;225;225;224m▘[38;2;226;226;226m [48;2;107;104;105m[38;2;220;219;219m▄[48;2;25;32;42m[38;2;25;68;95m▝[48;2;23;71;98m[38;2;21;66;94m▁[48;2;24;73;100m[38;2;22;69;97m▅▅[48;2;24;72;99m[38;2;21;69;96m▅[48;2;24;73;100m[38;2;22;69;97m▅[48;2;24;72;99m[38;2;21;69;96m▅▅[38;2;22;69;97m▅[48;2;24;73;99m▅[38;2;21;69;97m▅[48;2;24;73;100m[38;2;22;69;97m▅▅[48;2;24;73;99m▅[48;2;24;73;100m▅▅▅▅▅▅[48;2;25;73;100m[38;2;22;70;97m▅[48;2;23;71;98m[38;2;21;69;96m▂[48;2;40;40;40m[38;2;40;40;40m [48;2;234;170;99m[38;2;245;176;97m▗[48;2;207;186;167m[38;2;255;180;89m▅[48;2;24;15;16m[38;2;148;139;138m▌[48;2;218;217;217m[38;2;81;73;74m▘[48;2;226;226;226m[38;2;226;226;226m  [38;2;226;225;226m▁[38;2;226;226;226m       [48;2;92;84;86m[38;2;156;150;152m▌[48;2;62;29;15m[38;2;26;11;9m▌[48;2;157;153;153m[38;2;47;40;41m▊[48;2;226;225;226m[38;2;187;183;185m▅[48;2;31;32;35m[38;2;34;58;76m▗[48;2;27;62;85m[38;2;23;70;97m▅[48;2;25;74;100m[38;2;23;70;98m▅[48;2;25;75;101m[38;2;23;71;98m▅[48;2;26;74;101m▅[48;2;25;74;101m▅[48;2;25;75;101m▅[48;2;25;74;101m▅[48;2;25;75;101m▅[48;2;25;74;101m▅▅▅[0m
[48;2;19;5;6m[38;2;71;32;0m▄[48;2;67;30;2m[38;2;26;7;4m▗[48;2;68;31;2m[38;2;35;12;8m▖[48;2;20;5;6m[38;2;64;29;6m▖[48;2;71;33;0m[38;2;30;9;6m▅[48;2;71;32;0m[38;2;71;33;0m▚[48;2;25;12;7m▄[48;2;20;7;5m▄[48;2;71;33;0m[38;2;71;32;1m▘[48;2;68;30;5m[38;2;71;33;0m▄[48;2;22;8;9m▆[48;2;65;29;7m[38;2;68;31;4m▖[48;2;71;33;0m[38;2;35;13;7m▄[48;2;71;32;0m[38;2;71;33;0m▃[48;2;27;6;4m[38;2;25;6;4m▅[48;2;71;33;0m[38;2;57;25;8m▅[38;2;71;33;0m [38;2;71;31;6m▝[48;2;23;10;7m[38;2;66;29;15m▄[48;2;71;33;0m[38;2;63;28;3m▅[48;2;66;30;3m[38;2;8;7;12m▅[48;2;29;20;17m[38;2;167;164;164m▂[48;2;11;7;12m[38;2;226;225;225m▄[48;2;76;73;75m[38;2;226;226;226m▆[48;2;226;226;226m  [38;2;197;194;193m▅[48;2;31;33;39m[38;2;28;33;41m▅[48;2;17;63;91m[38;2;20;56;82m▌[48;2;19;65;93m[38;2;16;62;90m▅▅▅▅▅[48;2;19;66;93m[38;2;17;62;91m▅▅[48;2;19;66;94m▅▅[38;2;17;63;91m▅[38;2;17;62;91m▅▅▅[48;2;20;66;94m[38;2;17;63;91m▅[48;2;19;66;94m[38;2;17;62;91m▅[48;2;20;67;94m[38;2;17;63;91m▅[48;2;19;66;94m▅[38;2;17;62;91m▅[48;2;20;67;94m[38;2;17;63;91m▅[48;2;20;67;95m▅[48;2;17;63;91m[38;2;40;40;40m▝[48;2;204;150;95m[38;2;100;74;55m▊[48;2;255;180;89m[38;2;242;175;98m▅[48;2;34;25;25m[38;2;22;13;14m▝[48;2;211;210;210m[38;2;40;36;37m▁[48;2;226;226;226m[38;2;20;16;18m▃[48;2;217;216;216m[38;2;30;24;26m▃[48;2;226;225;226m[38;2;25;15;15m▖[48;2;226;226;226m[38;2;211;209;210m▅[38;2;205;202;203m▅[38;2;226;226;226m    [38;2;226;225;226m▗[48;2;44;30;29m[38;2;180;174;176m▘[48;2;64;29;9m[38;2;39;16;12m▚[48;2;184;180;180m[38;2;70;62;63m▊[48;2;100;96;97m[38;2;167;164;165m▌[48;2;31;60;81m[38;2;10;7;8m▌[48;2;20;67;95m[38;2;18;63;92m▅[38;2;17;63;92m▅[48;2;20;68;95m[38;2;18;64;92m▅▅▅[48;2;20;67;95m▅[48;2;20;68;95m▅[48;2;20;67;95m▅▅[48;2;20;68;95m▅[48;2;20;67;95m▅[0m
[48;2;71;33;0m[38;2;65;29;3m▄[48;2;25;6;4m[38;2;64;28;5m▌[48;2;64;28;7m[38;2;71;32;0m▃[48;2;64;29;6m[38;2;71;33;0m▄[48;2;65;29;6m▅[48;2;69;31;2m[38;2;45;19;7m▗[48;2;71;33;0m[38;2;59;26;6m▅[38;2;71;33;0m [38;2;70;31;3m▗[38;2;27;9;7m▄[38;2;56;23;8m▅[48;2;69;31;1m[38;2;47;19;7m▝[48;2;32;13;8m[38;2;71;33;0m▄[48;2;71;32;0m[38;2;70;32;0m▅[48;2;57;25;6m[38;2;32;30;33m▄[48;2;57;25;8m[38;2;17;16;20m▅[48;2;71;33;0m[38;2;8;7;12m▅▃[38;2;70;32;1m▅[48;2;63;28;3m[38;2;25;18;18m▄[48;2;29;20;20m[38;2;77;74;75m▃[48;2;181;178;177m[38;2;226;226;226m▄[48;2;226;226;226m  [38;2;226;225;225m▗[48;2;226;226;225m[38;2;62;61;65m▅[48;2;52;50;53m[38;2;187;187;188m▁[48;2;28;33;41m[38;2;21;23;30m▅[48;2;14;55;83m[38;2;14;55;83m [48;2;14;58;87m[38;2;11;55;85m▅▅[38;2;12;55;85m▅[48;2;14;59;88m▅[38;2;11;55;85m▅[48;2;14;58;88m▅[48;2;14;59;88m[38;2;12;55;85m▅▅▅▅▅▅▅[48;2;15;59;88m[38;2;12;56;85m▅[48;2;14;60;88m▅[48;2;15;60;88m▅▅▅[48;2;15;60;89m[38;2;12;56;86m▅▅[48;2;14;57;85m[38;2;14;57;85m [48;2;24;30;40m[38;2;127;96;76m▝[48;2;242;175;98m[38;2;186;138;90m▅[48;2;52;26;11m[38;2;167;123;82m▘[48;2;6;2;3m[38;2;57;26;7m▄[48;2;20;16;18m[38;2;43;20;8m▄[48;2;21;15;17m[38;2;49;26;13m▅[48;2;25;15;15m[38;2;43;20;8m▅[48;2;37;24;25m[38;2;61;42;32m▄[48;2;205;202;203m[38;2;51;31;28m▆[48;2;226;226;226m[38;2;46;29;31m▖[38;2;226;225;226m▖[38;2;226;226;226m  [38;2;202;198;198m▅[48;2;44;30;29m[38;2;33;13;8m▅[48;2;40;18;10m[38;2;66;30;7m▘[48;2;197;193;194m[38;2;226;225;226m▃[48;2;100;95;97m[38;2;177;174;175m▌[48;2;30;57;78m[38;2;9;6;7m▌[48;2;15;61;89m[38;2;13;57;86m▅▅[48;2;15;60;89m[38;2;12;57;86m▅[48;2;15;61;89m[38;2;13;57;86m▅[48;2;16;61;89m▅[48;2;15;60;89m▅▅[48;2;16;61;90m[38;2;13;57;87m▅[48;2;15;60;89m[38;2;13;57;86m▅▅▅[0m
[48;2;8;7;12m[38;2;65;29;3m▝[48;2;68;31;2m[38;2;8;7;12m▖[48;2;71;32;0m[38;2;71;33;0m▆[48;2;65;28;4m[38;2;25;7;5m▗[48;2;71;33;0m[38;2;63;26;17m▖[48;2;65;29;6m[38;2;71;33;0m▅[48;2;18;6;8m[38;2;71;32;1m▄[48;2;71;33;0m[38;2;71;32;0m▇[38;2;70;31;3m▝[48;2;27;9;7m[38;2;71;33;0m▆[48;2;56;23;8m▄[48;2;71;33;0m[38;2;71;32;0m▘[38;2;8;7;12m▅[48;2;8;7;12m [48;2;194;191;189m[38;2;218;217;216m▖[48;2;211;208;207m[38;2;47;35;37m▅[48;2;107;106;109m[38;2;139;132;131m▅[48;2;8;7;12m[38;2;226;226;226m▄▄[48;2;25;18;18m▅[48;2;197;195;194m▄[48;2;226;226;226m      [48;2;189;189;189m▃[48;2;20;38;55m[38;2;189;189;189m▄[48;2;9;52;82m[38;2;8;11;17m▅[48;2;9;51;82m[38;2;6;48;79m▅[48;2;9;52;82m▅▅▅[38;2;7;48;79m▅[38;2;6;48;79m▅▅[38;2;7;48;79m▅▅[48;2;9;53;83m[38;2;7;49;79m▅[48;2;9;53;82m▅[48;2;9;52;82m[38;2;7;48;79m▅[48;2;10;53;82m[38;2;7;49;80m▅▅[48;2;9;53;83m[38;2;7;49;79m▅[48;2;9;52;82m▅[48;2;10;53;83m[38;2;7;49;80m▅[48;2;9;52;82m[38;2;7;49;79m▅▅▅[48;2;10;49;78m[38;2;8;11;17m▝[48;2;24;16;17m[38;2;23;15;19m▅[48;2;52;26;11m[38;2;71;32;0m▄[48;2;31;15;14m[38;2;14;5;12m▗[48;2;79;62;53m[38;2;159;156;156m━[48;2;49;26;13m[38;2;222;222;222m━[48;2;79;62;53m[38;2;159;156;156m━[48;2;63;44;33m[38;2;52;46;45m▅[48;2;21;15;16m[38;2;62;29;13m▝[48;2;46;29;31m[38;2;55;25;14m▅[48;2;219;218;218m[38;2;63;56;55m▖[48;2;226;226;226m[38;2;201;200;200m▅[38;2;194;190;190m▅[48;2;49;26;14m[38;2;202;198;198m▘[48;2;47;22;12m[38;2;33;13;8m▘[48;2;40;18;10m[38;2;182;177;180m▗[48;2;226;225;226m[38;2;226;226;226m▃[48;2;123;119;120m[38;2;191;188;189m▌[48;2;11;11;11m[38;2;30;52;70m▝[48;2;9;51;81m[38;2;9;51;81m [48;2;11;54;83m[38;2;8;50;80m▅[48;2;10;54;83m▅[48;2;10;53;83m▅▅▅[48;2;11;54;83m[38;2;8;50;81m▅[48;2;10;53;83m[38;2;8;50;80m▅[48;2;10;54;83m▅▅▅[0m
[48;2;8;7;12m[38;2;0;39;71m▇[38;2;10;13;21m▄[48;2;65;29;2m[38;2;12;7;11m▖[48;2;24;6;6m[38;2;71;33;0m▄[48;2;71;33;0m[38;2;63;26;17m▘[38;2;71;32;0m▁[38;2;69;31;2m▅[38;2;71;32;0m▗[38;2;33;9;6m▅[38;2;67;30;4m▅[38;2;63;28;3m▅[48;2;8;7;12m[38;2;71;33;0m▘[38;2;226;225;225m▄[48;2;45;42;45m[38;2;8;7;12m▘[48;2;218;217;216m[38;2;182;178;177m▅[48;2;47;35;37m[38;2;171;165;163m▅[48;2;183;178;177m[38;2;226;226;226m▄[48;2;226;226;226m[38;2;196;193;192m▅[38;2;226;226;226m        [38;2;225;225;225m▇[48;2;226;225;225m[38;2;32;30;34m▅[48;2;210;207;205m[38;2;8;11;17m▃[48;2;8;11;17m[38;2;8;7;12m▅[48;2;5;43;74m[38;2;5;43;74m [48;2;4;45;76m[38;2;1;41;73m▅[38;2;2;41;73m▅▅▅▅▅[48;2;4;46;76m[38;2;2;42;73m▅[48;2;4;45;76m▅[48;2;4;46;76m▅[48;2;5;46;77m[38;2;2;42;74m▅[48;2;4;46;77m▅[48;2;4;45;76m[38;2;2;42;73m▅[48;2;5;46;77m[38;2;2;42;74m▅[48;2;4;45;76m[38;2;2;42;73m▅▅[48;2;5;46;77m[38;2;2;42;74m▅[48;2;4;45;76m[38;2;2;42;73m▅[48;2;5;45;76m[38;2;2;42;74m▅[48;2;4;45;76m[38;2;2;42;73m▅[48;2;4;44;75m[38;2;4;44;75m [48;2;23;15;19m[38;2;22;33;47m▅[48;2;71;32;0m[38;2;32;23;18m▅[48;2;49;28;25m[38;2;14;5;12m▝[48;2;63;46;38m[38;2;157;115;69m▃[38;2;213;156;94m━[48;2;41;31;27m[38;2;229;168;100m▄[48;2;52;46;45m[38;2;177;130;78m▃[48;2;85;64;50m[38;2;131;94;61m━[48;2;61;27;8m[38;2;28;11;10m▌[48;2;56;49;48m[38;2;71;32;0m▅[48;2;40;29;28m[38;2;65;30;6m▄[48;2;38;19;9m[38;2;65;33;14m▄[48;2;49;26;14m[38;2;44;22;16m▅[48;2;47;22;12m[38;2;200;197;199m▗[48;2;182;177;180m[38;2;226;226;226m▄[48;2;226;226;226m [48;2;135;131;132m[38;2;196;194;195m▌[48;2;12;13;12m[38;2;13;13;12m▃[48;2;18;39;49m[38;2;18;39;49m [48;2;8;44;74m[38;2;12;31;48m▁[48;2;5;46;77m[38;2;3;43;74m▅▅▅[48;2;5;47;77m▅▅[48;2;5;46;77m▅[48;2;5;47;77m[38;2;3;43;75m▅[48;2;5;47;78m[38;2;3;43;74m▅▅[0m
[48;2;0;39;71m[38;2;0;39;71m [38;2;10;13;21m▝[48;2;8;7;12m[38;2;54;24;7m▝[48;2;71;33;0m[38;2;16;11;14m▅[48;2;66;30;1m[38;2;14;8;11m▖[48;2;71;32;0m[38;2;70;31;9m▄[48;2;17;6;5m[38;2;69;31;2m▝[48;2;71;33;0m[38;2;62;28;4m▅[48;2;47;17;8m[38;2;71;33;0m▅[48;2;58;26;4m[38;2;67;30;4m▝[48;2;8;7;12m[38;2;63;28;3m▘[48;2;224;223;223m[38;2;53;50;52m▌[48;2;226;225;225m[38;2;226;226;226m▆[48;2;199;195;194m▃[48;2;30;27;30m[38;2;225;225;225m▄[48;2;171;165;163m[38;2;8;7;12m▅[48;2;226;226;226m▅[48;2;212;211;211m[38;2;14;13;17m▘[48;2;226;226;226m[38;2;226;226;226m        [38;2;148;147;149m▁[48;2;17;16;22m[38;2;158;153;151m▘[48;2;8;11;17m[38;2;0;39;71m▗[48;2;0;39;71m  [48;2;0;40;71m▇▇[48;2;0;39;71m  [48;2;1;40;72m▇[48;2;0;40;72m▇[48;2;1;40;72m▇[48;2;0;40;72m▇[48;2;1;40;71m▇[48;2;1;40;72m▇▇▇▇▇▇▇[48;2;0;39;71m[38;2;3;29;54m▁[38;2;8;11;17m▁▅▅[48;2;22;33;47m[38;2;31;41;52m▄[48;2;32;23;18m[38;2;41;123;130m▄[48;2;49;28;25m[38;2;26;35;39m▅[48;2;16;4;3m[38;2;57;31;18m▄[48;2;40;24;18m[38;2;62;29;8m▄[48;2;52;29;21m[38;2;68;32;1m▄[48;2;37;19;13m[38;2;61;30;11m▃[48;2;40;26;24m[38;2;55;26;10m▄[48;2;68;31;3m[38;2;45;19;7m▄[48;2;71;33;0m[38;2;56;32;25m▅[48;2;66;32;11m[38;2;83;57;47m▅[48;2;65;33;14m[38;2;255;180;89m▄[48;2;44;22;16m[38;2;226;185;142m▆[48;2;200;197;199m[38;2;226;226;226m▄[48;2;226;226;226m  [48;2;222;220;221m[38;2;105;100;101m▝[48;2;13;13;12m[38;2;13;13;12m [48;2;24;45;47m[38;2;31;146;150m▚[48;2;14;17;19m[38;2;0;181;181m▖[48;2;4;41;72m[38;2;12;13;14m▅[48;2;1;40;72m[38;2;0;39;71m▅[48;2;2;41;73m▆[48;2;0;40;71m▅[48;2;1;40;72m▅[48;2;2;42;73m▆[48;2;2;41;73m▆[48;2;1;41;72m▆▆[0m
[48;2;0;39;71m[38;2;0;39;71m  [48;2;8;7;12m[38;2;9;7;12m▖[48;2;16;11;14m[38;2;8;7;12m▖[48;2;55;25;12m[38;2;12;8;12m▘[48;2;70;32;1m[38;2;71;33;0m▆[48;2;17;6;5m[38;2;65;30;3m▇[48;2;62;28;4m[38;2;36;30;31m▄[48;2;71;33;0m[38;2;8;7;12m▅[48;2;58;26;4m▆[48;2;8;7;12m[38;2;226;226;226m▄[48;2;224;222;222m▅[48;2;226;226;226m            [38;2;136;135;136m▝[48;2;73;71;74m[38;2;200;199;198m▂[48;2;8;7;12m[38;2;8;7;12m [38;2;7;8;14m▃[48;2;0;39;71m[38;2;7;11;21m▘[38;2;0;39;71m            [38;2;8;11;17m▁▃▃▅▆[48;2;8;11;17m[38;2;1;158;160m▂[38;2;0;181;181m▅▅▆[38;2;8;11;17m [48;2;47;139;147m[38;2;24;56;66m▊[48;2;0;181;181m[38;2;0;181;181m [48;2;26;35;39m▆[48;2;57;31;18m▅[48;2;23;18;22m[38;2;0;175;175m▖[48;2;71;33;0m[38;2;30;28;36m▖[48;2;62;31;12m[38;2;255;180;89m▄[48;2;55;26;10m[38;2;250;185;110m▅[48;2;224;167;104m[38;2;228;171;106m▇[48;2;238;176;105m[38;2;243;180;107m▆[48;2;253;179;91m[38;2;255;180;89m▄[48;2;254;180;89m[38;2;226;226;226m▄[48;2;231;215;201m▄[48;2;226;226;226m    [48;2;110;108;108m[38;2;175;174;174m▌[48;2;24;44;46m[38;2;13;13;12m▃[48;2;0;181;181m[38;2;31;146;150m▖[48;2;13;13;12m[38;2;0;181;181m▖[48;2;11;16;20m[38;2;13;13;12m▆[48;2;0;39;71m▅[38;2;8;11;17m▅[38;2;8;34;56m▅[38;2;0;39;71m    [0m
[48;2;8;7;12m[38;2;0;39;71m▄▄[38;2;224;224;225m▁[38;2;101;100;103m▁[48;2;11;8;12m[38;2;8;7;12m▅[48;2;8;7;12m[38;2;165;159;156m▄[38;2;190;186;184m▄[48;2;36;30;31m[38;2;226;226;226m▅[48;2;226;226;226m                 [48;2;219;218;217m▄[48;2;226;226;226m[38;2;8;7;12m▝[48;2;4;33;59m[38;2;8;9;15m▌[48;2;0;39;71m[38;2;0;39;71m          [38;2;8;11;17m▁▅[48;2;8;11;17m[38;2;0;103;103m▁[38;2;0;116;116m▄[38;2;0;181;181m▅▆[48;2;0;181;181m      [48;2;6;174;175m[38;2;8;11;17m▝[48;2;8;11;17m [48;2;0;181;181m[38;2;0;181;181m   [38;2;8;11;17m▝[48;2;30;28;36m▅[48;2;255;180;89m▖[48;2;252;182;97m[38;2;226;223;221m▝[48;2;226;226;226m[38;2;231;216;200m▄[38;2;226;226;226m        [48;2;119;116;117m[38;2;174;172;173m▌[48;2;13;13;12m[38;2;13;13;12m [48;2;0;181;181m[38;2;31;146;150m▘[38;2;0;181;181m [48;2;13;13;12m▄[38;2;13;159;160m▝[48;2;13;159;160m [48;2;15;32;43m[38;2;0;181;181m▄[48;2;13;13;12m[38;2;1;160;160m▂[48;2;0;39;71m[38;2;13;13;12m▅[38;2;8;11;17m▅[38;2;18;33;42m▅[0m
[48;2;255;255;255m[38;2;255;255;255m    [48;2;8;7;12m▆[48;2;27;24;28m[38;2;254;254;254m▄[48;2;190;186;184m[38;2;8;7;12m▅[48;2;226;226;226m[38;2;62;59;61m▅[38;2;195;192;191m▅[38;2;226;226;226m                [38;2;214;212;210m▅[48;2;201;199;199m[38;2;22;33;46m▂[48;2;7;23;40m[38;2;8;11;17m▌[48;2;0;39;71m[38;2;2;39;71m▎[38;2;0;39;71m      [38;2;8;11;17m▂▅[48;2;8;11;17m[38;2;0;116;116m▂▄▇[48;2;0;116;116m[38;2;0;181;181m▗[48;2;0;181;181m[38;2;0;116;116m▘[38;2;0;181;181m        [38;2;1;181;181m▝[48;2;8;11;17m[38;2;8;11;17m [48;2;0;181;181m[38;2;29;132;138m▅[38;2;8;11;17m▃▅▃[48;2;5;97;103m[38;2;16;90;98m▅[48;2;8;11;17m[38;2;13;13;12m▅[48;2;254;180;89m[38;2;8;11;17m▅[48;2;231;216;200m[38;2;224;164;97m▆[48;2;226;226;226m[38;2;224;170;112m▅[38;2;226;226;226m      [38;2;13;13;12m▅[48;2;48;46;46m▅[48;2;0;181;181m▘[38;2;0;181;181m [38;2;11;31;30m▁▁[48;2;13;13;12m[38;2;0;181;181m▇[38;2;13;13;12m [48;2;0;181;181m[38;2;25;40;41m▖[38;2;0;181;181m  [48;2;18;156;157m▄[48;2;18;33;42m▄[0m
[48;2;255;255;255m[38;2;243;243;243m▅[38;2;245;245;245m▅[38;2;255;255;255m     [48;2;62;59;61m▆[48;2;29;27;31m[38;2;254;254;254m▄[48;2;226;225;225m[38;2;8;7;12m▅[48;2;226;226;226m[38;2;74;71;72m▅[38;2;138;138;140m▁[38;2;226;226;226m      [38;2;152;147;146m▅[48;2;226;225;225m[38;2;8;11;17m▅[48;2;226;226;226m[38;2;8;7;12m▆[38;2;8;26;44m▆[38;2;7;31;53m▆[48;2;8;7;12m[38;2;0;39;71m▄▄[48;2;8;11;17m▅[48;2;15;27;41m▅[48;2;0;39;71m      [38;2;3;40;71m▗[48;2;8;11;17m[38;2;0;39;71m▘[38;2;0;116;116m▗[48;2;0;116;116m  [38;2;0;181;181m▂▄[48;2;0;181;181m           [48;2;8;11;17m[38;2;5;97;103m▖[48;2;23;32;43m[38;2;8;11;17m▅[48;2;8;11;17m[38;2;0;116;116m▄▇▆▄[48;2;37;71;82m[38;2;8;11;17m▅[48;2;8;11;17m[38;2;0;116;116m▄[48;2;13;13;12m[38;2;8;11;17m▅[48;2;224;170;112m▅[48;2;236;181;117m[38;2;13;13;12m▂[48;2;226;226;226m[38;2;228;167;100m▅[38;2;222;191;161m▅[38;2;140;140;140m▁[38;2;13;13;12m▅[48;2;13;13;12m[38;2;17;146;148m▁[38;2;0;181;181m▄[48;2;0;181;181m[38;2;5;113;113m▁[38;2;13;13;12m▅▆[48;2;13;13;12m[38;2;0;116;116m▄▄[38;2;1;163;163m▂[38;2;13;13;12m [48;2;13;159;160m[38;2;18;35;35m▌[48;2;0;181;181m[38;2;0;181;181m    [0m
[48;2;40;40;16m[38;2;71;71;0m▄[48;2;35;34;26m▄[48;2;255;255;255m[38;2;45;45;8m▇[48;2;254;254;254m[38;2;28;27;14m▅[48;2;255;255;255m[38;2;8;7;12m▅[38;2;211;210;211m▅[38;2;255;255;255m    [48;2;105;105;107m▅[48;2;8;7;12m[38;2;254;254;254m▄[48;2;226;226;225m[38;2;8;7;12m▅[48;2;226;226;226m[38;2;175;171;170m▅[38;2;226;226;226m  [38;2;169;166;165m▅[48;2;226;225;224m[38;2;17;27;40m▅[48;2;21;23;30m[38;2;0;39;71m▄[48;2;0;39;71m             [38;2;8;11;17m▗[48;2;8;11;17m [38;2;5;114;115m▄[48;2;0;116;116m[38;2;0;116;116m [38;2;0;181;181m▄[48;2;0;181;181m              [38;2;8;11;17m▝[48;2;8;11;17m[38;2;0;116;116m▆[48;2;0;116;116m[38;2;0;181;181m▄▄▁[38;2;0;148;148m [48;2;8;11;17m[38;2;0;116;116m▇[48;2;0;116;116m  [48;2;8;11;17m▇▄[48;2;228;167;100m[38;2;8;11;17m▇[48;2;222;191;161m▅[48;2;13;13;12m▅[38;2;17;159;161m [48;2;17;159;161m[38;2;13;13;12m▅[48;2;0;181;181m▅[48;2;13;13;12m[38;2;1;165;165m▂[48;2;17;17;17m▅[48;2;0;116;116m[38;2;0;181;181m▄▆▇[48;2;0;181;181m [48;2;13;13;12m▇[48;2;0;181;181m     [0m
[48;2;71;71;0m[38;2;71;71;0m     [48;2;20;19;18m▄[48;2;254;254;254m[38;2;8;7;12m▅[48;2;255;255;255m[38;2;156;156;157m▅[38;2;255;255;255m    [48;2;233;233;233m▆[48;2;39;37;40m[38;2;37;37;32m▗[48;2;226;225;225m[38;2;8;7;12m▅[48;2;189;187;186m[38;2;31;30;23m▁[48;2;35;32;35m[38;2;8;7;12m▅[48;2;17;27;40m[38;2;0;39;71m▄[48;2;6;48;78m[38;2;6;48;78m [48;2;0;39;71m[38;2;0;39;71m  [48;2;6;48;78m[38;2;6;48;78m [48;2;0;39;71m[38;2;0;39;71m         [38;2;12;38;64m▗[48;2;8;11;17m[38;2;8;11;17m [48;2;0;116;116m▘[38;2;0;116;116m [48;2;0;181;181m▘[38;2;0;181;181m                    [38;2;0;179;179m [48;2;0;116;116m[38;2;0;181;181m▆▅▂[38;2;0;116;116m   [48;2;32;102;109m▅[48;2;8;11;17m[38;2;8;11;17m [48;2;13;13;12m[38;2;27;137;143m▗[38;2;1;165;165m▇[48;2;1;165;165m[38;2;0;181;181m▆[48;2;0;181;181m            [0m
[48;2;71;71;0m[38;2;116;116;0m▅▄▂[38;2;104;104;0m [38;2;71;71;0m   [48;2;33;32;12m▄[48;2;255;255;255m[38;2;41;41;10m▇[38;2;8;7;12m▅[38;2;25;24;28m▁[38;2;42;43;24m▅[38;2;8;7;12m▇[48;2;37;37;32m[38;2;116;116;0m▄[48;2;8;7;12m▄[48;2;22;22;14m▖[48;2;4;38;69m[38;2;7;7;12m▌[48;2;0;39;71m[38;2;0;39;71m [48;2;6;48;78m[38;2;6;48;79m▖[38;2;6;48;78m [48;2;0;39;71m[38;2;0;39;71m [48;2;6;48;78m[38;2;6;48;78m [48;2;0;39;71m[38;2;0;39;71m [48;2;6;48;78m[38;2;6;48;78m  [48;2;0;39;71m[38;2;0;39;71m [48;2;6;48;78m[38;2;6;48;78m  [48;2;0;39;71m[38;2;0;39;71m  [38;2;8;28;47m▁[48;2;7;11;19m[38;2;8;11;17m▃[48;2;8;11;17m[38;2;0;116;116m▄[48;2;0;116;116m [48;2;0;181;181m▘[38;2;0;181;181m                         [48;2;0;116;116m▇[48;2;1;163;163m▃[48;2;0;116;116m▂[38;2;0;116;116m [48;2;25;63;72m[38;2;26;96;102m▌[48;2;8;11;17m[38;2;27;137;143m▝[48;2;0;181;181m[38;2;0;181;181m              [0m
[48;2;116;116;0m[38;2;116;116;0m  [38;2;114;114;0m [38;2;116;116;0m [48;2;93;93;0m▇[48;2;71;71;0m▆▅▅[48;2;93;94;3m▄[48;2;8;7;12m▆▄[48;2;42;43;24m▄[48;2;116;116;0m   [48;2;62;61;6m▌[48;2;5;38;68m[38;2;7;8;14m▌[48;2;0;39;71m[38;2;0;39;71m [48;2;6;48;78m[38;2;6;48;78m  [48;2;0;39;71m[38;2;0;39;71m [48;2;6;48;78m[38;2;6;48;78m [48;2;0;39;71m[38;2;0;40;72m [48;2;6;48;78m[38;2;6;48;78m     [48;2;0;39;71m[38;2;0;39;71m [38;2;8;11;17m▗[48;2;8;11;17m [48;2;0;116;116m▘[38;2;0;116;116m [48;2;0;181;181m▘[38;2;0;181;181m                             [48;2;0;116;116m▇[48;2;24;60;69m[38;2;19;145;148m▌[48;2;8;11;17m[38;2;8;11;17m [48;2;0;181;181m[38;2;0;181;181m              [0m
[48;2;116;116;0m[38;2;116;116;0m               [48;2;115;115;0m▌[48;2;8;8;14m[38;2;8;7;12m▃[48;2;0;39;71m[38;2;0;39;71m     [38;2;1;40;72m [38;2;0;39;71m   [48;2;6;48;78m[38;2;6;48;78m [48;2;0;39;71m[38;2;0;39;71m [38;2;8;11;17m▗[48;2;8;11;17m [48;2;0;116;116m▘[38;2;0;116;116m [48;2;0;181;181m▘[38;2;0;181;181m                               [48;2;13;71;77m[38;2;19;132;137m▌[48;2;24;60;69m[38;2;8;11;17m▊[48;2;0;181;181m[38;2;0;181;181m              [0m
[48;2;116;116;0m[38;2;116;116;0m                [48;2;8;7;12m[38;2;8;7;12m [48;2;0;39;71m[38;2;0;39;71m          [38;2;8;11;17m▗[48;2;8;11;17m [48;2;0;116;116m▘[38;2;0;116;116m [48;2;0;181;181m▘[38;2;0;181;181m          [38;2;8;11;17m▅[38;2;20;116;120m▅[38;2;0;181;181m                    [48;2;8;11;17m[38;2;12;154;157m▌[48;2;4;96;99m[38;2;8;11;17m▌[48;2;0;181;181m[38;2;0;181;181m              [0m
[48;2;116;116;0m[38;2;116;116;0m                [48;2;8;7;12m▌[48;2;1;39;70m[38;2;8;11;17m▌[48;2;0;39;71m[38;2;0;39;71m        [38;2;8;11;17m▃[48;2;8;11;17m [48;2;0;116;116m▘[38;2;0;116;116m [48;2;0;181;181m▘[38;2;0;181;181m         [38;2;8;11;17m▗▆[48;2;8;11;17m[38;2;0;116;116m▄[48;2;20;116;120m▅[48;2;0;181;181m▇[38;2;0;181;181m                   [48;2;8;11;17m[38;2;17;148;152m▌[48;2;0;181;181m[38;2;8;11;17m▌[38;2;0;181;181m             [38;2;5;99;105m▗[0m
[48;2;116;116;0m[38;2;116;116;0m       [38;2;71;71;0m▗▄[38;2;93;93;0m [38;2;116;116;0m      [48;2;8;7;12m▌[48;2;4;38;67m[38;2;7;11;21m▌[48;2;0;39;71m[38;2;0;39;71m       [48;2;8;11;17m▘[38;2;0;116;116m▗[48;2;0;116;116m  [48;2;0;181;181m▘[38;2;0;181;181m         [38;2;8;11;17m▗[48;2;8;11;17m [48;2;0;116;116m▘[38;2;0;116;116m   [48;2;0;181;181m[38;2;0;148;148m▖[38;2;0;181;181m                  [48;2;8;11;17m[38;2;26;157;161m▌[48;2;24;60;69m[38;2;8;11;17m▌[48;2;0;181;181m[38;2;0;181;181m             [48;2;5;99;105m[38;2;8;11;17m▗[0m
[48;2;116;116;0m[38;2;116;116;0m       [48;2;71;71;0m▎[38;2;71;71;0m [38;2;93;93;0m [48;2;116;116;0m[38;2;71;71;0m▃[38;2;104;104;0m▁[38;2;116;116;0m  [38;2;71;71;0m▆▖[38;2;8;7;12m▝[48;2;7;30;54m[38;2;8;11;17m▊[48;2;0;39;71m[38;2;1;39;71m▎[38;2;0;39;71m     [48;2;8;11;17m▘[38;2;0;116;116m▗[48;2;0;116;116m  [48;2;0;181;181m▘[38;2;0;181;181m       [38;2;5;97;103m▁[38;2;18;161;164m▅[38;2;8;11;17m▅[48;2;8;11;17m[38;2;0;38;70m▁[38;2;8;11;17m [48;2;0;116;116m▘[38;2;0;116;116m   [48;2;0;181;181m▊[38;2;0;181;181m                  [48;2;7;172;173m[38;2;8;11;17m▝[48;2;8;11;17m [48;2;0;181;181m[38;2;1;181;181m▖[38;2;0;181;181m           [48;2;23;143;147m▘[48;2;8;11;17m[38;2;23;143;147m▗[0m
