[48;2;19;19;19m[38;2;19;19;19m  [48;2;0;0;0m▄[38;2;0;0;0m           [48;2;0;0;55m▇[48;2;0;0;71m[38;2;0;0;55m▖[38;2;0;0;71m      [48;2;0;0;0m▘[38;2;0;0;0m    [38;2;0;0;23m▂[38;2;0;0;0m   [48;2;0;0;71m▘[38;2;0;0;127m▗[38;2;0;0;181m▃[38;2;0;99;181m▃[48;2;0;0;116m[38;2;89;180;255m▄[48;2;0;0;71m[38;2;89;89;255m▆[48;2;19;19;19m[38;2;156;156;255m▅[48;2;0;0;71m▃[38;2;159;159;159m▁[38;2;0;0;116m⎼[38;2;0;0;181m⎼▂▃▄╴[38;2;0;0;71m   [48;2;0;0;0m[38;2;0;0;0m     [48;2;0;0;71m[38;2;0;0;71m             [48;2;19;19;19m[38;2;12;12;36m▌[38;2;19;19;19m     [38;2;0;0;71m▄[0m
[48;2;19;19;19m[38;2;0;0;71m▂[38;2;19;19;19m [48;2;0;0;0m[38;2;0;0;0m       [38;2;12;12;12m━[38;2;0;0;0m     [38;2;0;0;71m▝ [38;2;0;0;0m [48;2;0;0;71m▆▄[38;2;0;0;71m  [38;2;0;0;0m┗[48;2;0;0;0m[38;2;0;0;47m╶▁▁[38;2;0;0;71m▁▄▅[48;2;0;0;71m[38;2;0;0;116m⎼[48;2;0;0;66m[38;2;0;0;150m▬[48;2;0;0;127m[38;2;0;64;116m▄[48;2;0;0;181m[38;2;89;180;255m▃[48;2;0;99;181m[38;2;0;99;181m [48;2;89;89;255m[38;2;0;64;116m▂[48;2;89;180;255m[38;2;0;99;181m▄▄[38;2;0;181;181m▄[48;2;156;211;255m[38;2;0;116;116m▃[48;2;156;156;255m[38;2;104;150;255m▂[48;2;89;180;255m[38;2;89;180;255m [48;2;0;39;71m▅[48;2;0;0;71m[38;2;0;140;255m▄[48;2;0;0;116m[38;2;0;99;181m▂[48;2;0;0;71m[38;2;0;0;181m▂▂▂[38;2;0;0;116m▂[48;2;0;0;0m▁[38;2;0;0;77m [38;2;0;0;0m     [48;2;0;0;71m[38;2;0;0;71m            [48;2;19;19;19m▊[38;2;19;19;19m  [38;2;0;0;71m▝▄[38;2;19;19;19m  [0m
[48;2;0;0;71m[38;2;0;0;71m [48;2;19;19;19m[38;2;19;19;19m  [48;2;0;0;0m[38;2;0;0;0m             [38;2;0;0;71m▂[48;2;0;0;23m▇[48;2;0;0;55m▇[48;2;0;0;0m▅[48;2;0;0;71m      [38;2;0;0;86m▬▬[38;2;0;0;116m━[38;2;19;19;19m▅[48;2;0;39;71m[38;2;0;26;107m▬[48;2;0;71;44m[38;2;0;99;181m━[48;2;0;181;113m[38;2;0;116;0m▄[48;2;0;147;0m[38;2;0;255;160m▘[48;2;0;71;44m[38;2;0;147;0m▃[48;2;0;116;73m[38;2;0;116;0m▆[48;2;0;147;147m[38;2;0;147;0m▇[48;2;0;147;0m[38;2;0;181;0m━[48;2;0;181;113m▇[48;2;0;99;181m[38;2;0;116;73m▆[48;2;0;181;181m[38;2;0;181;0m▃[38;2;0;255;0m▃[48;2;0;147;147m[38;2;0;181;113m▂[48;2;0;99;181m[38;2;127;127;127m▃▄[48;2;0;0;127m[38;2;0;99;181m▃[48;2;0;0;71m[38;2;0;0;116m▁[38;2;0;0;71m [48;2;0;0;0m▄▁▁[38;2;0;0;0m    [48;2;0;0;71m[38;2;0;0;47m▌[38;2;0;0;71m           [48;2;19;19;19m[38;2;19;19;19m [38;2;6;6;6m [38;2;0;0;0m▄[38;2;19;19;19m [38;2;6;6;53m┗[48;2;0;0;71m[38;2;0;0;71m [38;2;19;19;19m▄[0m
[48;2;0;0;71m[38;2;0;0;71m [48;2;19;19;19m[38;2;19;19;19m  [48;2;0;0;0m[38;2;0;0;0m   [38;2;0;0;47m  ▁[38;2;0;0;71m▁[38;2;0;0;47m [38;2;0;0;0m  [38;2;0;0;71m▃[48;2;0;0;71m[38;2;0;0;0m▆▂[38;2;0;0;39m [38;2;0;0;71m      [48;2;0;0;116m▄[48;2;0;0;71m[38;2;0;0;181m━⎼[38;2;0;0;0m▅[48;2;19;19;19m[38;2;19;19;19m [38;2;0;71;0m▄▂[48;2;0;71;0m [48;2;0;116;0m▌[48;2;0;181;0m[38;2;74;230;74m━[48;2;0;147;0m[38;2;0;255;0m▂[38;2;0;181;0m▃[38;2;0;136;0m▬[48;2;0;181;0m[38;2;0;147;0m▆[48;2;0;147;0m [38;2;0;169;0m━[48;2;0;181;0m[38;2;74;230;74m━[48;2;0;255;0m[38;2;104;255;104m━[38;2;74;255;74m━[38;2;0;255;0m [48;2;0;181;113m▆[48;2;101;101;101m▅[48;2;127;127;127m▄[48;2;0;99;181m▂[48;2;0;0;116m[38;2;0;181;181m▖[48;2;0;0;71m[38;2;0;0;71m   [48;2;0;0;0m▌[38;2;0;0;0m   [48;2;0;0;71m▊[38;2;0;0;71m           [48;2;19;19;19m▆[48;2;6;6;6m[38;2;19;19;19m▊[48;2;0;0;0m[38;2;14;14;14m [48;2;19;19;19m[38;2;0;0;0m▅▁[38;2;19;19;19m  [0m
[48;2;19;19;19m[38;2;0;0;71m▊[38;2;19;19;19m [48;2;0;0;0m[38;2;0;0;0m  [48;2;0;0;71m▌[48;2;0;0;23m[38;2;0;0;71m▇[48;2;0;0;71m[38;2;0;0;55m [48;2;0;0;0m[38;2;0;0;71m▅[48;2;0;0;71m[38;2;0;0;0m┓[38;2;0;0;71m [38;2;0;0;0m [48;2;0;0;0m[38;2;0;0;47m▁[48;2;0;0;7m[38;2;0;0;0m▊[48;2;0;0;71m▖[38;2;0;0;55m [48;2;0;0;0m[38;2;0;0;71m▅▃[48;2;0;0;71m[38;2;0;0;0m▬╴[38;2;0;0;71m    [38;2;19;19;19m▁[48;2;19;19;19m[38;2;0;0;71m▘[48;2;12;25;36m[38;2;19;19;19m▆[48;2;0;0;0m[38;2;0;0;0m  [48;2;0;71;0m[38;2;0;71;0m [38;2;0;116;0m▂▅[48;2;0;116;0m[38;2;0;71;0m▘[48;2;0;181;0m[38;2;0;181;0m [48;2;0;255;0m[38;2;0;255;0m [48;2;0;181;0m▃[38;2;0;159;0m▂[48;2;0;147;0m[38;2;0;147;0m [38;2;0;116;0m▂[48;2;0;181;0m[38;2;0;181;0m [48;2;0;230;0m[38;2;0;255;0m▬[48;2;0;255;0m[38;2;0;181;0m▂[38;2;0;238;0m▁[38;2;0;255;0m   [48;2;0;181;0m▆[48;2;0;255;0m [48;2;0;255;160m▆[48;2;0;181;113m[38;2;0;39;71m▝[48;2;0;0;71m[38;2;0;64;116m▖[48;2;0;0;116m[38;2;0;0;86m─[48;2;0;0;181m[38;2;0;0;0m▅▆[48;2;0;0;71m▆▆[38;2;0;0;71m             [48;2;19;19;19m[38;2;12;12;36m▂[38;2;10;10;10m [48;2;0;0;0m[38;2;19;19;19m▎[38;2;0;0;0m [48;2;19;19;19m▅▅[0m
[48;2;19;19;19m[38;2;19;19;19m [48;2;0;0;0m▘[38;2;0;0;0m  [38;2;0;0;71m▗[48;2;0;0;71m[38;2;0;0;0m▬▄▁[38;2;0;0;71m    [38;2;0;0;0m▝[48;2;0;0;0m[38;2;0;0;71m▂[48;2;0;0;71m[38;2;0;0;0m▄[38;2;0;0;55m [38;2;0;0;71m   [38;2;0;0;101m [38;2;0;0;116m━─[38;2;19;19;19m▃[48;2;6;6;6m[38;2;0;0;0m▃[48;2;0;0;0m[38;2;4;4;4m [48;2;19;19;19m[38;2;0;0;0m▅[48;2;0;0;0m[38;2;19;19;19m [38;2;0;0;0m [38;2;0;71;0m▝[48;2;0;71;0m [48;2;0;116;0m[38;2;0;147;0m▗[48;2;0;101;0m[38;2;0;71;0m┃[48;2;0;181;0m[38;2;0;159;0m▌[48;2;0;255;0m[38;2;0;255;0m  [48;2;0;181;0m[38;2;0;181;0m  [38;2;0;116;0m▆[48;2;0;255;0m[38;2;0;181;0m▌▁[38;2;0;205;0m [48;2;0;230;0m[38;2;0;255;0m▆[48;2;0;255;0m [38;2;111;255;111m─[38;2;0;255;0m     [48;2;0;147;147m▂[48;2;0;64;116m[38;2;0;64;116m [48;2;0;0;71m[38;2;0;0;181m▄[48;2;0;0;0m▄━━[38;2;0;0;71m━[48;2;0;0;71m[38;2;0;0;47m▖[38;2;0;0;71m           [48;2;19;19;19m[38;2;19;19;19m [38;2;0;0;0m▅[48;2;0;0;0m[38;2;8;8;8m [38;2;0;0;0m   [0m
[48;2;0;0;0m[38;2;89;89;255m▁[38;2;0;0;0m   [48;2;0;0;71m▘[38;2;0;0;71m [38;2;0;0;55m [48;2;0;0;0m[38;2;0;0;71m▅[48;2;0;0;71m[38;2;0;0;0m▬▄[38;2;0;0;71m     [48;2;0;0;116m▇▄[38;2;0;0;127m▆[38;2;0;0;181m▃[38;2;0;0;116m [38;2;0;0;71m▗[48;2;19;19;19m[38;2;19;19;19m [48;2;0;0;0m▁[38;2;0;0;0m   [48;2;0;71;0m[38;2;0;116;0m▗▄[48;2;19;19;19m[38;2;19;19;19m [48;2;0;71;0m[38;2;0;0;0m▖[48;2;0;147;0m[38;2;0;116;0m▌[48;2;0;116;0m[38;2;0;181;0m▆[48;2;0;147;0m▃[48;2;0;255;0m[38;2;0;147;0m▃[38;2;0;255;0m  [48;2;0;181;0m[38;2;0;181;0m [38;2;0;147;0m▊[48;2;0;255;0m[38;2;0;205;0m▃[38;2;0;181;0m▂[38;2;0;230;0m [38;2;0;255;0m      [38;2;111;255;111m▄[38;2;0;255;0m  [48;2;0;147;147m▅[48;2;0;99;181m[38;2;0;181;181m▄[48;2;0;64;116m[38;2;0;140;255m▃[48;2;0;0;71m[38;2;0;0;181m▃[48;2;0;0;0m[38;2;0;0;71m▂[48;2;0;0;71m  [38;2;0;0;181m▃[38;2;0;0;144m [38;2;0;0;71m        [48;2;19;19;19m▊[38;2;0;0;0m▅[48;2;0;0;0m     [0m
[48;2;12;45;73m[38;2;19;19;19m▆[48;2;0;99;181m▄[48;2;0;39;71m[38;2;0;99;181m━[38;2;89;89;255m━[38;2;156;156;255m⎼[48;2;0;0;71m[38;2;89;180;255m▂▁[38;2;0;0;71m [38;2;0;0;47m▂[38;2;0;0;71m   [38;2;0;0;116m▁[38;2;0;0;71m  [38;2;0;0;127m▁▂[38;2;0;0;181m▄[38;2;0;0;255m▄[48;2;0;0;181m[38;2;0;0;127m▃[48;2;0;0;71m[38;2;0;0;181m▘[48;2;19;19;19m[38;2;19;19;19m [38;2;0;0;0m▇[48;2;0;0;0m   [48;2;19;19;19m[38;2;0;71;0m▝[48;2;0;116;0m▃[48;2;0;147;0m[38;2;0;116;0m▃[48;2;0;0;0m[38;2;0;71;0m▄[48;2;0;71;0m [48;2;0;147;0m[38;2;0;116;0m▃[48;2;0;181;0m[38;2;0;144;0m▬[38;2;0;169;0m▬[38;2;0;181;0m [48;2;0;255;0m[38;2;0;230;0m▬[48;2;0;147;0m[38;2;0;181;0m▌[48;2;0;181;0m[38;2;0;147;0m▌[48;2;0;255;0m[38;2;0;181;0m▎[48;2;0;230;0m[38;2;0;255;0m▆[48;2;0;255;0m [48;2;111;255;111m[38;2;74;255;74m▬[48;2;0;255;0m[38;2;0;255;0m [38;2;111;255;111m▗▅▄▂[38;2;0;255;0m    [48;2;111;255;111m▊[48;2;89;180;255m[38;2;0;181;181m▊[48;2;0;99;181m[38;2;89;89;255m▅[38;2;0;0;71m▄[48;2;0;0;71m[38;2;0;0;181m▂[48;2;0;0;181m[38;2;0;0;71m┏[48;2;0;0;71m[38;2;0;0;127m▁[38;2;0;0;101m━[38;2;0;0;116m▁[38;2;0;0;71m     [38;2;0;64;116m▁[38;2;0;0;127m▁[38;2;0;0;101m━[48;2;10;16;50m[38;2;0;77;156m▬[48;2;24;24;56m[38;2;159;159;159m━[48;2;19;19;19m[38;2;0;99;181m▃[48;2;0;0;0m[38;2;19;19;19m▄▂[38;2;0;0;71m▄[0m
[48;2;0;71;0m[38;2;19;19;19m▄[48;2;0;0;0m[38;2;0;71;0m▖[48;2;19;19;19m[38;2;0;0;0m▆▄▂[38;2;6;6;6m▁[48;2;89;180;255m[38;2;19;19;19m▇[48;2;0;140;255m▆▅[48;2;19;19;19m[38;2;89;180;255m━[38;2;12;45;73m▬▬[48;2;0;0;71m[38;2;89;89;255m▃▂[38;2;0;99;181m▂▂[38;2;0;0;181m▂▂[48;2;0;0;181m[38;2;0;0;71m▬[38;2;0;0;127m▅[48;2;19;19;19m[38;2;19;19;19m [38;2;0;0;0m▆[48;2;0;0;0m[38;2;19;19;19m▘[38;2;0;0;0m  [48;2;0;71;0m▌[48;2;0;116;0m[38;2;0;71;0m▌[38;2;0;86;0m━[48;2;0;147;0m[38;2;0;121;0m▬[38;2;0;147;0m [48;2;0;71;0m[38;2;0;181;0m▅[38;2;0;147;0m▖[48;2;0;147;0m[38;2;0;71;0m▖[48;2;0;181;0m[38;2;0;181;0m [48;2;0;255;0m[38;2;0;255;0m [38;2;111;255;111m▗[48;2;0;116;0m[38;2;0;255;0m▌[48;2;0;255;0m[38;2;0;147;0m▌[48;2;0;181;0m[38;2;0;255;0m▆▆[48;2;111;255;111m[38;2;111;255;111m [38;2;0;255;0m▗[48;2;0;255;0m [48;2;111;255;111m▆[38;2;111;255;111m   [48;2;0;255;0m▆▂[38;2;0;255;0m  [48;2;111;255;111m▊[48;2;101;255;201m[38;2;89;180;255m▝[48;2;89;89;255m[38;2;159;159;159m▃[48;2;0;99;181m[38;2;156;255;219m▂▂[48;2;0;0;71m[38;2;159;159;159m▂▃[38;2;101;255;201m▃[38;2;89;180;255m▃▄[38;2;0;140;255m▄[48;2;0;64;116m━[48;2;0;71;71m[38;2;0;68;86m▬[48;2;0;64;116m[38;2;0;71;44m▅[48;2;0;71;71m[38;2;0;0;0m▃▆[48;2;0;0;0m [48;2;0;0;71m▆▆▄[48;2;0;116;73m[38;2;0;0;71m▄[48;2;0;71;44m[38;2;0;116;73m▆[48;2;0;0;71m [0m
[48;2;0;0;0m[38;2;0;0;0m      [38;2;19;19;19m [48;2;19;19;19m[38;2;0;0;0m▆▅▅[48;2;0;0;0m[38;2;19;19;19m▬▄[48;2;0;0;71m[38;2;0;0;0m▆[48;2;0;0;116m[38;2;19;19;19m▆[48;2;0;64;116m[38;2;0;39;71m▅[48;2;0;99;181m[38;2;0;0;71m▅▅▄▃[48;2;0;0;71m[38;2;0;0;116m▌[48;2;19;19;19m[38;2;0;0;0m▂[48;2;0;0;0m[38;2;19;19;19m▂[38;2;0;0;0m   [48;2;0;71;0m▅[38;2;0;116;0m▝[48;2;0;116;0m[38;2;0;71;0m▄▂[48;2;0;147;0m[38;2;0;116;0m▄[48;2;0;181;0m[38;2;0;71;0m▖[38;2;0;181;0m [48;2;0;71;0m[38;2;0;71;0m [48;2;0;116;0m[38;2;0;0;0m▄[48;2;0;181;0m[38;2;0;159;0m▂[48;2;111;255;111m[38;2;0;255;0m▊[48;2;0;208;0m▌[48;2;0;147;0m[38;2;0;71;0m▖[48;2;0;255;0m[38;2;0;181;0m▖[48;2;111;255;111m[38;2;0;255;0m▃[48;2;0;255;0m[38;2;111;255;111m▘[38;2;0;147;0m▃[38;2;0;255;0m [48;2;111;255;111m▇▃▂[48;2;156;255;156m[38;2;111;255;111m▂[48;2;111;255;111m[38;2;156;255;156m━[38;2;111;255;111m [48;2;0;255;0m▃[38;2;0;255;0m  [48;2;0;181;0m▌[48;2;0;181;113m▆[48;2;74;255;127m[38;2;111;255;111m▆[48;2;111;255;111m[38;2;0;116;0m▃[48;2;0;181;0m[38;2;0;71;0m▂▃[38;2;19;19;19m▅[48;2;0;116;0m[38;2;0;0;0m▄[48;2;0;116;73m[38;2;19;19;19m▆[48;2;12;51;51m▆[48;2;0;71;71m[38;2;0;0;0m▇[48;2;0;0;0m     [38;2;0;26;47m [38;2;0;0;71m▂[48;2;0;0;71m[38;2;0;0;0m▄▆[38;2;0;0;71m  [0m
[48;2;0;0;0m[38;2;0;0;0m [38;2;0;0;71m▂▃[38;2;0;0;0m         [38;2;19;19;19m▝[48;2;0;71;0m[38;2;0;0;0m▆▅[48;2;0;0;0m [48;2;0;39;71m▇[48;2;0;0;71m[38;2;19;19;19m▅[48;2;12;12;36m▆[48;2;0;0;0m[38;2;0;0;0m  [38;2;19;19;19m  [38;2;0;0;0m        [48;2;19;19;19m[38;2;0;147;0m▝[48;2;0;0;0m[38;2;0;0;0m  [48;2;0;71;0m▇[48;2;0;181;0m[38;2;19;19;19m▅[48;2;0;71;0m[38;2;0;181;0m▘[48;2;0;0;0m[38;2;0;0;0m [48;2;0;181;0m[38;2;0;116;0m▄[38;2;0;181;0m [38;2;0;144;0m▬[38;2;0;71;0m▄[48;2;0;147;0m▅[48;2;0;181;0m[38;2;0;116;0m▃▅▄[48;2;0;255;0m[38;2;0;181;0m▃▄[38;2;0;255;0m [48;2;37;255;37m[38;2;111;255;111m┛[48;2;0;255;0m[38;2;0;255;0m  [38;2;0;230;0m▝[48;2;0;181;0m[38;2;0;169;0m▂[38;2;0;71;0m▝[48;2;0;71;0m[38;2;0;147;0m▂[38;2;0;71;0m [48;2;19;19;19m[38;2;12;51;12m▬[48;2;0;71;0m[38;2;0;71;0m [48;2;19;19;19m▄[48;2;0;0;0m▂▂[38;2;0;0;0m     [48;2;0;0;71m[38;2;0;39;71m━[48;2;0;39;71m[38;2;0;0;71m▄[48;2;0;0;71m[38;2;0;39;71m [48;2;0;0;0m[38;2;0;0;0m  [48;2;0;0;71m▊[38;2;0;0;71m [0m
[48;2;0;0;71m[38;2;0;0;0m▘[38;2;0;0;71m   [48;2;0;0;0m▄▂[38;2;0;0;0m          [48;2;19;19;19m▅▅[48;2;0;0;0m[38;2;12;12;12m [38;2;0;0;0m       [48;2;19;19;19m[38;2;0;71;0m▃[48;2;0;71;0m[38;2;0;147;0m━[48;2;0;181;0m[38;2;0;116;0m▂[48;2;0;144;0m[38;2;0;181;0m▆[48;2;0;71;0m[38;2;111;255;111m▃[48;2;19;19;19m[38;2;19;19;19m [48;2;0;0;0m[38;2;0;0;0m    [48;2;0;71;0m[38;2;0;147;0m▄[38;2;0;255;0m▃[38;2;0;181;0m▁[48;2;0;116;0m[38;2;0;71;0m▆[48;2;0;147;0m▆▇[38;2;0;116;0m▄[48;2;0;255;0m[38;2;0;219;0m▬[38;2;0;208;0m▂[48;2;111;255;111m[38;2;74;230;74m▬[38;2;111;255;111m [48;2;0;147;0m[38;2;0;255;0m▅[48;2;0;181;0m[38;2;0;147;0m▘[48;2;0;255;0m[38;2;0;181;0m▂[38;2;0;255;0m [48;2;0;181;0m▄[48;2;0;255;0m[38;2;0;116;0m▄[48;2;0;147;0m▂[38;2;0;147;0m [48;2;0;181;0m[38;2;0;181;0m  [48;2;0;71;0m▅▅[48;2;0;116;0m▄[48;2;0;71;0m[38;2;0;147;0m▄[48;2;19;19;19m[38;2;12;51;12m▂[48;2;0;0;0m[38;2;0;0;0m   [38;2;0;26;47m▁[48;2;0;71;44m[38;2;0;39;71m▃[48;2;0;39;71m[38;2;0;0;71m▄[48;2;0;0;71m  [48;2;0;0;0m[38;2;0;0;0m   [48;2;0;0;71m[38;2;0;0;71m [0m
[48;2;0;0;71m[38;2;0;0;71m       [48;2;0;0;0m▅▂[38;2;0;0;0m                 [48;2;19;19;19m[38;2;0;71;44m▝[48;2;0;181;0m[38;2;19;19;19m▆[48;2;0;255;0m[38;2;0;0;0m▆[48;2;111;255;111m▅[38;2;54;54;54m▄[48;2;0;181;0m[38;2;50;71;0m▂[48;2;0;0;0m[38;2;0;147;0m▎[38;2;0;0;0m  [48;2;19;19;19m[38;2;0;116;0m▗[48;2;0;181;0m[38;2;0;107;0m━[38;2;111;255;111m▅[48;2;0;255;0m▃[48;2;0;71;0m[38;2;0;255;0m▎[48;2;19;19;19m[38;2;19;19;19m  [38;2;0;116;0m▝[48;2;0;181;0m[38;2;19;19;19m▅[48;2;111;255;111m▅[48;2;159;159;159m[38;2;40;40;40m▄[48;2;111;255;111m[38;2;71;71;0m▂[38;2;74;208;98m▂[48;2;0;255;0m[38;2;0;181;113m▄[38;2;0;255;0m   [48;2;0;116;0m▌[38;2;0;181;0m▆[48;2;0;181;0m[38;2;0;255;0m▂[38;2;0;181;0m   [38;2;0;255;0m▁[38;2;0;147;0m▄[48;2;0;116;0m[38;2;0;181;0m▅[48;2;0;71;0m▃[48;2;19;19;19m▄[48;2;0;71;44m[38;2;0;99;181m▃[48;2;0;12;76m[38;2;0;0;116m━[48;2;0;39;71m[38;2;0;0;71m▆[48;2;0;0;71m[38;2;0;34;71m [38;2;0;0;71m   [48;2;0;0;0m▌[38;2;0;0;0m  [48;2;0;0;71m▊[0m
[48;2;0;0;71m[38;2;0;0;71m          [48;2;0;0;0m▅▃[38;2;0;0;0m              [48;2;19;19;19m[38;2;19;19;19m [38;2;71;33;0m▃[38;2;71;71;0m▄[48;2;54;54;54m[38;2;36;96;73m▂[48;2;159;159;159m[38;2;0;181;0m▄[48;2;101;101;101m[38;2;0;255;0m▆[48;2;0;0;0m[38;2;0;181;0m▌[38;2;0;0;0m  [48;2;0;147;0m[38;2;0;71;0m▌[48;2;0;181;0m[38;2;0;255;0m▆[48;2;111;255;111m[38;2;111;255;111m  [38;2;0;0;0m▝[48;2;19;19;19m[38;2;19;19;19m  [48;2;40;40;40m[38;2;40;40;40m [48;2;19;19;19m[38;2;116;58;0m▄[38;2;101;101;101m▄[48;2;159;159;159m▌[48;2;188;188;188m[38;2;159;159;159m▄[48;2;40;40;40m[38;2;101;255;201m▅[48;2;0;116;73m[38;2;111;255;111m▅[48;2;0;255;0m▅[48;2;111;255;111m  [48;2;0;159;0m[38;2;0;116;0m┏[48;2;0;181;0m▃[48;2;0;255;0m[38;2;0;255;0m [48;2;0;181;0m[38;2;0;181;0m [48;2;0;255;0m▖[48;2;0;181;0m[38;2;0;255;0m▅[48;2;0;255;0m [38;2;0;230;0m▂[38;2;0;147;0m▃[48;2;0;181;113m[38;2;0;64;116m▂▅[48;2;0;0;71m[38;2;0;0;71m        [48;2;0;0;0m[38;2;0;0;0m   [0m
[48;2;0;0;71m[38;2;0;0;71m             [48;2;0;0;47m▆[48;2;0;0;0m▆▅▅▃▁[38;2;0;0;0m         [38;2;0;116;0m━[48;2;0;71;0m[38;2;0;181;0m━[48;2;0;116;0m▆[48;2;0;181;0m[38;2;0;71;0m▂[48;2;0;0;0m[38;2;0;0;0m    [48;2;0;181;0m[38;2;0;71;0m▄[48;2;111;255;111m[38;2;0;181;0m▆[48;2;0;255;0m[38;2;0;255;0m [48;2;111;255;111m[38;2;111;255;111m [48;2;0;116;0m[38;2;0;181;0m▌[48;2;0;0;0m[38;2;0;147;0m▁[48;2;19;19;19m[38;2;0;0;0m▆[38;2;19;19;19m [48;2;0;71;0m[38;2;0;181;0m⎼[48;2;0;181;0m[38;2;0;137;0m━[48;2;0;255;0m[38;2;0;255;0m [48;2;111;255;111m[38;2;111;255;111m  [38;2;37;255;37m━[38;2;111;255;111m [48;2;0;255;0m▄[48;2;0;116;73m[38;2;0;99;181m▗[48;2;0;39;71m[38;2;0;0;127m▅[48;2;0;116;73m[38;2;0;0;116m▆[48;2;0;0;116m[38;2;0;0;71m▃[48;2;0;181;113m[38;2;0;0;127m▆▆[48;2;0;116;73m[38;2;0;0;116m▆[48;2;0;39;71m[38;2;0;39;71m [38;2;0;26;71m▂[48;2;0;0;116m[38;2;0;0;181m▘[38;2;0;0;116m [48;2;0;0;181m▇[48;2;0;0;71m▅▃[38;2;0;0;101m [38;2;0;0;71m    [48;2;0;0;0m▌[38;2;0;0;0m  [0m
[48;2;12;12;36m[38;2;19;19;19m▌[48;2;0;0;71m[38;2;0;0;71m     [38;2;0;0;55m [38;2;0;0;0m▂[38;2;0;0;55m [38;2;0;0;71m    [38;2;0;0;39m [38;2;0;0;0m▁▃▅▅▖[48;2;0;0;47m[38;2;0;0;71m▌[48;2;0;0;0m[38;2;0;0;0m        [38;2;0;71;0m━━[48;2;0;116;0m[38;2;0;0;0m▄[48;2;0;0;0m     [48;2;19;19;19m[38;2;12;73;12m▂[48;2;0;181;0m[38;2;19;19;19m▘[48;2;0;116;0m[38;2;111;255;111m▆[48;2;111;255;111m  [48;2;0;116;0m▄[48;2;0;181;0m[38;2;0;71;0m▃[48;2;0;0;0m[38;2;111;255;111m▆[48;2;19;19;19m▅[48;2;0;71;0m[38;2;0;181;0m▆[48;2;0;255;0m[38;2;0;219;0m▂[38;2;0;255;0m [48;2;111;255;111m▄▄▂[48;2;0;255;160m▊[48;2;0;99;181m[38;2;0;255;255m▌[48;2;0;0;127m[38;2;0;0;71m▆[48;2;0;0;116m▅▅[48;2;0;0;71m[38;2;0;0;116m▃[38;2;0;0;127m▝[48;2;0;0;127m[38;2;0;0;71m▖[48;2;0;0;71m[38;2;0;0;116m▖ [48;2;0;0;116m[38;2;0;0;71m▃[38;2;0;0;116m [48;2;0;0;86m┓[48;2;0;0;71m[38;2;0;0;71m [38;2;0;0;101m [38;2;0;0;91m [38;2;0;0;71m     [48;2;0;0;0m▎[38;2;0;0;0m [0m
[48;2;19;19;19m[38;2;19;19;19m [48;2;0;0;71m [38;2;0;0;71m [38;2;0;0;47m▁[38;2;0;0;63m [38;2;0;0;71m [38;2;0;0;0m▝[48;2;0;0;0m[38;2;8;8;23m▖[38;2;0;0;71m▝[48;2;0;0;71m[38;2;4;4;51m▖[38;2;0;0;71m [38;2;0;0;55m [38;2;0;0;0m▂▄[48;2;0;0;0m[38;2;0;0;71m▁[38;2;0;0;15m [38;2;0;0;71m▬[38;2;0;0;23m [38;2;0;0;55m [48;2;0;0;71m[38;2;12;12;36m [48;2;0;0;0m[38;2;0;0;0m           [38;2;0;47;0m▁┏[48;2;0;49;0m[38;2;0;147;0m┏[48;2;0;181;0m[38;2;0;71;0m▊[48;2;0;255;0m[38;2;0;255;0m [48;2;0;147;0m▌[48;2;111;255;111m▌▌[38;2;111;255;111m    [48;2;0;71;0m[38;2;0;181;0m▂[48;2;0;181;0m[38;2;19;19;19m▄[48;2;0;255;0m[38;2;0;193;0m▂[38;2;0;116;0m▝[48;2;0;116;0m[38;2;0;255;0m▂[48;2;0;181;0m[38;2;0;116;0m▅[48;2;0;255;0m[38;2;0;147;0m▖[38;2;0;255;0m [38;2;101;255;201m▃[48;2;89;180;255m[38;2;0;255;160m▘[48;2;0;0;127m[38;2;0;99;181m▎[38;2;0;0;71m▝[48;2;0;0;71m[38;2;0;0;127m▖[38;2;0;0;91m [48;2;0;0;116m[38;2;0;0;71m▅[48;2;0;0;127m[38;2;0;0;116m▌[48;2;0;0;119m[38;2;0;0;127m┓[48;2;0;0;71m[38;2;0;0;71m  [48;2;0;0;116m[38;2;0;0;116m  [48;2;0;0;71m▁▃ [38;2;0;0;71m      [48;2;0;0;0m[38;2;0;0;0m [0m
[48;2;0;0;0m[38;2;12;12;12m [48;2;19;19;19m[38;2;14;14;30m [48;2;0;0;71m[38;2;0;0;71m [48;2;0;0;0m▎ [48;2;0;0;71m[38;2;0;0;0m▖[38;2;0;0;71m [38;2;8;8;31m [48;2;0;0;0m[38;2;0;0;71m▖ [48;2;0;0;71m[38;2;0;0;0m▖[48;2;0;0;0m[38;2;0;0;47m▎ [38;2;0;0;23m [48;2;0;0;71m[38;2;0;0;0m▅[48;2;0;0;0m[38;2;0;0;71m▄[38;2;0;0;55m [38;2;0;0;71m╶[48;2;0;0;71m[38;2;0;0;181m▂▆[48;2;0;0;181m[38;2;0;0;71m▝[48;2;0;0;0m[38;2;0;0;0m        [38;2;0;47;0m┏[38;2;0;71;0m▬[48;2;0;71;0m[38;2;0;0;0m▇[48;2;0;0;0m[38;2;0;47;0m┗[38;2;0;0;0m [38;2;0;71;0m▝[48;2;0;181;0m[38;2;0;144;0m▌[48;2;0;147;0m[38;2;0;181;0m▌[48;2;0;181;0m[38;2;0;147;0m▖[48;2;0;255;0m[38;2;0;208;0m▂[48;2;0;181;0m[38;2;0;144;0m▂▂[48;2;0;255;0m[38;2;0;71;0m▂▃[38;2;0;0;0m▄[48;2;0;147;0m[38;2;0;116;0m▄[48;2;19;19;19m[38;2;19;19;19m [48;2;0;71;0m[38;2;0;181;0m▝[48;2;0;255;0m[38;2;0;116;0m▖[38;2;0;181;0m▖[38;2;0;255;0m [48;2;0;230;37m▌[48;2;89;89;255m[38;2;127;127;127m▌[48;2;89;180;255m[38;2;156;156;255m▅▃[48;2;0;99;181m▃[48;2;0;0;127m▂[48;2;0;0;71m[38;2;0;0;127m▆▅[48;2;0;0;116m[38;2;0;0;96m [38;2;0;0;116m [48;2;0;0;71m[38;2;0;0;86m▌[38;2;0;0;116m▃▄[48;2;0;0;116m[38;2;0;0;71m ▃[48;2;0;0;71m[38;2;0;0;101m [38;2;0;0;71m       [48;2;0;0;0m▎[0m
[48;2;0;0;0m[38;2;0;0;0m [48;2;19;19;19m▇[48;2;1;1;62m[38;2;9;9;15m▌[48;2;0;0;71m[38;2;4;4;59m [48;2;0;0;0m[38;2;0;0;71m▖[38;2;8;8;8m [48;2;0;0;71m[38;2;0;0;0m▅▆▄[48;2;0;0;0m[38;2;0;0;71m▖[38;2;0;0;47m [38;2;0;0;71m▚▃▃▄▆[48;2;0;0;71m[38;2;0;0;181m▂[48;2;0;0;0m[38;2;0;0;127m▆[48;2;0;0;127m[38;2;0;0;70m [38;2;0;39;71m▆▄[48;2;0;0;0m[38;2;0;0;71m▌[38;2;0;0;0m              [48;2;19;19;19m[38;2;0;116;0m▗[48;2;0;71;0m[38;2;0;181;0m━━[48;2;0;147;0m[38;2;0;71;0m▄[48;2;0;116;0m[38;2;0;181;0m▄[48;2;0;71;0m▆[48;2;0;181;0m [48;2;0;116;0m▆[48;2;0;71;0m▂[48;2;0;147;0m[38;2;0;71;0m▖[38;2;0;0;0m▝[48;2;0;116;0m[38;2;0;71;0m▘[48;2;0;181;0m[38;2;0;169;0m▌[48;2;0;255;0m[38;2;0;181;0m▅[48;2;0;181;0m[38;2;129;129;129m▃[48;2;101;101;101m[38;2;127;127;127m▌[48;2;156;156;255m[38;2;129;129;129m▖[38;2;156;156;255m [48;2;89;180;255m▆▅[48;2;127;127;127m▇[48;2;0;64;116m▅[48;2;0;0;116m[38;2;129;129;129m▂[38;2;0;0;116m [48;2;0;0;71m▎[38;2;0;0;71m [48;2;0;0;116m▌[38;2;0;0;96m [48;2;0;0;71m[38;2;0;0;116m▅▂▄▃ [38;2;0;0;71m    [48;2;0;0;0m▄[0m
[48;2;0;0;0m[38;2;0;0;0m  [48;2;6;6;6m▊[48;2;0;0;71m[38;2;19;19;19m▖[38;2;0;0;55m [48;2;0;0;0m[38;2;8;8;31m▖[38;2;12;12;36m▗[38;2;0;0;71m▇[38;2;0;0;47m▎[48;2;0;0;71m[38;2;0;0;0m▊[48;2;0;0;0m[38;2;0;0;71m▂▂[48;2;0;0;71m  [38;2;0;0;181m▃[48;2;0;0;127m[38;2;0;64;116m▗[48;2;0;0;181m▅[48;2;40;40;40m[38;2;0;39;71m▊[48;2;0;39;71m[38;2;40;40;40m▄[38;2;19;19;19m▅[48;2;40;40;40m[38;2;40;40;40m [48;2;19;19;19m▘[48;2;0;0;0m[38;2;19;19;19m▖[38;2;0;0;0m     [38;2;19;19;19m▃▃[38;2;0;0;0m      [38;2;0;116;0m▁[48;2;0;71;0m[38;2;0;147;0m▂[48;2;0;0;0m[38;2;0;116;0m▁[48;2;0;181;0m[38;2;0;159;0m▂[38;2;0;116;0m▘[48;2;0;255;0m[38;2;0;255;0m [48;2;0;181;0m[38;2;0;116;0m▂[48;2;0;71;0m[38;2;0;147;0m▎[48;2;0;147;0m[38;2;0;71;0m▃[48;2;0;71;0m [48;2;0;116;0m[38;2;0;181;0m▂▆[48;2;0;147;0m▚[48;2;0;181;0m[38;2;0;158;0m [48;2;159;159;159m[38;2;148;148;148m▌[38;2;159;159;159m [48;2;127;127;127m▝[48;2;159;159;159m [48;2;158;158;191m▆[48;2;156;156;255m▆▅▄[38;2;156;156;255m [48;2;0;64;116m[38;2;89;89;255m▆[48;2;0;0;116m▃[38;2;0;0;181m▃[48;2;0;0;71m[38;2;0;0;116m▌[48;2;0;0;102m[38;2;0;0;77m▬[48;2;0;0;116m[38;2;0;0;71m▃▁▁[48;2;0;0;71m[38;2;0;0;101m [38;2;0;0;71m      [0m
[48;2;0;0;0m[38;2;0;0;0m   [48;2;19;19;19m▘[48;2;0;0;71m[38;2;12;12;36m [38;2;0;0;0m▝[48;2;0;0;0m[38;2;0;0;15m [48;2;0;0;71m[38;2;0;0;0m▅[48;2;0;0;0m[38;2;0;0;31m [48;2;0;0;71m[38;2;0;0;0m▌[38;2;0;0;71m  [38;2;0;0;181m▃[48;2;0;0;181m[38;2;0;99;181m▅[48;2;0;99;181m[38;2;0;64;116m▗[48;2;0;64;116m[38;2;54;54;54m▄[48;2;54;54;54m[38;2;40;40;40m▅[48;2;40;40;40m  [38;2;19;19;19m▊▗[48;2;19;19;19m [48;2;0;0;0m▌[38;2;0;0;0m       [48;2;19;19;19m▄[48;2;0;0;0m [38;2;19;19;19m▄[38;2;0;0;0m  [48;2;19;19;19m[38;2;0;147;0m▃[48;2;0;147;0m[38;2;0;98;0m▬[48;2;0;116;0m[38;2;0;181;0m▘[48;2;0;181;0m[38;2;0;255;0m▅[48;2;111;255;111m▇[48;2;0;144;0m[38;2;0;181;0m▌[48;2;0;181;0m[38;2;0;71;0m▄[48;2;0;71;0m  [38;2;0;181;0m▃[48;2;0;181;0m [38;2;0;147;0m▃[48;2;0;147;0m[38;2;0;181;0m▚[48;2;0;181;0m[38;2;0;158;0m [48;2;0;71;0m[38;2;0;181;0m▘[48;2;159;159;159m[38;2;149;149;149m▌[38;2;159;159;159m [48;2;148;148;148m▌[48;2;159;159;159m[38;2;148;148;148m▌[38;2;159;159;159m [48;2;188;188;188m[38;2;178;178;178m▌[48;2;159;159;159m[38;2;159;159;159m [48;2;129;129;129m[38;2;129;129;129m [48;2;159;159;159m▖[48;2;89;89;255m[38;2;159;159;159m▅[48;2;156;156;255m[38;2;89;89;255m▘[48;2;89;89;255m[38;2;156;156;255m▆[48;2;0;29;92m[38;2;138;145;239m▃[48;2;0;0;71m[38;2;0;39;71m▄[38;2;0;0;71m   [38;2;19;19;19m─▬▅▆[48;2;19;19;19m[38;2;0;0;0m▄▃[38;2;4;4;4m [0m
[48;2;0;0;0m[38;2;19;19;19m▗[48;2;19;19;19m [38;2;0;0;71m▆▄▃[48;2;0;0;71m[38;2;2;2;65m╴[38;2;0;0;0m▝[48;2;0;0;0m[38;2;0;0;71m▄▆[48;2;0;0;71m [38;2;0;64;116m▁[48;2;0;39;71m[38;2;0;99;181m▆[48;2;0;99;181m[38;2;0;64;116m▂[48;2;0;64;116m[38;2;0;99;181m▘[48;2;54;54;54m[38;2;0;64;116m▘[38;2;54;54;54m [38;2;40;40;40m▅[48;2;40;40;40m[38;2;54;54;54m▌[48;2;33;33;33m[38;2;40;40;40m▌[48;2;40;40;40m[38;2;19;19;19m▌[48;2;19;19;19m[38;2;40;40;40m▎[38;2;19;19;19m  [48;2;0;0;0m[38;2;0;0;0m         [48;2;19;19;19m▅▄[48;2;0;0;0m [48;2;0;71;0m▃[48;2;0;147;0m▅[48;2;0;0;0m[38;2;12;12;12m⎼[48;2;0;116;0m[38;2;19;19;19m▆[48;2;0;181;0m[38;2;0;71;0m▆[48;2;0;71;0m [38;2;0;181;0m▂▅[48;2;0;181;0m[38;2;0;173;0m [48;2;0;147;0m[38;2;0;181;0m▚▅[48;2;0;181;0m[38;2;0;147;0m▂[38;2;0;181;0m [48;2;116;58;0m▘[48;2;127;127;127m[38;2;19;19;19m▊[48;2;159;159;159m[38;2;159;159;159m [48;2;139;139;139m▌[48;2;159;159;159m[38;2;139;139;139m▌[48;2;127;127;127m[38;2;127;127;127m [48;2;129;129;129m[38;2;101;101;101m▗[48;2;159;159;159m[38;2;149;149;149m▌[48;2;127;127;127m[38;2;159;159;159m▌[48;2;129;129;129m[38;2;127;127;127m▌[38;2;159;159;159m▆[48;2;159;159;159m  [48;2;156;156;255m[38;2;129;129;129m▅▅▃[48;2;59;72;193m[38;2;89;89;255m▆[48;2;0;0;71m▃[38;2;0;0;71m   [48;2;19;19;19m▆▄▁[48;2;0;0;0m[38;2;19;19;19m▃╴[0m
[48;2;19;19;19m[38;2;0;0;0m▊[48;2;0;0;71m[38;2;19;19;19m▌[38;2;0;0;71m       [48;2;0;39;71m[38;2;0;99;181m▄[48;2;0;99;181m [38;2;0;64;116m▄[48;2;0;64;116m[38;2;77;77;77m▗▆[48;2;54;54;54m▌[48;2;40;40;40m[38;2;54;54;54m▘[48;2;54;54;54m [48;2;40;40;40m[38;2;40;40;40m  [38;2;19;19;19m▊[48;2;19;19;19m[38;2;40;40;40m▌[38;2;19;19;19m [48;2;0;0;0m▘[38;2;0;0;0m          [38;2;19;19;19m▄▗[48;2;19;19;19m[38;2;0;0;0m▃[48;2;0;0;0m[38;2;6;6;6m▝[38;2;12;12;12m⎺[38;2;0;71;0m▗[48;2;0;71;0m[38;2;0;116;0m▅[48;2;0;147;0m[38;2;0;147;0m [38;2;0;181;0m━[38;2;0;158;0m⎻[38;2;0;181;0m▁[48;2;0;181;0m[38;2;0;169;0m▃[48;2;0;147;0m[38;2;0;181;0m▄[38;2;81;116;0m▃[48;2;81;116;0m[38;2;116;58;0m▅[48;2;83;45;6m▌[48;2;127;127;127m[38;2;19;19;19m▌[48;2;159;159;159m[38;2;159;159;159m [48;2;139;139;139m▌[48;2;159;159;159m[38;2;101;101;101m▌[48;2;101;101;101m[38;2;159;159;159m▌[48;2;98;98;98m[38;2;127;127;127m▌[48;2;129;129;129m[38;2;111;111;111m▌[48;2;101;101;101m[38;2;159;159;159m▌[48;2;129;129;129m[38;2;128;128;128m▌[48;2;159;159;159m[38;2;159;159;159m  [48;2;129;129;129m[38;2;129;129;129m [38;2;127;127;127m▄[38;2;159;159;159m▘[38;2;127;127;127m▌▃[48;2;89;89;255m[38;2;101;101;101m▄[38;2;89;89;255m [48;2;19;19;19m[38;2;0;99;181m▅[38;2;19;19;19m [48;2;12;12;36m▆[48;2;0;0;71m▆▅[48;2;8;8;19m[38;2;3;3;62m▘[48;2;0;0;0m[38;2;0;0;0m [0m
