[38;2;71;0;42m[48;2;71;0;42m ▔▔▔▔▔▔▔▔▔▔▔▔▔▔▔▔▔▔▔▔▔▔▔▔▔▔▔▔▔▔▔▔▔▔▔▔▔▔▔▔▔▔▔▔▔▔▔▔▔▔▔▔▔▔▔▔▔▔▔▔▔▔▔▔▔▔▔[0m
[38;2;71;0;42m[48;2;71;0;42m ▔[38;2;128;128;128m[48;2;71;0;42m▃▅▅▃[38;2;100;100;100m[48;2;71;0;42m▃▅▅▃[38;2;158;158;158m[48;2;71;0;42m▃▅▅▃[38;2;76;76;76m[48;2;71;0;42m▃▅▅▃[38;2;128;128;128m[48;2;71;0;42m▃▅▅▃[38;2;100;100;100m[48;2;71;0;42m▃▅▅▃[38;2;158;158;158m[48;2;71;0;42m▃▅▅▃[38;2;76;76;76m[48;2;71;0;42m▃▅▅▃[38;2;180;0;0m[48;2;71;0;42m▃▅▅▃[38;2;100;100;100m[48;2;71;0;42m▃▅▅▃[38;2;158;158;158m[48;2;71;0;42m▃▅▅▃[38;2;71;0;42m[48;2;71;0;42m▔▔▔▔▔▔▔▔▔▔▔▔▔▔▔▔▔▔▔▔▔▔[0m
[38;2;71;0;42m[48;2;71;0;42m [38;2;89;65;75m[48;2;71;0;42m▕[38;2;128;128;128m[48;2;128;128;128m▔▔▔[38;2;123;123;123m[48;2;128;128;128m▕[38;2;101;101;101m[48;2;100;100;100m▏[38;2;100;100;100m[48;2;100;100;100m▔▔[38;2;116;116;116m[48;2;100;100;100m▕[38;2;157;157;157m[48;2;158;158;158m▏[38;2;158;158;158m[48;2;158;158;158m▔▔[38;2;147;147;147m[48;2;158;158;158m▕[38;2;84;84;84m[48;2;76;76;76m▏[38;2;76;76;76m[48;2;76;76;76m▔▔[38;2;89;89;89m[48;2;76;76;76m▕[38;2;126;126;126m[48;2;128;128;128m▏[38;2;128;128;128m[48;2;128;128;128m▔▔[38;2;124;124;124m[48;2;128;128;128m▕[38;2;103;103;103m[48;2;100;100;100m▏[38;2;100;100;100m[48;2;100;100;100m▔▔[38;2;112;112;112m[48;2;100;100;100m▕[38;2;154;154;154m[48;2;158;158;158m▏[38;2;158;158;158m[48;2;158;158;158m▔▔[38;2;150;150;150m[48;2;158;158;158m▕[38;2;91;91;91m[48;2;76;76;76m▏[38;2;76;76;76m[48;2;76;76;76m▔▔[38;2;98;71;71m[48;2;76;76;76m▕[38;2;171;19;19m[48;2;180;0;0m▏[38;2;180;0;0m[48;2;180;0;0m▔▔[38;2;174;28;28m[48;2;180;0;0m▕[38;2;116;93;93m[48;2;100;100;100m▏[38;2;100;100;100m[48;2;100;100;100m▔▔[38;2;108;108;108m[48;2;100;100;100m▕[38;2;151;151;151m[48;2;158;158;158m▏[38;2;158;158;158m[48;2;158;158;158m▔▔[38;2;154;153;153m[48;2;158;158;158m▕[38;2;93;68;79m[48;2;71;0;42m▏[38;2;71;0;42m[48;2;71;0;42m▔▔▔▔▔▔▔▔▔▔▔▔▔▔▔▔▔▔▔▔▔[0m
[38;2;71;0;42m[48;2;71;0;42m ▔[38;2;71;0;42m[48;2;128;128;128m▅▂[38;2;158;158;158m[48;2;128;128;128m▃▅[38;2;158;158;158m[48;2;100;100;100m▅▃[38;2;128;128;128m[48;2;100;100;100m▃▅[38;2;128;128;128m[48;2;158;158;158m▅▃[38;2;100;100;100m[48;2;158;158;158m▃▅[38;2;100;100;100m[48;2;76;76;76m▅▃[38;2;158;158;158m[48;2;76;76;76m▃▅[38;2;158;158;158m[48;2;128;128;128m▅▃[38;2;0;98;180m[48;2;128;128;128m▃▅[38;2;0;98;180m[48;2;100;100;100m▅▃[38;2;128;128;128m[48;2;100;100;100m▃▅[38;2;128;128;128m[48;2;158;158;158m▅▃[38;2;100;100;100m[48;2;158;158;158m▃▅[38;2;100;100;100m[48;2;76;76;76m▅▃[38;2;158;158;158m[48;2;76;76;76m▃▅[38;2;158;158;158m[48;2;180;0;0m▆▃[38;2;180;0;0m[48;2;180;0;0m▔▔[38;2;180;0;0m[48;2;100;100;100m▅▃[38;2;128;128;128m[48;2;100;100;100m▃▅[38;2;128;128;128m[48;2;158;158;158m▅▃[38;2;100;100;100m[48;2;158;158;158m▃▅[38;2;100;100;100m[48;2;71;0;42m▆▃[38;2;71;0;42m[48;2;71;0;42m▔▔▔▔▔▔▔▔▔▔▔▔▔▔▔▔▔▔▔▔[0m
[38;2;71;0;42m[48;2;71;0;42m ▔▔[38;2;100;80;88m[48;2;71;0;42m▕[38;2;157;157;157m[48;2;158;158;158m▏[38;2;158;158;158m[48;2;158;158;158m▔▔[38;2;152;152;152m[48;2;158;158;158m▕[38;2;129;129;129m[48;2;128;128;128m▏[38;2;128;128;128m[48;2;128;128;128m▔▔[38;2;123;123;123m[48;2;128;128;128m▕[38;2;102;102;102m[48;2;100;100;100m▏[38;2;100;100;100m[48;2;100;100;100m▔▔[38;2;114;114;114m[48;2;100;100;100m▕[38;2;156;156;156m[48;2;158;158;158m▏[38;2;158;158;158m[48;2;158;158;158m▔▔[38;2;145;150;162m[48;2;158;158;158m▕[38;2;44;104;179m[48;2;0;98;180m▏[38;2;0;98;180m[48;2;0;98;180m▔▔[38;2;52;104;173m[48;2;0;98;180m▕[38;2;123;126;134m[48;2;128;128;128m▏[38;2;128;128;128m[48;2;128;128;128m▔▔[38;2;125;125;125m[48;2;128;128;128m▕[38;2;104;104;104m[48;2;100;100;100m▏[38;2;100;100;100m[48;2;100;100;100m▔▔[38;2;110;110;110m[48;2;100;100;100m▕[38;2;153;153;153m[48;2;158;158;158m▏[38;2;158;158;158m[48;2;158;158;158m▔▔[38;2;161;150;150m[48;2;158;158;158m▕[38;2;178;60;60m[48;2;180;0;0m▏[38;2;180;0;0m[48;2;180;0;0m▔▔[38;2;176;40;40m[48;2;180;0;0m▕[38;2;138;119;119m[48;2;128;128;128m▏[38;2;128;128;128m[48;2;128;128;128m▔▔[38;2;126;126;126m[48;2;128;128;128m▕[38;2;106;106;106m[48;2;100;100;100m▏[38;2;100;100;100m[48;2;100;100;100m▔▔[38;2;99;97;98m[48;2;100;100;100m▕[38;2;77;41;58m[48;2;71;0;42m▏[38;2;71;0;42m[48;2;71;0;42m▔▔▔▔▔▔▔▔▔▔▔▔▔▔▔▔▔▔▔[0m
[38;2;71;0;42m[48;2;71;0;42m ▔▔▔[38;2;71;0;42m[48;2;158;158;158m▅▂[38;2;100;100;100m[48;2;158;158;158m▃▅[38;2;100;100;100m[48;2;128;128;128m▅▃[38;2;158;158;158m[48;2;128;128;128m▃▅[38;2;158;158;158m[48;2;100;100;100m▅▃[38;2;76;76;76m[48;2;100;100;100m▃▅[38;2;76;76;76m[48;2;158;158;158m▅▃[38;2;128;128;128m[48;2;158;158;158m▃▅[38;2;128;128;128m[48;2;0;98;180m▅▃[38;2;100;100;100m[48;2;0;98;180m▃▅[38;2;100;100;100m[48;2;128;128;128m▅▃[38;2;158;158;158m[48;2;128;128;128m▃▅[38;2;158;158;158m[48;2;100;100;100m▅▃[38;2;76;76;76m[48;2;100;100;100m▃▅[38;2;76;76;76m[48;2;158;158;158m▅▃[38;2;0;98;180m[48;2;158;158;158m▂▅[38;2;0;98;180m[48;2;180;0;0m▅▃[38;2;180;0;0m[48;2;180;0;0m▔▔[38;2;180;0;0m[48;2;128;128;128m▅▂[38;2;158;158;158m[48;2;128;128;128m▃▅[38;2;158;158;158m[48;2;100;100;100m▅▃[38;2;76;76;76m[48;2;100;100;100m▃▅[38;2;76;76;76m[48;2;71;0;42m▅▃[38;2;71;0;42m[48;2;71;0;42m▔▔▔▔▔▔▔▔▔▔▔▔▔▔▔▔▔▔[0m
[38;2;71;0;42m[48;2;71;0;42m ▔▔▔▔[38;2;78;47;61m[48;2;71;0;42m▕[38;2;100;99;99m[48;2;100;100;100m▏[38;2;100;100;100m[48;2;100;100;100m▔▔[38;2;116;116;116m[48;2;100;100;100m▕[38;2;157;157;157m[48;2;158;158;158m▏[38;2;158;158;158m[48;2;158;158;158m▔▔[38;2;147;147;147m[48;2;158;158;158m▕[38;2;84;84;84m[48;2;76;76;76m▏[38;2;76;76;76m[48;2;76;76;76m▔▔[38;2;89;89;89m[48;2;76;76;76m▕[38;2;126;126;126m[48;2;128;128;128m▏[38;2;128;128;128m[48;2;128;128;128m▔▔[38;2;124;124;124m[48;2;128;128;128m▕[38;2;103;103;103m[48;2;100;100;100m▏[38;2;100;100;100m[48;2;100;100;100m▔▔[38;2;112;112;112m[48;2;100;100;100m▕[38;2;154;154;154m[48;2;158;158;158m▏[38;2;158;158;158m[48;2;158;158;158m▔▔[38;2;150;150;150m[48;2;158;158;158m▕[38;2;91;91;91m[48;2;76;76;76m▏[38;2;76;76;76m[48;2;76;76;76m▔▔[38;2;71;80;98m[48;2;76;76;76m▕[38;2;19;96;171m[48;2;0;98;180m▏[38;2;0;98;180m[48;2;0;98;180m▔▔[38;2;63;93;171m[48;2;0;98;180m▕[38;2;168;35;71m[48;2;180;0;0m▏[38;2;180;0;0m[48;2;180;0;0m▔▔[38;2;178;50;50m[48;2;180;0;0m▕[38;2;162;147;147m[48;2;158;158;158m▏[38;2;158;158;158m[48;2;158;158;158m▔▔[38;2;154;154;154m[48;2;158;158;158m▕[38;2;97;97;97m[48;2;76;76;76m▏[38;2;76;76;76m[48;2;76;76;76m▔▔[38;2;76;74;75m[48;2;76;76;76m▕[38;2;72;28;50m[48;2;71;0;42m▏[38;2;71;0;42m[48;2;71;0;42m▔▔▔▔▔▔▔▔▔▔▔▔▔▔▔▔▔[0m
[38;2;71;0;42m[48;2;71;0;42m ▔▔▔▔▔[38;2;100;100;100m[48;2;71;0;42m▀[38;2;71;0;42m[48;2;100;100;100m▂[38;2;128;128;128m[48;2;100;100;100m▃▅[38;2;128;128;128m[48;2;158;158;158m▅▃[38;2;100;100;100m[48;2;158;158;158m▃▅[38;2;100;100;100m[48;2;76;76;76m▅▃[38;2;158;158;158m[48;2;76;76;76m▃▅[38;2;158;158;158m[48;2;128;128;128m▅▃[38;2;180;0;0m[48;2;128;128;128m▂▅[38;2;180;0;0m[48;2;100;100;100m▅▃[38;2;128;128;128m[48;2;100;100;100m▃▅[38;2;128;128;128m[48;2;158;158;158m▅▃[38;2;100;100;100m[48;2;158;158;158m▃▅[38;2;100;100;100m[48;2;76;76;76m▅▃[38;2;180;0;0m[48;2;76;76;76m▃▅[38;2;180;0;0m[48;2;0;98;180m▅▃▃▅[38;2;180;0;0m[48;2;180;0;0m▔▔[38;2;0;98;180m[48;2;180;0;0m▃▅[38;2;0;98;180m[48;2;158;158;158m▅▂▂▅[38;2;0;98;180m[48;2;76;76;76m▅▃[38;2;158;158;158m[48;2;76;76;76m▃▅[38;2;158;158;158m[48;2;71;0;42m▆▃[38;2;71;0;42m[48;2;71;0;42m▔▔▔▔▔▔▔▔▔▔▔▔▔▔▔▔[0m
[38;2;71;0;42m[48;2;71;0;42m ▔▔▔▔▔▔[38;2;87;61;72m[48;2;71;0;42m▕[38;2;127;126;127m[48;2;128;128;128m▏[38;2;128;128;128m[48;2;128;128;128m▔▔[38;2;123;123;123m[48;2;128;128;128m▕[38;2;102;102;102m[48;2;100;100;100m▏[38;2;100;100;100m[48;2;100;100;100m▔▔[38;2;114;114;114m[48;2;100;100;100m▕[38;2;156;156;156m[48;2;158;158;158m▏[38;2;158;158;158m[48;2;158;158;158m▔▔[38;2;162;145;145m[48;2;158;158;158m▕[38;2;179;44;44m[48;2;180;0;0m▏[38;2;180;0;0m[48;2;180;0;0m▔▔[38;2;173;52;52m[48;2;180;0;0m▕[38;2;134;123;123m[48;2;128;128;128m▏[38;2;128;128;128m[48;2;128;128;128m▔▔[38;2;125;125;125m[48;2;128;128;128m▕[38;2;104;104;104m[48;2;100;100;100m▏[38;2;100;100;100m[48;2;100;100;100m▔▔[38;2;115;94;94m[48;2;100;100;100m▕[38;2;173;32;32m[48;2;180;0;0m▏[38;2;180;0;0m[48;2;180;0;0m▔▔▔▔▔▔[38;2;172;25;60m[48;2;180;0;0m▕[38;2;73;91;168m[48;2;0;98;180m▏[38;2;0;98;180m[48;2;0;98;180m▔▔▔▔▔▔[38;2;42;104;179m[48;2;0;98;180m▕[38;2;145;150;163m[48;2;158;158;158m▏[38;2;158;158;158m[48;2;158;158;158m▔▔[38;2;155;154;154m[48;2;158;158;158m▕[38;2;96;73;82m[48;2;71;0;42m▏[38;2;71;0;42m[48;2;71;0;42m▔▔▔▔▔▔▔▔▔▔▔▔▔▔▔[0m
[38;2;71;0;42m[48;2;71;0;42m ▔▔▔▔▔▔▔[38;2;71;0;42m[48;2;128;128;128m▅▂[38;2;158;158;158m[48;2;128;128;128m▃▅[38;2;158;158;158m[48;2;100;100;100m▅▃[38;2;0;98;180m[48;2;100;100;100m▃▅[38;2;0;98;180m[48;2;158;158;158m▅▂[38;2;100;100;100m[48;2;158;158;158m▃▅[38;2;100;100;100m[48;2;180;0;0m▅▃[38;2;158;158;158m[48;2;180;0;0m▃▆[38;2;158;158;158m[48;2;128;128;128m▅▃[38;2;76;76;76m[48;2;128;128;128m▃▅[38;2;76;76;76m[48;2;100;100;100m▅▃[38;2;180;0;0m[48;2;100;100;100m▃▅[38;2;180;0;0m[48;2;180;0;0m▔▔[38;2;100;100;100m[48;2;180;0;0m▃▅▅▃[38;2;0;98;180m[48;2;180;0;0m▃▅[38;2;0;98;180m[48;2;0;98;180m▔▔[38;2;76;76;76m[48;2;0;98;180m▃▅▅▃[38;2;0;98;180m[48;2;0;98;180m▔▔[38;2;0;98;180m[48;2;158;158;158m▅▂▂▅[38;2;0;98;180m[48;2;71;0;42m▆▃[38;2;71;0;42m[48;2;71;0;42m▔▔▔▔▔▔▔▔▔▔▔▔▔▔[0m
[38;2;71;0;42m[48;2;71;0;42m ▔▔▔▔▔▔▔▔[38;2;98;76;85m[48;2;71;0;42m▕[38;2;156;156;156m[48;2;158;158;158m▏[38;2;158;158;158m[48;2;158;158;158m▔▔[38;2;143;149;163m[48;2;158;158;158m▕[38;2;37;103;179m[48;2;0;98;180m▏[38;2;0;98;180m[48;2;0;98;180m▔▔[38;2;42;99;169m[48;2;0;98;180m▕[38;2;97;100;108m[48;2;100;100;100m▏[38;2;100;100;100m[48;2;100;100;100m▔▔[38;2;113;113;113m[48;2;100;100;100m▕[38;2;155;155;155m[48;2;158;158;158m▏[38;2;158;158;158m[48;2;158;158;158m▔▔[38;2;149;149;149m[48;2;158;158;158m▕[38;2;89;89;89m[48;2;76;76;76m▏[38;2;76;76;76m[48;2;76;76;76m▔▔[38;2;99;71;71m[48;2;76;76;76m▕[38;2;172;17;17m[48;2;180;0;0m▏[38;2;180;0;0m[48;2;180;0;0m▔▔[38;2;173;33;33m[48;2;180;0;0m▕[38;2;115;94;94m[48;2;100;100;100m▏[38;2;100;100;100m[48;2;100;100;100m▔▔[38;2;95;100;113m[48;2;100;100;100m▕[38;2;36;99;172m[48;2;0;98;180m▏[38;2;0;98;180m[48;2;0;98;180m▔▔[38;2;14;97;174m[48;2;0;98;180m▕[38;2;70;80;102m[48;2;76;76;76m▏[38;2;76;76;76m[48;2;76;76;76m▔▔[38;2;74;78;90m[48;2;76;76;76m▕[38;2;26;95;168m[48;2;0;98;180m▏[38;2;0;98;180m[48;2;0;98;180m▔▔▔▔▔▔[38;2;6;96;176m[48;2;0;98;180m▕[38;2;63;43;93m[48;2;71;0;42m▏[38;2;71;0;42m[48;2;71;0;42m▔▔▔▔▔▔▔▔▔▔▔▔▔[0m
[38;2;71;0;42m[48;2;71;0;42m ▔▔▔▔▔▔▔▔▔[38;2;71;0;42m[48;2;158;158;158m▅▂[38;2;100;100;100m[48;2;158;158;158m▃▅[38;2;100;100;100m[48;2;0;98;180m▅▃[38;2;158;158;158m[48;2;0;98;180m▃▆[38;2;158;158;158m[48;2;100;100;100m▅▃[38;2;76;76;76m[48;2;100;100;100m▃▅[38;2;76;76;76m[48;2;158;158;158m▅▃[38;2;0;98;180m[48;2;158;158;158m▂▅[38;2;0;98;180m[48;2;76;76;76m▅▃[38;2;100;100;100m[48;2;76;76;76m▃▅[38;2;100;100;100m[48;2;180;0;0m▅▃[38;2;180;0;0m[48;2;180;0;0m▔▔[38;2;180;0;0m[48;2;100;100;100m▅▃[38;2;0;98;180m[48;2;100;100;100m▃▅[38;2;0;98;180m[48;2;0;98;180m▔▔[38;2;128;128;128m[48;2;0;98;180m▃▅[38;2;128;128;128m[48;2;76;76;76m▅▃[38;2;100;100;100m[48;2;76;76;76m▃▅[38;2;100;100;100m[48;2;0;98;180m▅▃[38;2;158;158;158m[48;2;0;98;180m▃▆▆▃[38;2;76;76;76m[48;2;0;98;180m▃▅[38;2;76;76;76m[48;2;71;0;42m▅▃[38;2;71;0;42m[48;2;71;0;42m▔▔▔▔▔▔▔▔▔▔▔▔[0m
[38;2;71;0;42m[48;2;71;0;42m ▔▔▔▔▔▔▔▔▔▔[38;2;78;44;59m[48;2;71;0;42m▕[38;2;99;98;98m[48;2;100;100;100m▏[38;2;100;100;100m[48;2;100;100;100m▔▔[38;2;114;114;114m[48;2;100;100;100m▕[38;2;156;156;156m[48;2;158;158;158m▏[38;2;158;158;158m[48;2;158;158;158m▔▔[38;2;148;148;148m[48;2;158;158;158m▕[38;2;86;86;86m[48;2;76;76;76m▏[38;2;76;76;76m[48;2;76;76;76m▔▔[38;2;70;81;103m[48;2;76;76;76m▕[38;2;13;97;174m[48;2;0;98;180m▏[38;2;0;98;180m[48;2;0;98;180m▔▔[38;2;37;99;172m[48;2;0;98;180m▕[38;2;95;100;112m[48;2;100;100;100m▏[38;2;100;100;100m[48;2;100;100;100m▔▔[38;2;115;94;94m[48;2;100;100;100m▕[38;2;173;32;32m[48;2;180;0;0m▏[38;2;180;0;0m[48;2;180;0;0m▔▔[38;2;170;29;65m[48;2;180;0;0m▕[38;2;69;92;169m[48;2;0;98;180m▏[38;2;0;98;180m[48;2;0;98;180m▔▔[38;2;40;102;176m[48;2;0;98;180m▕[38;2;119;124;138m[48;2;128;128;128m▏[38;2;128;128;128m[48;2;128;128;128m▔▔[38;2;126;126;126m[48;2;128;128;128m▕[38;2;106;106;106m[48;2;100;100;100m▏[38;2;100;100;100m[48;2;100;100;100m▔▔[38;2;106;106;106m[48;2;100;100;100m▕[38;2;150;150;150m[48;2;158;158;158m▏[38;2;158;158;158m[48;2;158;158;158m▔▔[38;2;155;155;155m[48;2;158;158;158m▕[38;2;100;100;100m[48;2;76;76;76m▏[38;2;76;76;76m[48;2;76;76;76m▔▔[38;2;76;75;75m[48;2;76;76;76m▕[38;2;72;31;51m[48;2;71;0;42m▏[38;2;71;0;42m[48;2;71;0;42m▔▔▔▔▔▔▔▔▔▔▔[0m
[38;2;71;0;42m[48;2;71;0;42m ▔▔▔▔▔▔▔▔▔▔▔[38;2;100;100;100m[48;2;71;0;42m▀[38;2;71;0;42m[48;2;100;100;100m▂[38;2;128;128;128m[48;2;100;100;100m▃▅[38;2;128;128;128m[48;2;158;158;158m▅▃[38;2;100;100;100m[48;2;158;158;158m▃▅[38;2;100;100;100m[48;2;76;76;76m▅▃[38;2;0;98;180m[48;2;76;76;76m▃▅[38;2;0;98;180m[48;2;0;98;180m▔▔[38;2;76;76;76m[48;2;0;98;180m▃▅[38;2;76;76;76m[48;2;100;100;100m▅▃[38;2;0;98;180m[48;2;100;100;100m▃▅[38;2;0;98;180m[48;2;180;0;0m▅▃[38;2;180;0;0m[48;2;180;0;0m▔▔[38;2;180;0;0m[48;2;0;98;180m▅▃[38;2;158;158;158m[48;2;0;98;180m▃▆[38;2;158;158;158m[48;2;128;128;128m▅▃[38;2;76;76;76m[48;2;128;128;128m▃▅[38;2;76;76;76m[48;2;100;100;100m▅▃[38;2;180;0;0m[48;2;100;100;100m▃▅[38;2;180;0;0m[48;2;158;158;158m▅▂[38;2;100;100;100m[48;2;158;158;158m▃▅[38;2;100;100;100m[48;2;76;76;76m▅▃[38;2;158;158;158m[48;2;76;76;76m▃▅[38;2;158;158;158m[48;2;71;0;42m▆▃[38;2;71;0;42m[48;2;71;0;42m▔▔▔▔▔▔▔▔▔▔[0m
[38;2;71;0;42m[48;2;71;0;42m ▔▔▔▔▔▔▔▔▔▔▔▔[38;2;86;58;70m[48;2;71;0;42m▕[38;2;126;125;125m[48;2;128;128;128m▏[38;2;128;128;128m[48;2;128;128;128m▔▔[38;2;124;124;124m[48;2;128;128;128m▕[38;2;103;103;103m[48;2;100;100;100m▏[38;2;100;100;100m[48;2;100;100;100m▔▔[38;2;92;100;119m[48;2;100;100;100m▕[38;2;21;99;175m[48;2;0;98;180m▏[38;2;0;98;180m[48;2;0;98;180m▔▔[38;2;23;95;169m[48;2;0;98;180m▕[38;2;73;79;93m[48;2;76;76;76m▏[38;2;76;76;76m[48;2;76;76;76m▔▔[38;2;71;80;99m[48;2;76;76;76m▕[38;2;17;96;172m[48;2;0;98;180m▏[38;2;0;98;180m[48;2;0;98;180m▔▔[38;2;67;92;170m[48;2;0;98;180m▕[38;2;169;32;68m[48;2;180;0;0m▏[38;2;180;0;0m[48;2;180;0;0m▔▔[38;2;178;54;54m[48;2;180;0;0m▕[38;2;162;148;148m[48;2;158;158;158m▏[38;2;158;158;158m[48;2;158;158;158m▔▔[38;2;153;153;153m[48;2;158;158;158m▕[38;2;95;95;95m[48;2;76;76;76m▏[38;2;76;76;76m[48;2;76;76;76m▔▔[38;2;90;74;74m[48;2;76;76;76m▕[38;2;168;26;26m[48;2;180;0;0m▏[38;2;180;0;0m[48;2;180;0;0m▔▔[38;2;177;16;16m[48;2;180;0;0m▕[38;2;121;91;91m[48;2;100;100;100m▏[38;2;100;100;100m[48;2;100;100;100m▔▔[38;2;104;104;104m[48;2;100;100;100m▕[38;2;149;149;149m[48;2;158;158;158m▏[38;2;158;158;158m[48;2;158;158;158m▔▔[38;2;156;156;156m[48;2;158;158;158m▕[38;2;98;76;85m[48;2;71;0;42m▏[38;2;71;0;42m[48;2;71;0;42m▔▔▔▔▔▔▔▔▔[0m
[38;2;71;0;42m[48;2;71;0;42m ▔▔▔▔▔▔▔▔▔▔▔▔▔[38;2;71;0;42m[48;2;128;128;128m▅▂[38;2;0;98;180m[48;2;128;128;128m▃▅[38;2;0;98;180m[48;2;100;100;100m▅▃▃▅[38;2;0;98;180m[48;2;0;98;180m▔▔[38;2;100;100;100m[48;2;0;98;180m▃▅[38;2;100;100;100m[48;2;76;76;76m▅▃[38;2;158;158;158m[48;2;76;76;76m▃▅[38;2;158;158;158m[48;2;0;98;180m▆▃[38;2;180;0;0m[48;2;0;98;180m▃▅[38;2;180;0;0m[48;2;180;0;0m▔▔[38;2;128;128;128m[48;2;180;0;0m▃▆[38;2;128;128;128m[48;2;158;158;158m▅▃[38;2;100;100;100m[48;2;158;158;158m▃▅[38;2;100;100;100m[48;2;76;76;76m▅▃[38;2;158;158;158m[48;2;76;76;76m▃▅[38;2;158;158;158m[48;2;180;0;0m▆▃[38;2;0;98;180m[48;2;180;0;0m▃▅[38;2;0;98;180m[48;2;100;100;100m▅▃[38;2;128;128;128m[48;2;100;100;100m▃▅[38;2;128;128;128m[48;2;158;158;158m▅▃[38;2;100;100;100m[48;2;158;158;158m▃▅[38;2;100;100;100m[48;2;71;0;42m▆[38;2;71;0;42m[48;2;100;100;100m▀[38;2;71;0;42m[48;2;71;0;42m▔▔▔▔▔▔▔▔[0m
[38;2;71;0;42m[48;2;71;0;42m ▔▔▔▔▔▔▔▔▔▔▔▔▔▔[38;2;63;42;92m[48;2;71;0;42m▕[38;2;8;95;175m[48;2;0;98;180m▏[38;2;0;98;180m[48;2;0;98;180m▔▔▔▔▔▔[38;2;39;99;171m[48;2;0;98;180m▕[38;2;96;100;111m[48;2;100;100;100m▏[38;2;100;100;100m[48;2;100;100;100m▔▔[38;2;111;111;111m[48;2;100;100;100m▕[38;2;154;154;154m[48;2;158;158;158m▏[38;2;158;158;158m[48;2;158;158;158m▔▔[38;2;161;149;149m[48;2;158;158;158m▕[38;2;178;57;57m[48;2;180;0;0m▏[38;2;180;0;0m[48;2;180;0;0m▔▔[38;2;175;44;44m[48;2;180;0;0m▕[38;2;137;120;120m[48;2;128;128;128m▏[38;2;128;128;128m[48;2;128;128;128m▔▔[38;2;126;126;126m[48;2;128;128;128m▕[38;2;105;105;105m[48;2;100;100;100m▏[38;2;100;100;100m[48;2;100;100;100m▔▔[38;2;107;107;107m[48;2;100;100;100m▕[38;2;151;151;151m[48;2;158;158;158m▏[38;2;158;158;158m[48;2;158;158;158m▔▔[38;2;153;155;160m[48;2;158;158;158m▕[38;2;70;112;177m[48;2;0;98;180m▏[38;2;0;98;180m[48;2;0;98;180m▔▔[38;2;26;100;178m[48;2;0;98;180m▕[38;2;116;123;141m[48;2;128;128;128m▏[38;2;128;128;128m[48;2;128;128;128m▔▔[38;2;127;127;127m[48;2;128;128;128m▕[38;2;107;107;107m[48;2;100;100;100m▏[38;2;100;100;100m[48;2;100;100;100m▔▔[38;2;100;99;99m[48;2;100;100;100m▕[38;2;78;47;61m[48;2;71;0;42m▏[38;2;71;0;42m[48;2;71;0;42m▔▔▔▔▔▔▔[0m
[38;2;71;0;42m[48;2;71;0;42m ▔▔▔▔▔▔▔▔▔▔▔▔▔▔▔[38;2;71;0;42m[48;2;0;98;180m▅▃[38;2;100;100;100m[48;2;0;98;180m▃▅▅▃[38;2;158;158;158m[48;2;0;98;180m▃▆[38;2;158;158;158m[48;2;100;100;100m▅▃[38;2;76;76;76m[48;2;100;100;100m▃▅[38;2;76;76;76m[48;2;158;158;158m▅▃[38;2;180;0;0m[48;2;158;158;158m▂▅[38;2;180;0;0m[48;2;180;0;0m▔▔[38;2;100;100;100m[48;2;180;0;0m▃▅[38;2;100;100;100m[48;2;128;128;128m▅▃[38;2;0;98;180m[48;2;128;128;128m▂▅[38;2;0;98;180m[48;2;100;100;100m▅▃[38;2;76;76;76m[48;2;100;100;100m▃▅[38;2;76;76;76m[48;2;158;158;158m▅▃[38;2;128;128;128m[48;2;158;158;158m▃▅[38;2;128;128;128m[48;2;0;98;180m▆▃[38;2;100;100;100m[48;2;0;98;180m▃▅[38;2;100;100;100m[48;2;128;128;128m▅▃[38;2;158;158;158m[48;2;128;128;128m▃▅[38;2;158;158;158m[48;2;100;100;100m▅▃[38;2;76;76;76m[48;2;100;100;100m▃[38;2;76;76;76m[48;2;100;99;99m▅[38;2;76;76;76m[48;2;71;0;42m▅▃[38;2;71;0;42m[48;2;71;0;42m▔▔▔▔▔▔[0m
[38;2;71;0;42m[48;2;71;0;42m ▔▔▔▔▔▔▔▔▔▔▔▔▔▔▔▔[38;2;77;42;58m[48;2;71;0;42m▕[38;2;99;97;98m[48;2;100;100;100m▏[38;2;100;100;100m[48;2;100;100;100m▔▔[38;2;113;113;113m[48;2;100;100;100m▕[38;2;155;155;155m[48;2;158;158;158m▏[38;2;158;158;158m[48;2;158;158;158m▔▔[38;2;149;149;149m[48;2;158;158;158m▕[38;2;89;89;89m[48;2;76;76;76m▏[38;2;76;76;76m[48;2;76;76;76m▔▔[38;2;99;71;71m[48;2;76;76;76m▕[38;2;172;17;17m[48;2;180;0;0m▏[38;2;180;0;0m[48;2;180;0;0m▔▔[38;2;173;33;33m[48;2;180;0;0m▕[38;2;115;94;94m[48;2;100;100;100m▏[38;2;100;100;100m[48;2;100;100;100m▔▔[38;2;95;100;113m[48;2;100;100;100m▕[38;2;36;99;172m[48;2;0;98;180m▏[38;2;0;98;180m[48;2;0;98;180m▔▔[38;2;14;97;174m[48;2;0;98;180m▕[38;2;70;80;102m[48;2;76;76;76m▏[38;2;76;76;76m[48;2;76;76;76m▔▔[38;2;82;82;82m[48;2;76;76;76m▕[38;2;121;121;121m[48;2;128;128;128m▏[38;2;128;128;128m[48;2;128;128;128m▔▔[38;2;127;127;127m[48;2;128;128;128m▕[38;2;106;106;106m[48;2;100;100;100m▏[38;2;100;100;100m[48;2;100;100;100m▔▔[38;2;104;104;104m[48;2;100;100;100m▕[38;2;149;149;149m[48;2;158;158;158m▏[38;2;158;158;158m[48;2;158;158;158m▔▔[38;2;156;156;156m[48;2;158;158;158m▕[38;2;101;101;101m[48;2;76;76;76m▏[38;2;76;76;76m[48;2;76;76;76m▔▔▔[38;2;72;35;52m[48;2;71;0;42m▏[38;2;71;0;42m[48;2;71;0;42m▔▔▔▔▔[0m
[38;2;71;0;42m[48;2;71;0;42m ▔▔▔▔▔▔▔▔▔▔▔▔▔▔▔▔▔[38;2;71;0;42m[48;2;100;100;100m▅▃[38;2;128;128;128m[48;2;100;100;100m▃▅[38;2;128;128;128m[48;2;158;158;158m▅▃[38;2;100;100;100m[48;2;158;158;158m▃▅[38;2;100;100;100m[48;2;76;76;76m▅▃[38;2;158;158;158m[48;2;76;76;76m▃▅[38;2;158;158;158m[48;2;180;0;0m▆▃[38;2;180;0;0m[48;2;180;0;0m▔▔[38;2;180;0;0m[48;2;100;100;100m▅▃[38;2;128;128;128m[48;2;100;100;100m▃▅[38;2;128;128;128m[48;2;0;98;180m▆▃[38;2;100;100;100m[48;2;0;98;180m▃▅[38;2;100;100;100m[48;2;76;76;76m▅▃[38;2;180;0;0m[48;2;76;76;76m▃▅[38;2;180;0;0m[48;2;128;128;128m▅▂[38;2;76;76;76m[48;2;128;128;128m▃▅[38;2;76;76;76m[48;2;100;100;100m▅▃[38;2;128;128;128m[48;2;100;100;100m▃▅[38;2;128;128;128m[48;2;158;158;158m▅▃[38;2;100;100;100m[48;2;158;158;158m▃▅[38;2;100;100;100m[48;2;76;76;76m▅▃[38;2;158;158;158m[48;2;76;76;76m▃▅[38;2;158;158;158m[48;2;71;0;42m▆▃[38;2;71;0;42m[48;2;71;0;42m▔▔▔▔[0m
[38;2;71;0;42m[48;2;71;0;42m ▔▔▔▔▔▔▔▔▔▔▔▔▔▔▔▔▔▔[38;2;84;55;68m[48;2;71;0;42m▕[38;2;125;124;124m[48;2;128;128;128m▏[38;2;128;128;128m[48;2;128;128;128m▔▔[38;2;124;124;124m[48;2;128;128;128m▕[38;2;103;103;103m[48;2;100;100;100m▏[38;2;100;100;100m[48;2;100;100;100m▔▔[38;2;111;111;111m[48;2;100;100;100m▕[38;2;154;154;154m[48;2;158;158;158m▏[38;2;158;158;158m[48;2;158;158;158m▔▔[38;2;161;149;149m[48;2;158;158;158m▕[38;2;178;57;57m[48;2;180;0;0m▏[38;2;180;0;0m[48;2;180;0;0m▔▔[38;2;175;44;44m[48;2;180;0;0m▕[38;2;137;120;120m[48;2;128;128;128m▏[38;2;128;128;128m[48;2;128;128;128m▔▔[38;2;126;126;126m[48;2;128;128;128m▕[38;2;105;105;105m[48;2;100;100;100m▏[38;2;100;100;100m[48;2;100;100;100m▔▔[38;2;110;96;96m[48;2;100;100;100m▕[38;2;170;39;39m[48;2;180;0;0m▏[38;2;180;0;0m[48;2;180;0;0m▔▔[38;2;175;10;10m[48;2;180;0;0m▕[38;2;105;69;69m[48;2;76;76;76m▏[38;2;76;76;76m[48;2;76;76;76m▔▔[38;2;81;81;81m[48;2;76;76;76m▕[38;2;120;120;120m[48;2;128;128;128m▏[38;2;128;128;128m[48;2;128;128;128m▔▔[38;2;127;127;127m[48;2;128;128;128m▕[38;2;107;107;107m[48;2;100;100;100m▏[38;2;100;100;100m[48;2;100;100;100m▔▔[38;2;103;103;103m[48;2;100;100;100m▕[38;2;148;148;148m[48;2;158;158;158m▏[38;2;158;158;158m[48;2;158;158;158m▔▔▔[38;2;101;81;89m[48;2;71;0;42m▏[38;2;71;0;42m[48;2;71;0;42m▔▔▔[0m
[38;2;71;0;42m[48;2;71;0;42m ▔▔▔▔▔▔▔▔▔▔▔▔▔▔▔▔▔▔▔[38;2;71;0;42m[48;2;128;128;128m▅▂[38;2;158;158;158m[48;2;128;128;128m▃▅[38;2;158;158;158m[48;2;100;100;100m▅▃[38;2;128;128;128m[48;2;100;100;100m▃▅[38;2;128;128;128m[48;2;158;158;158m▅▃[38;2;100;100;100m[48;2;158;158;158m▃▅[38;2;100;100;100m[48;2;180;0;0m▅▃[38;2;180;0;0m[48;2;180;0;0m▔▔[38;2;180;0;0m[48;2;128;128;128m▅▂[38;2;76;76;76m[48;2;128;128;128m▃▅[38;2;76;76;76m[48;2;100;100;100m▅▃[38;2;128;128;128m[48;2;100;100;100m▃▅[38;2;128;128;128m[48;2;180;0;0m▆▃[38;2;100;100;100m[48;2;180;0;0m▃▅[38;2;100;100;100m[48;2;76;76;76m▅▃[38;2;158;158;158m[48;2;76;76;76m▃▅[38;2;158;158;158m[48;2;128;128;128m▅▃[38;2;76;76;76m[48;2;128;128;128m▃▅[38;2;76;76;76m[48;2;100;100;100m▅▃[38;2;128;128;128m[48;2;100;100;100m▃▅[38;2;128;128;128m[48;2;158;158;158m▅▃[38;2;100;100;100m[48;2;158;158;158m▃▅[38;2;100;100;100m[48;2;71;0;42m▆[38;2;71;0;42m[48;2;100;100;100m▀[38;2;71;0;42m[48;2;71;0;42m▔▔[0m
[38;2;71;0;42m[48;2;71;0;42m ▔▔▔▔▔▔▔▔▔▔▔▔▔▔▔▔▔▔▔▔[38;2;93;68;78m[48;2;71;0;42m▕[38;2;153;152;153m[48;2;158;158;158m▏[38;2;158;158;158m[48;2;158;158;158m▔▔[38;2;154;154;154m[48;2;158;158;158m▕[38;2;132;132;132m[48;2;128;128;128m▏[38;2;128;128;128m[48;2;128;128;128m▔▔[38;2;125;125;125m[48;2;128;128;128m▕[38;2;104;104;104m[48;2;100;100;100m▏[38;2;100;100;100m[48;2;100;100;100m▔▔[38;2;114;94;94m[48;2;100;100;100m▕[38;2;173;34;34m[48;2;180;0;0m▏[38;2;180;0;0m[48;2;180;0;0m▔▔[38;2;173;16;16m[48;2;180;0;0m▕[38;2;100;71;71m[48;2;76;76;76m▏[38;2;76;76;76m[48;2;76;76;76m▔▔[38;2;83;83;83m[48;2;76;76;76m▕[38;2;122;122;122m[48;2;128;128;128m▏[38;2;128;128;128m[48;2;128;128;128m▔▔[38;2;126;126;126m[48;2;128;128;128m▕[38;2;106;106;106m[48;2;100;100;100m▏[38;2;100;100;100m[48;2;100;100;100m▔▔[38;2;105;105;105m[48;2;100;100;100m▕[38;2;150;150;150m[48;2;158;158;158m▏[38;2;158;158;158m[48;2;158;158;158m▔▔[38;2;155;155;155m[48;2;158;158;158m▕[38;2;100;100;100m[48;2;76;76;76m▏[38;2;76;76;76m[48;2;76;76;76m▔▔[38;2;79;79;79m[48;2;76;76;76m▕[38;2;120;120;120m[48;2;128;128;128m▏[38;2;128;128;128m[48;2;128;128;128m▔▔▔[38;2;108;108;108m[48;2;100;100;100m▏[38;2;100;100;100m[48;2;100;100;100m▔▔▔[38;2;79;49;62m[48;2;71;0;42m▏[38;2;71;0;42m[48;2;71;0;42m▔[0m
[38;2;71;0;42m[48;2;71;0;42m ▔▔▔▔▔▔▔▔▔▔▔▔▔▔▔▔▔▔▔▔▔[38;2;71;0;42m[48;2;158;158;158m▅▃▃▅[38;2;71;0;42m[48;2;128;128;128m▅▃▃▅[38;2;71;0;42m[48;2;100;100;100m▅▃▃▅[38;2;71;0;42m[48;2;180;0;0m▅▃▃▅[38;2;71;0;42m[48;2;76;76;76m▅▃▃▅[38;2;71;0;42m[48;2;128;128;128m▅▃▃▅[38;2;71;0;42m[48;2;100;100;100m▅▃▃▅[38;2;71;0;42m[48;2;158;158;158m▅▃▃▅[38;2;71;0;42m[48;2;76;76;76m▅▃▃▅[38;2;71;0;42m[48;2;128;128;128m▅▃▃▅[38;2;71;0;42m[48;2;100;100;100m▅▃▃▅[38;2;71;0;42m[48;2;71;0;42m▔▔[0m
[38;2;71;0;42m[48;2;71;0;42m ▔▔▔▔▔▔▔▔▔▔▔▔▔▔▔▔▔▔▔▔▔▔▔▔▔▔▔▔▔▔▔▔▔▔▔▔▔▔▔▔▔▔▔▔▔▔▔▔▔▔▔▔▔▔▔▔▔▔▔▔▔▔▔▔▔▔▔[0m
