[?25l[0m[38;2;0;0;126;48;2;0;0;126m                                                                          [0m
[38;2;0;0;126;48;2;0;0;126m                                                 [38;2;1;1;123m▁[38;2;18;18;18m▂[38;2;0;0;126;48;2;18;18;18m▀[38;2;18;18;18;48;2;0;0;126m▆▆[38;2;0;0;125;48;2;18;18;18m▔[38;2;224;224;224m▁[38;2;249;249;249m▁[38;2;254;254;254m▂[38;2;224;224;224m▁[38;2;4;4;111m▔[38;2;18;18;18;48;2;0;0;126m▆[38;2;0;0;126;48;2;18;18;18m▀[38;2;18;18;18;48;2;0;0;126m▂           [0m
[38;2;0;0;126;48;2;0;0;126m                                               [38;2;18;18;18m▃▆[48;2;18;18;18m [38;2;254;254;254m▂[38;2;18;18;18;48;2;254;254;254m▀[38;2;254;254;254;48;2;18;18;18m▅▆[38;2;238;238;238;48;2;254;254;254m▔    [38;2;250;250;250m▔[38;2;18;18;18m▔[38;2;254;254;254;48;2;18;18;18m▅[38;2;18;18;18;48;2;254;254;254m▀[38;2;254;254;254;48;2;18;18;18m▂[38;2;0;0;126m▔[38;2;18;18;27;48;2;0;0;126m▂        [0m
[38;2;0;0;126;48;2;0;0;126m                 [38;2;2;2;118m▕[38;2;18;18;18m▅▅[38;2;0;0;126;48;2;18;18;18m▀[38;2;18;18;18;48;2;0;0;126m▃▂                      ▗[48;2;18;18;18m [38;2;254;254;254m▃▆[48;2;254;254;254m               [48;2;18;18;18m▆▖[38;2;18;18;18;48;2;0;0;126m▆[38;2;3;3;106m▖      [0m
[38;2;0;0;126;48;2;0;0;126m                 [48;2;18;18;18m▍[38;2;18;18;18;48;2;254;254;254m▊▔▔[38;2;254;254;254;48;2;18;18;18m▅[38;2;18;18;18;48;2;254;254;254m▀[38;2;254;254;254;48;2;18;18;18m▂ [38;2;0;0;126m▀[38;2;18;18;18;48;2;0;0;126m▂                 [38;2;0;0;126;48;2;18;18;18m▀[38;2;254;254;254m▗[38;2;18;18;18;48;2;254;254;254m▘                   ▝[48;2;18;18;18m [48;2;0;0;126m▖     [0m
[38;2;0;0;126;48;2;0;0;126m                 [48;2;18;18;18m▍[38;2;254;254;254m▐[48;2;254;254;254m [38;2;79;79;79m▐[38;2;246;246;246m▏   [38;2;254;254;254;48;2;18;18;18m▆▃[38;2;18;18;34m▕[38;2;18;18;18;48;2;0;0;126m▅[38;2;0;0;71m▃             [38;2;18;18;18m▗[38;2;254;254;254;48;2;18;18;18m▗[48;2;254;254;254m                      [38;2;18;18;18m▝[48;2;18;18;18m [48;2;0;0;126m▖    [0m
[38;2;0;0;126;48;2;0;0;126m                 [48;2;18;18;18m▊[38;2;18;18;18;48;2;254;254;254m▊ ▐[38;2;254;254;254;48;2;18;18;18m▝[48;2;254;254;254m      [48;2;18;18;18m▆▃[38;2;16;16;55m▕[38;2;18;18;18;48;2;0;0;126m▃          [38;2;1;1;120m▕[38;2;18;18;18;48;2;254;254;254m▊     ▂[38;2;254;254;254;48;2;18;18;18m▀▀▀▀▀[38;2;18;18;18;48;2;254;254;254m▂            [38;2;254;254;254;48;2;18;18;18m▍[38;2;18;18;18;48;2;0;0;116m▊[38;2;0;0;124;48;2;0;0;126m▏   [0m
[38;2;0;0;126;48;2;0;0;126m                 [38;2;3;3;115m▕[38;2;120;120;120;48;2;18;18;18m▕[38;2;247;247;247;48;2;254;254;254m▏[38;2;234;234;234m▕[38;2;81;81;81;48;2;18;18;18m▏[38;2;18;18;18;48;2;254;254;254m▖        ▀[38;2;16;16;53;48;2;18;18;18m▕[38;2;18;18;18;48;2;0;0;126m▃        [38;2;1;1;120m▕[38;2;18;18;18;48;2;254;254;254m▊  ▂▆[48;2;3;3;117m▔[38;2;0;0;71;48;2;0;0;126m▔    [38;2;18;18;18m▔[38;2;0;0;126;48;2;18;18;18m▅[38;2;18;18;18;48;2;254;254;254m▆▂          [38;2;254;254;254;48;2;18;18;18m▊ [38;2;18;18;18;48;2;0;0;126m▏   [0m
[38;2;0;0;126;48;2;0;0;126m                  [38;2;18;18;18m▝[38;2;254;254;254;48;2;18;18;18m▝[38;2;18;18;18;48;2;254;254;254m▗[48;2;18;18;18m [38;2;254;210;155m▖[38;2;254;254;254m▝[48;2;254;254;254m         [48;2;18;18;18m▅▂[38;2;18;18;18;48;2;0;0;126m▃      [38;2;1;1;120m▕[38;2;18;18;18;48;2;254;254;254m▊ [38;2;254;254;254;48;2;18;18;18m▘[38;2;0;0;71;48;2;0;0;126m▘          [38;2;18;18;18m▝[38;2;254;254;254;48;2;18;18;18m▝[48;2;254;254;254m         [48;2;18;18;18m▊ [38;2;18;18;18;48;2;0;0;126m▏   [0m
[38;2;0;0;126;48;2;0;0;126m                  [38;2;3;3;115m▕[48;2;18;18;18m [38;2;18;18;18;48;2;254;210;155m▀[38;2;254;210;155;48;2;18;18;18m▖▝[38;2;18;18;18;48;2;254;210;155m▀[48;2;245;245;245m▆[48;2;254;254;254m▖         [38;2;254;254;254;48;2;18;18;18m▅[38;2;101;101;101m▏[38;2;18;18;18;48;2;0;0;126m▖    [38;2;1;1;120m▕[38;2;18;18;18;48;2;254;254;254m▊▐[38;2;0;0;71;48;2;0;0;126m▘            [38;2;18;18;18m▐[38;2;254;254;254;48;2;18;18;18m▐[48;2;254;254;254m        [48;2;18;18;18m▘[38;2;0;0;126m▗[48;2;0;0;126m    [0m
[38;2;0;0;126;48;2;0;0;126m               [38;2;18;18;18m▃[38;2;0;0;126;48;2;18;18;18m▔[38;2;254;210;155m▂▅[48;2;254;210;155m   [48;2;18;18;18m▅[48;2;254;210;155m [38;2;18;18;18m▝[38;2;254;210;155;48;2;18;18;18m▖[38;2;254;254;254m▝[38;2;18;18;18;48;2;254;254;254m▂         ▀[38;2;16;16;50;48;2;18;18;18m▕[38;2;2;2;118;48;2;0;0;126m▏    [38;2;18;18;18m▀      [38;2;0;0;71m▁[38;2;18;18;18m▁▁    ▕[48;2;254;254;254m▊       [38;2;254;254;254;48;2;18;18;18m▘[38;2;0;0;126m▗[48;2;0;0;126m     [0m
[38;2;0;0;126;48;2;0;0;126m            [38;2;18;18;18m▁▃[38;2;17;17;37;48;2;18;18;18m▏ [38;2;254;210;155m▝▀▀[38;2;18;18;18;48;2;254;210;155m▖      [38;2;254;210;155;48;2;18;18;18m▅▖[38;2;254;254;254m▝[48;2;254;254;254m          [48;2;18;18;18m▖[38;2;18;18;18;48;2;0;0;126m▅▂[38;2;0;0;115m▁       [38;2;18;18;18m▀[38;2;0;0;71;48;2;18;18;18m▂  [38;2;0;0;126m▝[48;2;0;0;126m   [48;2;18;18;18m▊[38;2;18;18;18;48;2;254;254;254m▍     [38;2;254;254;254;48;2;18;18;18m▀[38;2;18;18;18;48;2;18;18;28m▔[38;2;0;0;126;48;2;18;18;18m▅[48;2;0;0;126m      [0m
[38;2;0;0;126;48;2;0;0;126m         [48;2;18;18;18m▀▔[38;2;254;210;155m▂[38;2;18;18;18;48;2;254;210;155m▀[38;2;254;210;155;48;2;18;18;18m▅ [38;2;18;18;18;48;2;254;210;155m▖  [38;2;254;210;155;48;2;18;18;18m▘[38;2;18;18;18;48;2;254;210;155m▘        [38;2;254;210;155;48;2;18;18;18m▅▃[38;2;254;254;254m▀[38;2;245;245;245;48;2;254;254;254m▏        [38;2;18;18;18m▝[38;2;254;254;254;48;2;18;18;18m▝▅▃[38;2;18;18;18;48;2;0;0;115m▁[48;2;0;0;126m▃▂[38;2;0;0;71m▁    [38;2;0;0;126;48;2;18;18;18m▅[38;2;0;0;71m▂ [38;2;0;0;126m▐[48;2;0;0;126m [38;2;18;18;18m▁[48;2;254;254;254m▀   ▂[38;2;254;254;254;48;2;18;18;18m▀[38;2;70;70;70m▏[38;2;0;0;126m▅[48;2;0;0;126m        [0m
[38;2;0;0;126;48;2;0;0;126m       [38;2;18;18;18m▗[38;2;4;4;63;48;2;18;18;18m▔[38;2;18;18;18;48;2;254;210;155m▀    ▝[38;2;254;210;155;48;2;18;18;18m▂▀[38;2;18;18;18;48;2;254;210;155m▝▘         ▝[38;2;237;196;145;48;2;18;18;18m▂[38;2;18;18;18;48;2;254;210;155m▆[48;2;18;18;18m [38;2;254;254;254m▀[48;2;254;254;254m         [48;2;18;18;18m▞[38;2;18;18;18;48;2;254;254;254m▖ ▔[38;2;254;254;254;48;2;18;18;18m▆▅[38;2;18;18;18;48;2;254;254;254m▀[38;2;254;254;254;48;2;18;18;18m▃▂[48;2;0;0;115m▂[48;2;0;0;126m▂▂[48;2;18;18;18m▂ [38;2;18;18;18;48;2;3;3;115m▆[48;2;254;254;254m▂[38;2;254;254;254;48;2;4;4;62m▀[48;2;18;18;18m▀[38;2;18;18;18;48;2;249;249;249m▆[38;2;0;0;126;48;2;18;18;18m▁[38;2;18;18;18;48;2;0;0;126m▀[38;2;0;0;126;48;2;18;18;18m▆[48;2;0;0;126m          [0m
[38;2;0;0;126;48;2;0;0;126m      [38;2;0;0;124m▕[38;2;0;0;115;48;2;18;18;18m▍[38;2;18;18;18;48;2;254;210;155m▊     [38;2;231;191;141m▕[38;2;18;18;18m▆▆[38;2;248;205;151m▏      [38;2;18;18;18m▁▂▁   [38;2;254;210;155;48;2;18;18;18m▆[38;2;107;88;65m▕[38;2;242;200;148;48;2;254;210;155m▏[38;2;254;210;155;48;2;18;18;18m▃[38;2;254;254;254m▀[48;2;254;254;254m        [38;2;18;18;18m▀[38;2;91;91;91m▖         [38;2;18;18;18m▗[48;2;0;0;126m▔[38;2;0;0;115;48;2;18;18;18m▞[38;2;18;18;18;48;2;0;0;126m▖[38;2;14;14;69m▔               [0m
[38;2;0;0;126;48;2;0;0;126m       [48;2;18;18;18m▍[38;2;18;18;18;48;2;254;210;155m▊    [38;2;185;48;109m▖[38;2;254;210;155;48;2;18;18;18m▊▐[48;2;254;210;155m    [38;2;18;18;18m▂[38;2;234;193;143m▕[38;2;254;210;155;48;2;18;18;18m▃▅▆▆▅▐[48;2;254;210;155m   [38;2;94;78;58m▘  [38;2;18;18;18m▔[38;2;254;210;155;48;2;18;18;18m▖[38;2;18;18;18;48;2;254;254;254m▖                ▗[38;2;120;120;120;48;2;3;3;115m▏[48;2;0;0;126m [38;2;18;18;18m▝[48;2;18;18;18m [38;2;0;0;126m▝[38;2;18;18;18;48;2;0;0;126m▖              [0m
[38;2;0;0;126;48;2;0;0;126m       [38;2;0;0;71m▝[48;2;18;18;18m [38;2;18;18;18;48;2;254;210;155m▖  [38;2;180;0;106m▗[38;2;254;254;254;48;2;180;0;106m▗[38;2;225;225;225m▖[38;2;254;210;155m▀[48;2;254;210;155m    [38;2;18;18;18m▝[38;2;254;210;155;48;2;18;18;18m▝[38;2;18;18;18;48;2;254;210;155m▂   [38;2;254;210;155;48;2;18;18;18m▊▐[48;2;254;210;155m        [48;2;18;18;18m▍[38;2;239;239;239;48;2;254;254;254m▏              [38;2;254;254;254;48;2;18;18;18m▘[38;2;0;0;126m▗[48;2;0;0;126m   [38;2;18;18;18m▐[48;2;18;18;18m  [38;2;0;0;126m▝[48;2;0;0;126m             [0m
[38;2;0;0;126;48;2;0;0;126m        [38;2;18;18;18m▝[48;2;18;18;18m [48;2;254;210;155m▖[38;2;180;0;106m▕[48;2;180;0;106m [48;2;254;254;254m▍ ▀[38;2;254;210;155;48;2;180;0;106m▝[38;2;180;0;106;48;2;254;210;155m▖   [38;2;18;18;18m▝[38;2;254;210;155;48;2;18;18;18m▃ ▀[38;2;18;18;18;48;2;254;210;155m▂[38;2;88;73;54m▝         [38;2;254;210;155;48;2;18;18;18m▍[38;2;18;18;18;48;2;254;254;254m▍            ▗[38;2;254;254;254;48;2;18;18;18m▘[38;2;18;18;18;48;2;0;0;126m▘     [38;2;0;0;126;48;2;18;18;18m▆▅[38;2;18;18;18;48;2;0;0;126m▀[38;2;0;0;126;48;2;18;18;18m▂[38;2;0;0;71;48;2;0;0;126m▖           [0m
[38;2;0;0;126;48;2;0;0;126m         [38;2;18;18;18m▝[48;2;18;18;18m [48;2;254;210;155m▖[38;2;254;210;155;48;2;180;0;106m▖ [38;2;254;254;254m▀[38;2;180;0;106;48;2;254;254;254m▂▁[38;2;225;225;225;48;2;180;0;106m▅[38;2;180;0;106;48;2;254;210;155m▆[38;2;254;210;155;48;2;180;0;106m▀[38;2;251;205;153;48;2;254;210;155m▏   [38;2;254;210;155;48;2;18;18;18m▆▅▅[48;2;254;210;155m        [38;2;18;18;18m▗[38;2;101;101;101;48;2;18;18;18m▕[38;2;239;239;239;48;2;254;254;254m▏      [38;2;243;243;243m▕[38;2;18;18;18m▊   [38;2;254;254;254;48;2;18;18;18m▀[38;2;0;0;126m▁[38;2;0;0;71;48;2;0;0;126m▔                      [0m
[38;2;0;0;126;48;2;0;0;126m          [38;2;3;3;114m▕[38;2;0;0;126;48;2;18;18;18m▃[38;2;254;210;155m▝[48;2;254;210;155m [38;2;180;0;106m▀▀▀[38;2;254;210;155;48;2;180;0;106m▅[38;2;180;0;106;48;2;254;210;155m▔               [38;2;18;18;18m▗[48;2;18;18;18m [48;2;254;254;254m▘       [38;2;254;254;254;48;2;18;18;18m▊[38;2;18;18;18;48;2;254;254;254m▊ ▂[38;2;254;254;254;48;2;18;18;18m▘[38;2;18;18;18;48;2;0;0;126m▘                        [0m
[38;2;0;0;126;48;2;0;0;126m            [38;2;18;18;18m▝[38;2;68;56;43;48;2;18;18;18m▕[38;2;254;210;155m▀[38;2;18;18;18;48;2;254;210;155m▂        ▂▆▆▂▂▁▁▂▂▆[48;2;254;254;254m▀         ▐[38;2;254;254;254;48;2;18;18;18m▝[48;2;0;0;126m▘[38;2;0;0;71m▔                          [0m
[38;2;0;0;126;48;2;0;0;126m              [38;2;18;18;18m▔[48;2;3;3;115m▔[48;2;254;210;155m▆▂▁  ▂▆▀[38;2;254;210;155;48;2;18;18;18m▆[38;2;18;18;18;48;2;254;210;155m▐[38;2;254;210;155;48;2;18;18;18m▞▐[38;2;91;75;56m▏ [38;2;108;108;108m▕[38;2;18;18;18;48;2;254;254;254m▔[38;2;138;138;138m▔          [38;2;243;243;243m▕[38;2;111;111;111;48;2;18;18;18m▏[38;2;2;2;66;48;2;0;0;126m▏                            [0m
[38;2;0;0;126;48;2;0;0;126m                 [48;2;18;18;18m▆[38;2;18;18;18;48;2;15;15;63m▔[48;2;254;210;155m▆▞[38;2;254;210;155;48;2;18;18;18m▅[38;2;18;18;18;48;2;254;210;155m▂[38;2;254;210;155;48;2;18;18;18m▀▂[38;2;235;195;144;48;2;254;210;155m▕[38;2;254;210;155;48;2;18;18;18m▂▃[38;2;18;18;18;48;2;254;210;155m▂[38;2;254;210;155;48;2;18;18;18m▗[38;2;18;18;18;48;2;254;210;155m▊[38;2;254;210;155;48;2;18;18;18m▆[38;2;18;18;18;48;2;254;210;155m▀[38;2;254;210;155;48;2;18;18;18m▂[38;2;18;18;18;48;2;254;254;254m▆▆▆[48;2;240;240;240m▆[38;2;254;254;254;48;2;18;18;18m▃[38;2;18;18;18;48;2;254;254;254m▀   [38;2;254;254;254;48;2;18;18;18m▘[38;2;0;0;126m▐[48;2;0;0;126m                             [0m
[38;2;0;0;126;48;2;0;0;126m              [38;2;14;14;69m▁[38;2;18;18;18m▂[38;2;0;0;126;48;2;18;18;36m▔[38;2;254;210;155;48;2;18;18;18m▂[38;2;18;18;18;48;2;254;210;155m▀[38;2;254;210;155;48;2;18;18;18m▝[38;2;246;204;150m▂[38;2;254;210;155m▅▆[38;2;138;114;84;48;2;254;210;155m▁[38;2;18;18;18m▁▂▂[38;2;89;74;55;48;2;18;18;18m▏[38;2;18;18;18;48;2;254;210;155m▅▆[38;2;254;210;155;48;2;18;18;18m▝[38;2;18;18;18;48;2;254;210;155m▆[38;2;254;210;155;48;2;18;18;18m▀▀[38;2;18;18;18;48;2;254;210;155m▆[48;2;254;254;254m▘ [38;2;138;138;138m▁▁[38;2;18;18;18m▁▂▂[38;2;254;254;254;48;2;18;18;18m▘[38;2;0;0;126m▗[48;2;0;0;126m                              [0m
[38;2;0;0;126;48;2;0;0;126m           [38;2;18;18;30m▂[48;2;11;11;85m [38;2;249;206;152;48;2;18;18;23m▂[38;2;254;210;155;48;2;18;18;18m▃▅[38;2;18;18;18;48;2;254;210;155m▔▗[38;2;254;210;155;48;2;18;18;18m▗[38;2;18;18;18;48;2;254;210;155m▔▗▞[38;2;254;210;155;48;2;18;18;18m▅▆[38;2;18;18;18;48;2;180;0;106m▊[38;2;180;0;106;48;2;18;18;18m▆▆[38;2;18;18;18;48;2;180;0;106m▔[38;2;180;0;106;48;2;18;18;18m▆[38;2;18;18;18;48;2;180;0;106m▀[38;2;180;0;106;48;2;0;0;71m▂[38;2;0;0;71;48;2;0;0;126m▁[38;2;18;18;18m▔[38;2;0;0;126;48;2;18;18;18m▆▅▅[38;2;18;18;18;48;2;0;0;126m▀▀▀▀[38;2;0;0;126;48;2;18;18;18m▅▆[38;2;0;39;71;48;2;0;0;126m▔                               [0m
[38;2;0;0;126;48;2;0;0;126m        [38;2;18;18;18m▂[48;2;17;17;42m▁[38;2;254;210;155;48;2;18;18;18m▂[38;2;18;18;18;48;2;254;210;155m▀[38;2;254;210;155;48;2;18;18;18m▆[48;2;254;210;155m   [48;2;18;18;18m▀▗[48;2;254;210;155m [38;2;233;193;142m▕[38;2;18;18;18m▊  ▁[38;2;84;70;52;48;2;18;18;18m▏[38;2;173;1;102;48;2;180;0;106m▏     [38;2;0;0;71m▔[38;2;180;0;106;48;2;0;0;71m▅▃[38;2;0;0;126m▔[38;2;0;0;123;48;2;0;0;126m▁                                      [0m
[38;2;0;0;126;48;2;0;0;126m     [38;2;17;17;41m▃[38;2;0;0;126;48;2;18;18;18m▔[38;2;254;210;155m▂▅[48;2;254;210;155m   [38;2;40;40;40m▁[38;2;37;37;37m▃[38;2;254;210;155;48;2;18;18;18m▀[38;2;40;36;28m▏[38;2;254;210;155m▗[48;2;254;210;155m  [48;2;18;18;18m▘[38;2;166;3;98m▂[38;2;18;18;18;48;2;234;193;143m▆[48;2;180;0;106m▀[38;2;180;0;106;48;2;18;18;18m▅▆[48;2;180;0;106m   [38;2;63;14;40m▁[38;2;58;6;36m▂[38;2;18;18;18m▂▂▂▂▂▂[48;2;0;0;126m▅[38;2;1;1;121m▏                                    [0m
[38;2;0;0;126;48;2;0;0;126m    [38;2;133;110;81;48;2;13;13;70m▕[38;2;18;18;18;48;2;254;210;155m▀     [38;2;131;108;80m▀[38;2;254;210;155;48;2;23;23;23m▆[38;2;25;25;25;48;2;254;210;155m▔[38;2;18;18;18m▗[38;2;254;210;155;48;2;18;18;18m▗[48;2;254;210;155m  [38;2;18;18;18m▐[38;2;180;0;106;48;2;18;18;18m▗[48;2;180;0;106m [38;2;71;0;42m▁[38;2;18;18;18m▂[38;2;180;0;106;48;2;18;18;18m▀[38;2;18;18;18;48;2;180;0;106m▅▆[48;2;167;2;99m▆[48;2;18;18;18m [38;2;0;0;126m▅▆[38;2;18;18;18;48;2;0;0;126m▔[38;2;0;0;71m▔[38;2;0;0;115m▔                                         [0m
[38;2;0;0;126;48;2;0;0;126m    [38;2;18;18;18m▕[48;2;254;210;155m▅▅[38;2;254;210;155;48;2;18;18;18m▀▀▀▀▀▀[38;2;18;18;18;48;2;254;210;155m▆[38;2;254;210;155;48;2;18;18;18m▗[48;2;254;210;155m  [38;2;237;198;151m▕[38;2;141;135;130;48;2;18;18;18m▏[38;2;180;0;106m▝[38;2;254;210;155;48;2;71;0;42m▂[38;2;18;18;18;48;2;254;210;155m▀[38;2;254;210;155;48;2;18;18;18m▅▃[38;2;18;18;18;48;2;180;0;106m▅▃▝[38;2;180;0;106;48;2;18;18;18m▖[38;2;18;18;18;48;2;0;0;126m▖                                             [0m
[38;2;0;0;126;48;2;0;0;126m            [38;2;18;18;18m▗[38;2;254;210;155;48;2;18;18;18m▗[48;2;254;210;155m   [38;2;18;18;18m▐[38;2;254;210;155;48;2;18;18;18m▗[48;2;254;210;155m      [48;2;18;18;18m▘[38;2;180;0;106m▝[48;2;180;0;106m [48;2;18;18;18m▖[38;2;18;18;18;48;2;0;0;126m▖                                            [0m
[38;2;0;0;126;48;2;0;0;126m           [38;2;3;3;114m▕[38;2;126;104;77;48;2;18;18;18m▕[38;2;18;18;18;48;2;254;210;155m▘   [38;2;254;210;155;48;2;18;18;18m▍[38;2;247;204;151;48;2;254;210;155m▏   [38;2;18;18;18m▂▆[38;2;180;0;106;48;2;18;18;18m▃▅[48;2;180;0;106m   [38;2;18;18;18m▝[48;2;18;18;18m [48;2;0;0;126m▖                                          [0m
[38;2;0;0;126;48;2;0;0;126m           [48;2;18;18;34m [38;2;18;18;18;48;2;254;210;155m▘    [38;2;254;210;155;48;2;18;18;18m▆[48;2;254;210;155m [38;2;18;18;18m▂▆[38;2;180;0;106;48;2;18;18;18m▂▅[48;2;180;0;106m        [48;2;18;18;18m▍[38;2;18;18;18;48;2;0;0;126m▖                                         [0m
[38;2;0;0;126;48;2;0;0;126m          [38;2;18;18;18m▗[38;2;254;210;155;48;2;18;18;18m▗[48;2;254;210;155m    [38;2;18;18;18m▃▆[48;2;18;18;18m [38;2;180;0;106m▗[48;2;180;0;106m         [48;2;18;18;18m▀ [38;2;0;0;126m▆[48;2;0;0;126m                                          [0m
[38;2;0;0;126;48;2;0;0;126m          [38;2;128;106;78;48;2;18;18;18m▕[38;2;18;18;18;48;2;254;210;155m▂▃[38;2;254;210;155;48;2;18;18;18m▀[38;2;18;18;18;48;2;254;210;155m▆[38;2;0;0;126;48;2;18;18;18m▁▆[48;2;0;0;126m [48;2;18;18;18m▊[38;2;18;18;18;48;2;180;0;106m▊      ▂▆[38;2;254;210;155;48;2;18;18;18m▂▅[38;2;18;18;18;48;2;0;0;126m▊                                           [0m
[38;2;0;0;126;48;2;0;0;126m           [38;2;18;18;18m▔[38;2;0;0;115m▔      [38;2;0;0;126;48;2;18;18;18m▖[38;2;175;1;103;48;2;180;0;106m▏   [38;2;18;18;18m▃[48;2;167;3;98m▆[38;2;254;210;155;48;2;18;18;18m▃▆[48;2;254;210;155m [38;2;18;18;18m▂[38;2;254;210;155;48;2;18;18;18m▘[38;2;180;0;106m▂[38;2;18;18;18;48;2;0;0;126m▂▁                                        [0m
[38;2;0;0;126;48;2;0;0;126m                   [38;2;18;18;18m▝[38;2;180;0;106;48;2;18;18;18m▐[48;2;180;0;106m [38;2;18;18;18m▃[38;2;180;0;106;48;2;18;18;18m▘[38;2;0;0;126m▖[38;2;254;210;155m▝▀[38;2;18;18;18;48;2;236;195;144m▆[48;2;180;0;106m▀[38;2;180;0;106;48;2;18;18;18m▆[48;2;180;0;106m   [38;2;18;18;18m▀[38;2;180;0;106;48;2;18;18;18m▂[38;2;71;0;42;48;2;0;0;126m▁[38;2;18;18;18m▁                                     [0m
[38;2;0;0;126;48;2;0;0;126m                   [38;2;3;3;116m▕[48;2;18;18;18m [38;2;180;0;106m▘[38;2;0;0;126;48;2;4;4;62m▅[48;2;18;18;18m▀[38;2;180;0;106m▃[38;2;18;18;18;48;2;180;0;106m▍▔         [38;2;180;0;106;48;2;18;18;18m▆▅[38;2;18;18;18;48;2;180;0;106m▀[38;2;180;0;106;48;2;18;18;18m▃[38;2;171;2;101m▂[38;2;18;18;18;48;2;0;0;126m▆▅[38;2;0;0;126;48;2;18;18;18m▀[38;2;18;18;18;48;2;0;0;126m▂▁                            [0m
[38;2;0;0;126;48;2;0;0;126m                      [38;2;18;18;18m▗[48;2;180;0;106m▘▐▍                [38;2;180;0;106;48;2;18;18;18m▆▅[38;2;18;18;18;48;2;180;0;106m▀[38;2;180;0;106;48;2;18;18;18m▃▂ [38;2;18;18;18;48;2;0;0;126m▅[38;2;0;0;126;48;2;18;18;18m▀[38;2;18;18;18;48;2;0;0;126m▂▁                      [0m
[38;2;0;0;126;48;2;0;0;126m                     [38;2;18;18;18m▗[38;2;180;0;106;48;2;18;18;18m▗[48;2;180;0;106m [48;2;18;18;18m▊[38;2;18;18;18;48;2;180;0;106m▊                      ▔[38;2;180;0;106;48;2;18;18;18m▆▅▂[38;2;18;18;18;48;2;0;0;115m▆[48;2;0;0;126m▖                    [0m
[38;2;0;0;126;48;2;0;0;126m                 [38;2;15;15;63m▁[38;2;18;18;18m▂▃▅[38;2;180;0;106;48;2;18;18;18m▂▂[38;2;18;18;18;48;2;180;0;106m▀[48;2;18;18;18m  [48;2;180;0;106m▖                        [38;2;176;0;104m▕[38;2;130;0;77;48;2;18;18;18m▏[38;2;18;18;18;48;2;0;0;126m▊                    [0m
[38;2;0;0;126;48;2;0;0;126m            [38;2;2;2;117m▁[38;2;18;18;18m▃▅[38;2;71;0;42;48;2;18;18;18m▂[38;2;180;0;106m▂[38;2;18;18;18;48;2;180;0;106m▀[38;2;180;0;106;48;2;18;18;18m▅[38;2;71;0;42;48;2;180;0;106m▔[38;2;18;18;18m▂[38;2;180;0;106;48;2;18;18;18m▀▂[38;2;18;18;18;48;2;180;0;106m▀[38;2;180;0;106;48;2;18;18;18m▆[38;2;18;18;18;48;2;180;0;106m▝[38;2;71;0;42;48;2;18;18;18m▔[48;2;180;0;106m▖                       [38;2;180;0;106;48;2;18;18;18m▘[38;2;0;0;126m▗[38;2;0;0;115;48;2;0;0;126m▘                    [0m
[38;2;0;0;126;48;2;0;0;126m          [38;2;18;18;18m▃▆[38;2;177;0;104;48;2;18;18;18m▂[38;2;180;0;106m▃▆[48;2;180;0;106m [38;2;18;18;18m▁ ▃▆▀ ▁▂▂▂▐[38;2;71;0;42;48;2;18;18;18m▝[38;2;18;18;18;48;2;180;0;106m▂▁[38;2;71;0;42m▁                 [38;2;175;1;103m▕[38;2;18;18;18m▅[38;2;47;18;30;48;2;18;18;18m▏[38;2;0;0;126m▅[48;2;0;0;126m                      [0m
[38;2;0;0;126;48;2;0;0;126m        [38;2;18;18;31m▗[38;2;71;0;42;48;2;18;18;31m▂[38;2;180;0;106;48;2;18;18;18m▃[48;2;71;0;42m▆[48;2;180;0;106m  [48;2;18;18;18m▆▅[38;2;18;18;18;48;2;180;0;106m▀[38;2;71;0;42;48;2;18;18;18m▂[38;2;18;18;18;48;2;180;0;106m▀   [38;2;71;0;42m▔[38;2;180;0;106;48;2;18;18;18m▆▆▆▅▅[38;2;18;18;18;48;2;180;0;106m▀▀[38;2;180;0;106;48;2;18;18;18m▃▂[38;2;169;2;100m▂[38;2;18;18;18;48;2;180;0;106m▆▅▅[38;2;180;0;106;48;2;18;18;18m▀[38;2;18;18;18;48;2;180;0;106m▃▂      ▂[38;2;180;0;106;48;2;18;18;18m▀[38;2;18;18;18;48;2;180;0;106m▆[38;2;0;0;126;48;2;18;18;18m▃▆[48;2;0;0;126m                        [0m
[38;2;0;0;126;48;2;0;0;126m       [48;2;18;18;18m▊[38;2;180;0;106m▗[48;2;180;0;106m       [38;2;18;18;18m▐[38;2;180;0;106;48;2;18;18;18m▝[38;2;18;18;18;48;2;180;0;106m▂                [38;2;180;0;106;48;2;18;18;18m▆▆▅[38;2;18;18;18;48;2;180;0;106m▀[38;2;180;0;106;48;2;18;18;18m▃▂[38;2;18;18;18;48;2;180;0;106m▆▅▆[48;2;0;0;126m▀[38;2;0;0;126;48;2;18;18;18m▅▆[48;2;0;0;126m                           [0m
[38;2;0;0;126;48;2;0;0;126m       [38;2;4;4;113m▕[48;2;18;18;18m▂[38;2;18;18;18;48;2;178;0;105m▆[48;2;180;0;106m▅[38;2;180;0;106;48;2;18;18;18m▀▀[38;2;18;18;18;48;2;180;0;106m▃▂▁▁▁[38;2;180;0;106;48;2;18;18;18m▆[38;2;18;18;18;48;2;180;0;106m▀[48;2;175;1;103m▆[48;2;180;0;106m▆▅[38;2;180;0;106;48;2;18;18;18m▀[38;2;18;18;18;48;2;180;0;106m▃▃▂▂▁[38;2;71;0;42m▁             [38;2;18;18;18m▔[38;2;180;0;106;48;2;18;18;18m▆▅ [38;2;254;210;155m▃▂[38;2;252;208;154;48;2;4;4;111m▂[38;2;224;185;137;48;2;14;14;69m▁▁[48;2;0;0;126m▁[48;2;14;14;69m▁[38;2;249;206;152;48;2;18;18;18m▂[38;2;254;210;155m▂▂[38;2;0;0;126m▔[38;2;4;4;111m▔▔[38;2;0;0;126;48;2;14;14;69m▂[48;2;0;0;126m             [0m
[38;2;0;0;126;48;2;0;0;126m            [38;2;0;0;71m▔[38;2;0;0;126;48;2;18;18;18m▆▆▅[38;2;18;18;18;48;2;0;0;126m▀▀▀▀▀▀[38;2;0;0;126;48;2;18;18;18m▅▅▆▆▆▅▅[38;2;18;18;18;48;2;0;0;126m▀▀[38;2;0;0;126;48;2;18;18;18m▃[38;2;115;0;69m▔[38;2;18;18;18;48;2;174;0;103m▆[48;2;180;0;106m▆▆▆▆▅▅▅▅▅▅▅[38;2;50;42;34;48;2;18;18;18m▕[38;2;254;210;155m▀▀▀[38;2;18;18;18;48;2;254;210;155m▃▂▂▂▁    ▔[38;2;254;210;155;48;2;18;18;18m▅▖[38;2;18;18;18;48;2;3;3;116m▆[48;2;0;0;126m▅▃[38;2;18;18;28m▂         [0m
[38;2;0;0;126;48;2;0;0;126m                                                   [48;2;18;18;18m▆▅[38;2;18;18;18;48;2;0;0;126m▀[38;2;0;0;126;48;2;18;18;18m▃[38;2;18;18;18;48;2;232;192;142m▆[48;2;254;210;155m▆▅[38;2;254;210;155;48;2;18;18;18m▀[38;2;18;18;18;48;2;254;210;155m▅▆[48;2;18;18;18m    [38;2;1;1;123m▔[38;2;4;4;113;48;2;0;0;126m▏       [0m
[38;2;0;0;126;48;2;0;0;126m                                                          [38;2;14;14;69m▔▔[38;2;18;18;18m▔▔[38;2;0;0;126;48;2;18;18;18m▆▆[38;2;18;18;18;48;2;0;0;126m▔[38;2;14;14;69m▔        [0m
[38;2;0;0;126;48;2;0;0;126m                                                                          [0m
[?25h