[?25l[0m[38;2;130;175;245;48;2;0;0;0m⠂[38;2;0;0;0m⠀⠀⠀⠀[38;2;22;26;30m⠐[38;2;0;0;0m⠀⠀⠀⠀⠀⠀⠀⠀⠀⠀[38;2;75;77;90m⢀[38;2;0;0;0m⠀⠀⠀⠀⠀⠀⠀⠀⠀⠀⠀⠀⠀[38;2;0;46;31m⡀[38;2;0;0;0m⠀⠀[38;2;1;25;41m⠐[38;2;0;0;0m⠀[38;2;180;192;244m⢀[38;2;0;0;0m⠀⠀⠀⠀[38;2;165;212;244m⡀[38;2;0;0;0m⠀⠀⠀⠀⠀⠀⠀⠀⠀⠀[38;2;100;102;100m⠄[38;2;0;0;0m⠀⠀⠀⠀⠀⠀⠀[38;2;0;4;71m⠈[38;2;0;0;0m⠀⠀⠀⠀⠀[38;2;113;64;110m⠈[38;2;0;0;0m⠀⠀⠀⠀⠀⠀⠀[38;2;2;0;13m⠈[38;2;0;0;0m⠀⠀⠀[38;2;161;161;208m⠈[38;2;0;0;0m⠀⠀⠀⠀⠀⠀⠀⠀⠀⠀⠀[38;2;171;184;203m⠐[38;2;0;39;86m⠠[38;2;0;0;0m⠀⠀[38;2;43;45;42m⠈[38;2;37;0;37m⠂[38;2;0;0;0m⠀⠀⠀⠀⠀[38;2;82;70;138m⠈[38;2;0;0;0m⠀⠀[38;2;89;91;88m⠐[38;2;43;45;42m⠄[38;2;162;117;189m⠐[38;2;0;0;0m⠀⠀⠀⠀⠀⠀[38;2;44;70;105m⠈[38;2;0;0;0m⠀⠀⠀⠀⠀[38;2;102;168;63m⠖⢬⠱[38;2;0;0;0;48;2;102;168;63m⠮[38;2;102;168;63;48;2;0;0;0m⠐⠆⠅[38;2;0;0;0;48;2;102;168;63m⡚[38;2;102;168;63;48;2;0;0;0m⠐⠆⠅[38;2;0;0;0;48;2;102;168;63m⡚[38;2;102;168;63;48;2;0;0;0m⢂⢂⠅⡂[38;2;95;160;144m⠰[38;2;102;168;63m⠆⠅[38;2;0;0;0;48;2;102;168;63m⡚[38;2;102;168;63;48;2;0;0;0m⠐⠆⠅[38;2;0;0;0;48;2;102;168;63m⡚[38;2;102;168;63;48;2;0;0;0m⠐⠆⠅[38;2;0;0;0;48;2;102;168;63m⡚[38;2;171;233;130;48;2;0;0;0m⢂⢂⠅⡂⠆⢬[0m
[38;2;0;59;56;48;2;0;0;0m⠄[38;2;0;0;0m⠀⠀⠀⠀⠀⠀⠀⠀⠀⠀⠀⠀[38;2;120;104;146m⢀[38;2;0;0;0m⠀⠀⠀⠀⠀⠀⠀⠀⠀[38;2;6;0;42m⠄[38;2;0;0;0m⠀⠀⠀⠀⠀⠀⠀⠀⠀⠀⠀⠀⠀[38;2;1;0;47m⡀[38;2;0;0;0m⠀⠀⠀⠀⠀⠀⠀⠀⠀[38;2;0;15;29m⠄[38;2;0;0;0m⠀⠀⠀[38;2;17;48;81m⠂[38;2;0;0;0m⠀⠀⠀⠀⠀⠀[38;2;34;0;29m⡀[38;2;0;0;0m⠀[38;2;207;219;107m⢀[38;2;0;0;0m⠀⠀[38;2;0;17;2m⡀[38;2;50;45;74m⠂[38;2;0;0;0m⠀⠀⠀⠀⠀⠀⠀⠀⠀⠀⠀⠀⠀⠀⠀⠀⠀⠀⠀⠀⠀⠀⠀⠀⠀⠀⠀[38;2;2;66;55m⢀[38;2;0;0;0m⠀⠀⠀⠀⠀⠀⠀⠀⠀⠀⠀⠀⠀⠀[38;2;21;9;26m⢀[38;2;0;0;0m⠀⠀[38;2;55;57;54m⠈[38;2;0;0;0m⠀[38;2;89;91;88m⠄[38;2;39;0;16m⠂[38;2;0;0;0m⠀⠀⠀⠀[48;2;102;168;63m⡦[38;2;102;168;63;48;2;0;0;0m⢐⡐⠆⢊⠠⠡⢂[38;2;0;0;0;48;2;102;168;63m⡦[38;2;102;168;63;48;2;0;0;0m⢰⡐⠇[38;2;0;0;0;48;2;102;168;63m⡦[38;2;102;168;63;48;2;0;0;0m⢐⡐⠆⢊⠠⠡⢂[38;2;0;0;0;48;2;102;168;63m⡦[38;2;102;168;63;48;2;0;0;0m⢐⡐⠆[38;2;0;0;0;48;2;102;168;63m⡦[38;2;102;168;63;48;2;0;0;0m⢐⡐⠆[38;2;171;233;130m⢊⠠⠡⢂⢊⠠[0m
[38;2;0;0;0;48;2;0;0;0m⠀⠀⠀[38;2;55;57;54m⠐[38;2;0;0;0m⠀⠀⠀[38;2;106;111;116m⠁[38;2;0;0;0m⠀⠀⠀⠀⠀⠀[38;2;108;67;105m⠈[38;2;0;0;0m⠀⠀⠀⠀[38;2;111;180;191m⠁[38;2;0;21;57m⢀[38;2;0;0;0m⠀⠀⠀⠀⠀⠀⠀[38;2;0;22;0m⠈[38;2;0;0;0m⠀⠀⠀⠀⠀⠀⠀⠀⠀⠀⠀[38;2;89;91;88m⡀[38;2;0;4;71m⠄[38;2;0;0;0m⠀⠀[38;2;50;39;60m⡀[38;2;0;0;0m⠀[38;2;120;80;118m⡀[38;2;171;173;170m⠠[38;2;0;0;0m⠀⠀⠀⠀⠀⠀⠀⠀⠀⠀[38;2;27;71;127m⠄[38;2;0;0;0m⠀⠀⠀⠀⠀⠀⠀⠀⠀⠀⠀⠀[38;2;3;1;29m⠂[38;2;0;0;0m⠀⠀⠀[38;2;58;67;79m⠁[38;2;0;0;0m⠀[38;2;36;37;34m⠐[38;2;0;0;0m⠀⠀⠀⠀⠀[38;2;24;115;116m⠐[38;2;0;0;0m⠀⠀⠀⠀⠀⠀[38;2;0;7;66m⠄[38;2;0;0;0m⠀⠀[38;2;0;59;56m⡀[38;2;0;0;0m⠀⠀⠀⠀⠀[38;2;157;225;227m⠐[38;2;0;0;0m⠀[38;2;0;4;71m⠁[38;2;0;0;0m⠀[38;2;0;6;60m⠄[38;2;0;0;0m⠀⠀⠀⠀⠀⠀[38;2;80;83;80m⠈[38;2;64;32;78m⠂[38;2;0;0;0m⠀⠀⠀⠀⠀[38;2;33;22;40m⡀[38;2;102;168;63m⠐⠆⠅[38;2;0;0;0;48;2;102;168;63m⡚[38;2;102;168;63;48;2;0;0;0m⢂⢒⠅⡂⠐⠆⠅[38;2;0;0;0;48;2;102;168;63m⡚[38;2;102;168;63;48;2;0;0;0m⠐⠆⠅[38;2;0;0;0;48;2;102;168;63m⡚[38;2;102;168;63;48;2;0;0;0m⢂⢂⠅⡂⠐⠆⠅[38;2;0;0;0;48;2;102;168;63m⡚[38;2;102;168;63;48;2;0;0;0m⠐⠆⠅[38;2;0;0;0;48;2;102;168;63m⡚[38;2;171;233;130;48;2;0;0;0m⢂⢂⠅⡂⢂⢂[0m
[38;2;0;0;0;48;2;0;0;0m⠀⠀⠀⠀⠀[38;2;36;20;62m⡀[38;2;0;0;0m⠀⠀[38;2;89;91;88m⠄[38;2;0;0;0m⠀⠀⠀⠀[38;2;0;2;5m⠄[38;2;0;0;0m⠀⠀⠀⠀⠀⠀⠀⠀[38;2;174;202;218m⢀[38;2;0;0;0m⠀⠀⠀⠀[38;2;17;48;81m⠈[38;2;0;0;0m⠀⠀⠀⠀⠀⠀[38;2;89;91;88m⠠[38;2;0;0;0m⠀⠀[38;2;73;91;107m⠂[38;2;0;0;0m⠀⠀⠀⠀[38;2;121;128;127m⢀[38;2;0;0;0m⠀⠀⠀⠀[38;2;0;21;57m⠠[38;2;0;0;0m⠀⠀⠀⠀⠀⠀⠀⠀[38;2;0;10;52m⢀[38;2;0;0;0m⠀⠀[38;2;157;129;202m⠄[38;2;50;67;67m⠄[38;2;0;0;0m⠀⠀⠀⠀⠀⠀⠀[38;2;64;98;177m⠠[38;2;105;109;171m⢂[38;2;0;0;0m⠀⠀⠀⠀⠀⠀⠀[38;2;171;173;170m⠈[38;2;0;0;0m⠀⠀⠀⠀⠀⠀⠀⠀⠀⠀⠀⠀⠀⠀⠀⠀⠀⠀⠀⠀⠀⠀[38;2;115;86;132m⡀[38;2;0;0;0m⠀⠀⠀⠀⠀⠀⠀[38;2;78;113;159m⠈[38;2;0;0;0m⠀⠀⠀⠀⠀⠀⠀⠀⠀[38;2;102;168;63m⢋⠠⠡⢂[38;2;0;0;0;48;2;102;168;63m⡆[38;2;102;168;63;48;2;0;0;0m⢐⡐⠆⢊⠠⠡⢂⢊⠠⠡⢂⢊⠠⠡⢂⢊⠠⠡⢂⢎[38;2;111;180;191m⢠[38;2;102;168;63m⠡⢂[38;2;0;0;0;48;2;102;168;63m⡦[38;2;102;168;63;48;2;0;0;0m⢐⡐⠇[38;2;171;233;130m⢊⠠[0m
[38;2;0;0;0;48;2;0;0;0m⠀⠀[38;2;89;91;88m⠐[38;2;2;41;74m⠤[38;2;202;204;240m⠁[38;2;0;0;0m⠀⠀⠀⠀⠀⠀⠀⠀⠀⠀⠀⠀⠀⠀⠀⠀[38;2;89;91;88m⠂[38;2;2;81;41m⢀[38;2;0;0;0m⠀⠀⠀⠀[38;2;24;40;65m⡀[38;2;0;0;0m⠀[38;2;10;90;133m⠠[38;2;0;0;0m⠀⠀⠀⠀⠀⠀⠀⠀⠀⠀⠀⠀⠀⠀⠀[38;2;198;181;189m⠈[38;2;0;0;0m⠀⠀⠀⠀⠀⠀[38;2;79;90;90m⠄[38;2;0;0;0m⠀⠀⠀⠀⠀⠀⠀⠀⠀⠀[38;2;1;13;25m⠐[38;2;0;0;0m⠀⠀⠀⠀⠀[38;2;0;12;40m⠠[38;2;109;145;190m⠁[38;2;0;0;0m⠀⠀⠀⠀⠀⠀[38;2;1;16;17m⡀[38;2;0;0;0m⠀[38;2;2;12;0m⠠[38;2;0;0;0m⠀[38;2;143;207;236m⠄[38;2;0;0;0m⠀⠀⠀[38;2;17;4;31m⠐[38;2;0;0;0m⠀⠀⠀⠀⠀⠀[38;2;80;83;80m⢀[38;2;0;0;0m⠀⠀⠀⠀[38;2;0;2;5m⢀[38;2;0;0;0m⠀⠀⠀⠀⠀⠀⠀⠀⠀⠀⠀⠀⠀⠀[38;2;0;19;42m⢀[38;2;0;0;0m⠀⠀⠀⠀⠀[38;2;102;168;63m⢂⢂⠅⡂⠐⠆⠅[38;2;0;0;0;48;2;102;168;63m⡚[38;2;102;168;63;48;2;0;0;0m⢂⢂⠅⡂⢂⢂⠥⡂⢂⢂⠅⡂⢂⢂⠅⡂⢂⢂⠅⡂⠐⠆⠅[38;2;0;0;0;48;2;102;168;63m⡚[38;2;171;233;130;48;2;0;0;0m⢂⢂[0m
[38;2;0;0;0;48;2;0;0;0m⠀⠀[38;2;71;107;132m⡀[38;2;0;0;0m⠀⠀⠀⠀[38;2;0;12;94m⠄[38;2;0;0;0m⠀[38;2;121;128;127m⠐[38;2;36;57;68m⠂[38;2;0;0;0m⠀⠀⠀⠀⠀[38;2;39;0;16m⠁[38;2;0;0;0m⠀⠀⠀⠀⠀⠀⠀⠀⠀⠀⠀⠀⠀[38;2;7;32;88m⠐[38;2;1;0;47m⡀[38;2;0;0;0m⠀⠀⠀⠀⠀⠀⠀⠀⠀[38;2;108;132;197m⡀[38;2;0;0;0m⠀⠀⠀⠀⠀⠀⠀⠀[38;2;89;91;88m⠈[38;2;0;0;0m⠀⠀⠀⠀⠀⠀⠀⠀⠀⠀⠀⠀⠀⠀⠀⠀⠀⠀⠀⠀⠀[38;2;59;62;60m⠐[38;2;0;0;0m⠀⠀⠀⠀⠀⠀⠀⠀⠀⠀⠀⠀⠀⠀⠀⠀⠀⠀⠀⠀⠀[38;2;102;168;63m⠠⡄⢎⡣[38;2;0;0;0;48;2;171;233;130m⢢[38;2;171;233;130;48;2;0;0;0m⣐⢎⡣[38;2;0;0;0;48;2;171;233;130m⢢[38;2;171;233;130;48;2;0;0;0m⣐[38;2;0;0;0;48;2;171;233;130m⡡[38;2;171;233;130;48;2;0;0;0m⡣[38;2;0;0;0;48;2;171;233;130m⢢[38;2;171;233;130;48;2;0;0;0m⣐⢎⡣[38;2;0;0;0;48;2;171;233;130m⢢[38;2;171;233;130;48;2;0;0;0m⣐⠄[38;2;0;0;0m⠀[38;2;0;17;2m⠄[38;2;0;0;0m⠀⠀⠀[38;2;102;168;63m⠈⠠⠡⢂⢊⠠⠡⢂⢋⠠⠡⢂[38;2;92;71;0m⢰⢲⣤⣀⣀⡠⢤[38;2;0;0;0;48;2;92;71;0m⢋⡄[38;2;92;71;0;48;2;0;0;0m⢸[38;2;0;0;0;48;2;92;71;0m⢇⠃[48;2;143;95;38m⡀⠸⢘⠘[38;2;143;95;38;48;2;0;0;0m⡢⣄⣀⣀⣀⣤[0m
[38;2;0;0;0;48;2;0;0;0m⠀⠀⠀⠀⠀⠀⠀⠀⠀⠀[38;2;2;0;37m⠈[38;2;0;0;0m⠀⠀[38;2;24;0;42m⠈[38;2;0;0;0m⠀⠀⠀⠀⠀⠀⠀⠀[38;2;27;37;55m⢀[38;2;0;0;0m⠀⠀⠀⠀⠀⠀⠀⠀⠀⠀⠀⠀⠀⠀[38;2;1;23;26m⠄[38;2;0;0;0m⠀[38;2;112;197;236m⠂[38;2;0;0;0m⠀⠀⠀⠀⠀[38;2;171;173;170m⠄[38;2;0;0;0m⠀⠀⠀⠀⠀⠀[38;2;122;63;143m⠁[38;2;80;83;80m⡀[38;2;0;0;0m⠀[38;2;107;131;123m⠂[38;2;15;12;17m⠂[38;2;0;0;0m⠀⠀⠀⠀⠀⠀⠀⠀⠀⠀⠀⠀⠀⠀⠀⠀[38;2;89;91;88m⠠[38;2;0;0;0m⠀⠀⠀⠀⠀⠀[38;2;0;2;34m⠐[38;2;0;0;0m⠀⠀⠀⠀⠀⠀⠀⠀⠀⠀⠀⠀⠀[38;2;102;168;63m⠖⢬⠱[38;2;0;0;0;48;2;102;168;63m⠮[38;2;171;233;130;48;2;0;0;0m⠆⢬⠲[38;2;0;0;0;48;2;171;233;130m⠮[38;2;171;233;130;48;2;0;0;0m⠆⢬⠲[38;2;0;0;0;48;2;171;233;130m⠮[38;2;171;233;130;48;2;0;0;0m⠆⢬⠲[38;2;0;0;0;48;2;171;233;130m⠮[38;2;171;233;130;48;2;0;0;0m⠆⢬⠲[38;2;0;0;0;48;2;171;233;130m⠮[48;2;0;0;0m⠀⠀⠀⠀⠀[38;2;102;168;63m⠈⠐⠠⢂⢂⠅⡂⢂⢂⠅⡂[38;2;0;0;0m⠀[38;2;92;71;0m⠉⠪[38;2;0;0;0;48;2;92;71;0m⡢⢍⢅⢌⢅⠁⢱⠈⡄[48;2;143;95;38m⠃[38;2;143;95;38;48;2;0;0;0m⢸⢱[38;2;0;0;0;48;2;143;95;38m⡄⣢[38;2;143;95;38;48;2;0;0;0m⠪⠵⠪⠕⠊[0m
[38;2;119;190;198;48;2;0;0;0m⣤⣤⣤⣤[38;2;0;0;0;48;2;119;190;198m⠩[38;2;119;190;198;48;2;0;0;0m⣀⣀⣀[38;2;120;211;229m⡀[38;2;0;0;0m⠀⠀⠀[38;2;0;4;29m⠠[38;2;0;0;0m⠀⠀[38;2;27;43;52m⡀[38;2;0;0;0m⠀⠀⠀⠀⠀⠀⠀⠀⠀⠀[38;2;0;2;24m⠐[38;2;0;0;0m⠀[38;2;119;190;198m⣀⣀⣀⣠⣤⣤⣤⣤[38;2;0;0;0;48;2;119;190;198m⠩[38;2;119;190;198;48;2;0;0;0m⣀⣀⣀[38;2;0;0;0m⠀⠀⠀⠀⠀⠀⠀⠀⠀⠀[38;2;138;71;172m⠶⠠[38;2;0;0;0m⠀[38;2;43;45;42m⠁[38;2;0;0;0m⠀⠀⠀⠀⠀⠀⠀⠀⠀⠀⠀⠀⠀⠀⠀⠀⠀⠀⠀⠀⠀⠀⠀⠀⠀⠀[38;2;207;219;107m⢀[38;2;0;0;0m⠀⠀⠀[38;2;84;83;89m⠁[38;2;0;0;0m⠀⠀⠀⠀⠀[38;2;102;168;63m⠠⡄⢎⡣[38;2;0;0;0;48;2;102;168;63m⡦[38;2;102;168;63;48;2;0;0;0m⢐⡐⠆[38;2;0;0;0;48;2;102;168;63m⡦[38;2;102;168;63;48;2;0;0;0m⢐⡐⠆[38;2;0;0;0;48;2;102;168;63m⡦[38;2;102;168;63;48;2;0;0;0m⢐⡐⠆[38;2;0;0;0;48;2;171;233;130m⢢[38;2;171;233;130;48;2;0;0;0m⣐⢎⡣[38;2;0;0;0;48;2;171;233;130m⢢[38;2;171;233;130;48;2;0;0;0m⣐⢎[38;2;0;0;0;48;2;171;233;130m⢔⢢[38;2;171;233;130;48;2;0;0;0m⣐⠄[38;2;0;0;0m⠀⠀[38;2;58;103;162m⠂[38;2;0;0;0m⠀⠀[38;2;102;168;63m⠈⠠⠡⢂⢊⠠⠡⢂⢊⠠⠡⢂⢊⠠⠡⢂[38;2;0;0;0;48;2;92;71;0m⡄[38;2;92;71;0;48;2;0;0;0m⢸[38;2;0;0;0;48;2;92;71;0m⢇⠃[48;2;143;95;38m⠎⢎⡊[38;2;143;95;38m⠀[38;2;102;168;63;48;2;0;0;0m⢊⠠⠡⢂[38;2;171;233;130m⢊⠠[0m
[38;2;119;190;198;48;2;119;190;198m⠀⠀⠀⠀⠀⠀⠀⠀⠀⠀⠀⠀[38;2;0;0;0m⠉⠉⠉⠙[38;2;119;190;198;48;2;0;0;0m⣤⣤⣤⣤[38;2;0;0;0;48;2;119;190;198m⠋⠉⠉⠉[38;2;119;190;198m⠀⠀⠀⠀⠀⠀⠀⠀⠀⠀⠀⠀⠀⠀⠀⠀⠀⠀⠀⠀[38;2;0;0;0m⠉[38;2;2;21;14m⠉[38;2;0;0;0m⠉⠙[38;2;119;190;198;48;2;0;0;0m⣤⣤[38;2;138;71;172m⠸[38;2;0;0;0;48;2;138;71;172m⣈[38;2;138;71;172;48;2;0;0;0m⢨⡄[38;2;0;0;0m⠀⠀⠀⠀⠀⠀⠀⠀⠀⠀⠀⠀[38;2;122;117;134m⠐[38;2;0;0;0m⠀⠀⠀⠀⠀⠀⠀⠀⠀⠀⠀⠀[38;2;102;4;61m⠠[38;2;0;0;0m⠀⠀[38;2;0;72;147m⠁[38;2;0;0;0m⠀⠀⠀⠀⠀⠀⠀[38;2;102;168;63m⠖[38;2;0;0;0;48;2;102;168;63m⡒[38;2;102;168;63;48;2;0;0;0m⠱[38;2;0;0;0;48;2;102;168;63m⠮[38;2;102;168;63;48;2;0;0;0m⠐⠆⠅[38;2;0;0;0;48;2;102;168;63m⡚[38;2;102;168;63;48;2;0;0;0m⠐⠆⠅[38;2;0;0;0;48;2;102;168;63m⡚[38;2;102;168;63;48;2;0;0;0m⠐⠆⠅[38;2;0;0;0;48;2;102;168;63m⡒[38;2;171;233;130;48;2;0;0;0m⠆⢬⠲[38;2;0;0;0;48;2;171;233;130m⠮[38;2;171;233;130;48;2;0;0;0m⠆⢬⠲[38;2;0;0;0;48;2;171;233;130m⠮[38;2;171;233;130;48;2;0;0;0m⠆⢬⠲[38;2;0;0;0;48;2;171;233;130m⠮[48;2;0;0;0m⠀⠀[38;2;13;27;46m⠈[38;2;0;0;0m⠀⠀[38;2;102;168;63m⠈⠐⠨⢂⢂⠅⡂⢂⢂⠅⡂⢂⢂⠅⡂[38;2;0;0;0;48;2;92;71;0m⠁⢱⠈⡄[48;2;143;95;38m⢀⢓[38;2;143;95;38;48;2;0;0;0m⡔[38;2;0;0;0;48;2;143;95;38m⠸[38;2;102;168;63;48;2;0;0;0m⢂⢂⠅⡂[38;2;171;233;130m⢂⢂[0m
[38;2;138;71;172;48;2;0;0;0m⢖⠆⠮⠇[38;2;0;0;0;48;2;138;71;172m⡉[38;2;138;71;172;48;2;0;0;0m⡆⠮⠃⢖⠆⠮⠇[38;2;0;0;0;48;2;138;71;172m⡉[38;2;138;71;172;48;2;0;0;0m⡆[38;2;0;0;0;48;2;138;71;172m⣀[38;2;138;71;172;48;2;0;0;0m⠃[38;2;0;0;0;48;2;138;71;172m⠉[38;2;138;71;172;48;2;0;0;0m⠆⠮⠇[38;2;0;0;0;48;2;138;71;172m⡉[38;2;138;71;172;48;2;0;0;0m⡆⠮⠃⢖⠆[38;2;0;0;0;48;2;138;71;172m⣀[38;2;138;71;172;48;2;0;0;0m⠃[38;2;0;0;0;48;2;138;71;172m⠉[38;2;138;71;172;48;2;0;0;0m⠆⠮⠃⢖⠆[38;2;0;0;0;48;2;138;71;172m⣀[38;2;138;71;172;48;2;0;0;0m⠃[38;2;0;0;0;48;2;138;71;172m⠉[38;2;138;71;172;48;2;0;0;0m⠆⠮⠃⢖⠆[38;2;0;0;0m⠀[38;2;119;190;198m⠐⢘⢰⢠⠨[38;2;0;0;0m⠀⠀[38;2;138;71;172m⠮⠇⠰⠆[38;2;0;0;0m⠀⠀⠀⠀⠀[38;2;23;20;26m⠁[38;2;0;0;0m⠀⠀[38;2;102;168;63m⠠⡄⢎⡣[38;2;0;0;0;48;2;171;233;130m⢢[38;2;171;233;130;48;2;0;0;0m⣐⢎⡣[38;2;0;0;0;48;2;171;233;130m⢢[38;2;171;233;130;48;2;0;0;0m⣐⢎⡣[38;2;0;0;0;48;2;171;233;130m⢢[38;2;171;233;130;48;2;0;0;0m⣐⢎⡣[38;2;0;0;0;48;2;171;233;130m⢢[38;2;171;233;130;48;2;0;0;0m⣐⠄[38;2;0;0;0m⠀⠀⠀⠀⠀⠀⠀⠀⠀[48;2;102;168;63m⡦[38;2;102;168;63;48;2;0;0;0m⢐⡐⠆[38;2;0;0;0;48;2;102;168;63m⡦[38;2;102;168;63;48;2;0;0;0m⢐⡐⠆[38;2;0;0;0;48;2;102;168;63m⡦[38;2;102;168;63;48;2;0;0;0m⢐⡐⠆[38;2;0;0;0;48;2;102;168;63m⡦[38;2;102;168;63;48;2;0;0;0m⢐⡐⠆[38;2;0;0;0;48;2;102;168;63m⡦[38;2;102;168;63;48;2;0;0;0m⢐⡐⠆[38;2;0;0;0;48;2;171;233;130m⢢[38;2;171;233;130;48;2;0;0;0m⣐⢎⡣[38;2;0;0;0;48;2;171;233;130m⢢[38;2;171;233;130;48;2;0;0;0m⣐⢎⡣[38;2;0;0;0m⠀⠀[38;2;1;3;54m⠂[38;2;0;0;0m⠀[38;2;105;141;125m⠐[38;2;0;0;0m⠀⠀[38;2;88;75;133m⠂[38;2;102;168;63m⠠⢒⠤⡖⠈⠠⠡⢂⢊⠠⠡⢂[38;2;0;0;0;48;2;92;71;0m⡄[38;2;92;71;0;48;2;0;0;0m⢸[38;2;0;0;0;48;2;92;71;0m⢇⠃[48;2;143;95;38m⡀[38;2;143;95;38;48;2;0;0;0m⢇[38;2;0;0;0;48;2;143;95;38m⢘⠘[38;2;102;168;63;48;2;0;0;0m⠈⠠⠡⢂⠠⡄[0m
[38;2;138;71;172;48;2;0;0;0m⠰⣢⠘[38;2;0;0;0;48;2;138;71;172m⣂[38;2;138;71;172;48;2;0;0;0m⢰[38;2;0;0;0;48;2;138;71;172m⢉[38;2;138;71;172;48;2;0;0;0m⠘[38;2;0;0;0;48;2;138;71;172m⣢[38;2;138;71;172;48;2;0;0;0m⠰⣢⠘[38;2;0;0;0;48;2;138;71;172m⣂[38;2;138;71;172;48;2;0;0;0m⢰[38;2;0;0;0;48;2;138;71;172m⢉[38;2;138;71;172;48;2;0;0;0m⠸[38;2;0;0;0;48;2;138;71;172m⣈[38;2;138;71;172;48;2;0;0;0m⢰[38;2;0;0;0;48;2;138;71;172m⢉[38;2;138;71;172;48;2;0;0;0m⠘[38;2;0;0;0;48;2;138;71;172m⣂[38;2;138;71;172;48;2;0;0;0m⢰[38;2;0;0;0;48;2;138;71;172m⢉[38;2;138;71;172;48;2;0;0;0m⠘[38;2;0;0;0;48;2;138;71;172m⣢[38;2;138;71;172;48;2;0;0;0m⠰⣢⠸[38;2;0;0;0;48;2;138;71;172m⣈[38;2;138;71;172;48;2;0;0;0m⢰[38;2;0;0;0;48;2;138;71;172m⢉[38;2;138;71;172;48;2;0;0;0m⠘[38;2;0;0;0;48;2;138;71;172m⣢[38;2;138;71;172;48;2;0;0;0m⠰⣢⠸[38;2;0;0;0;48;2;138;71;172m⣈[38;2;138;71;172;48;2;0;0;0m⢰[38;2;0;0;0;48;2;138;71;172m⢉[38;2;138;71;172;48;2;0;0;0m⠘[38;2;0;0;0;48;2;138;71;172m⣢[38;2;138;71;172;48;2;0;0;0m⠰⣢[38;2;0;0;0m⠀[38;2;119;190;198m⢸⢤⠨⢘⢰[38;2;0;0;0m⠀⠀[38;2;138;71;172m⠰⠆⠁[38;2;0;0;0m⠀[38;2;149;26;106m⠂[38;2;0;0;0m⠀⠀⠀⠀⠀⠀[38;2;130;152;156m⢀[38;2;102;168;63m⠖⢬⠱[38;2;0;0;0;48;2;102;168;63m⠮[38;2;171;233;130;48;2;0;0;0m⠆⢬⠲[38;2;0;0;0;48;2;171;233;130m⠮[38;2;171;233;130;48;2;0;0;0m⠆⢬⠲[38;2;0;0;0;48;2;171;233;130m⠮[38;2;171;233;130;48;2;0;0;0m⠆⢬⠲[38;2;0;0;0;48;2;171;233;130m⠮[38;2;171;233;130;48;2;0;0;0m⠆⢬⠲[38;2;0;0;0;48;2;171;233;130m⠮[38;2;92;90;132;48;2;0;0;0m⠠[38;2;0;0;0m⠀[38;2;50;45;74m⠄[38;2;0;0;0m⠀⠀⠀⠀⠀[38;2;102;168;63m⠐⠆⠅[38;2;0;0;0;48;2;102;168;63m⡚[38;2;102;168;63;48;2;0;0;0m⠐⠆⠅[38;2;0;0;0;48;2;102;168;63m⡚[38;2;102;168;63;48;2;0;0;0m⠐⠆⠅[38;2;0;0;0;48;2;102;168;63m⡚[38;2;102;168;63;48;2;0;0;0m⠐⠆⠅[38;2;0;0;0;48;2;102;168;63m⡚[38;2;102;168;63;48;2;0;0;0m⠐⠆⠅[38;2;0;0;0;48;2;102;168;63m⡚[38;2;171;233;130;48;2;0;0;0m⠆⢬⠲[38;2;0;0;0;48;2;171;233;130m⠮[38;2;171;233;130;48;2;0;0;0m⠆⢬⠲[38;2;0;0;0;48;2;171;233;130m⠮[38;2;80;83;80;48;2;0;0;0m⠄[38;2;0;0;0m⠀⠀⠀⠀⠀⠀⠀⠀[38;2;102;168;63m⠃⠸[38;2;0;0;0m⠀[38;2;32;88;157m⠁[38;2;102;168;63m⠈⠐⠠⢂⢂⠅⡂[38;2;0;0;0;48;2;92;71;0m⠁⢱⠈⡄[48;2;143;95;38m⠃[38;2;143;95;38;48;2;0;0;0m⢸⢱[38;2;0;0;0;48;2;143;95;38m⡄[48;2;0;0;0m⠀[38;2;102;168;63m⠈⠐⠠⠖⢬[0m
[38;2;124;111;216;48;2;0;0;0m⢀⡂[38;2;66;47;159m⡀⠂[38;2;0;0;0;48;2;66;47;159m⡑⢎[48;2;124;111;216m⡁⢎[38;2;124;111;216;48;2;0;0;0m⢀⡂[38;2;66;47;159m⡀⠂[38;2;0;0;0;48;2;66;47;159m⡑⢎[48;2;124;111;216m⡁⢎[38;2;124;111;216;48;2;0;0;0m⢀⡂[38;2;66;47;159m⡀⠂[38;2;0;0;0;48;2;66;47;159m⡑⢎[48;2;124;111;216m⡁⢎[38;2;124;111;216;48;2;0;0;0m⢀⡂[38;2;0;0;0;48;2;138;71;172m⣀[38;2;138;71;172;48;2;0;0;0m⠃[38;2;0;0;0;48;2;138;71;172m⠉[38;2;138;71;172;48;2;0;0;0m⠆⠮⠇⠰⠆[38;2;102;168;63m⠠⢃⠆⡆⠡⠃⠑[38;2;0;0;0m⠀⠀[38;2;119;190;198m⠐⢘⢰⢠⠨[38;2;0;0;0m⠀⠀⠀⠀⠀⠀⠀⠀⠀⠀⠀[38;2;102;168;63m⠠⠐⡈[38;2;0;0;0;48;2;102;168;63m⡦[38;2;102;168;63;48;2;0;0;0m⢐⡐⠆[38;2;171;233;130m⢊⠠⠡⢂⢊⠠⠡⢂[38;2;0;0;0;48;2;171;233;130m⢢[38;2;171;233;130;48;2;0;0;0m⣐⢎⡣[38;2;0;0;0;48;2;171;233;130m⢢[38;2;171;233;130;48;2;0;0;0m⣐⢎⡣[38;2;0;0;0;48;2;171;233;130m⢢[38;2;171;233;130;48;2;0;0;0m⣐⠄[38;2;0;0;0m⠀⠀⠀⠀⠀[38;2;102;168;63m⠈⠠⠡⢂⢊⠠⠡⢂⢊⠠⠡⢂⢊⠠⠡⢂[38;2;171;233;130m⢊⠠⠡⢂⢊⠠⠡⢂⢊⠠⠡⠂[38;2;0;0;0m⠀⠀⠀[38;2;0;22;30m⠁[38;2;0;0;0m⠀⠀⠀⠀⠀⠀⠀⠀⠀⠀⠀⠀[38;2;70;55;77m⡀[38;2;143;95;38m⠑⢑⠵[38;2;0;0;0;48;2;92;71;0m⠠⢑[38;2;92;71;0;48;2;0;0;0m⢎[38;2;0;0;0;48;2;92;71;0m⠱[48;2;143;95;38m⡀[38;2;143;95;38;48;2;0;0;0m⢇[38;2;0;0;0;48;2;143;95;38m⢘⠘[38;2;143;95;38;48;2;0;0;0m⠮⡊⠊[38;2;0;0;0m⠀⠀[48;2;102;168;63m⡣[0m
[38;2;0;0;0;48;2;124;111;216m⢄[38;2;124;111;216;48;2;0;0;0m⠜[38;2;66;47;159m⠰[38;2;0;0;0;48;2;66;47;159m⠲[38;2;66;47;159;48;2;0;0;0m⠆⡐[38;2;124;111;216m⠐[38;2;0;8;17m⠠[38;2;0;0;0;48;2;124;111;216m⢄[38;2;124;111;216;48;2;0;0;0m⠜[38;2;66;47;159m⡰[38;2;0;0;0;48;2;66;47;159m⠲[38;2;66;47;159;48;2;0;0;0m⠆⡐[38;2;124;111;216m⠐[38;2;0;0;0m⠀[48;2;124;111;216m⢄[38;2;124;111;216;48;2;0;0;0m⠜[38;2;66;47;159m⠰[38;2;0;0;0;48;2;66;47;159m⠲[38;2;66;47;159;48;2;0;0;0m⠆⡐[38;2;124;111;216m⠐[38;2;0;0;0m⠀[48;2;124;111;216m⢄[38;2;124;111;216;48;2;0;0;0m⠜[38;2;138;71;172m⠸[38;2;0;0;0;48;2;138;71;172m⣈[38;2;138;71;172;48;2;0;0;0m⢰[38;2;0;0;0;48;2;138;71;172m⢉[38;2;138;71;172;48;2;0;0;0m⠰⠆⠁[38;2;0;0;0m⠀[38;2;20;33;69m⠠[38;2;0;0;0m⠀⠀[38;2;102;168;63m⠁[38;2;0;0;0m⠀[38;2;37;60;58m⠁[38;2;0;2;24m⠐[38;2;0;0;0m⠀⠀[38;2;119;190;198m⢸⢠⠨⢘⢰[38;2;0;0;0m⠀⠀⠀⠀⠀⠀⠀⠀⠀⠀[38;2;16;45;62m⠁[38;2;102;168;63m⢁⠡⠐⠐⢆⠅[38;2;0;0;0;48;2;102;168;63m⡚[38;2;171;233;130;48;2;0;0;0m⢂⢂⠅⡂⢂⢂⠕⡂⠆⢬⠲[38;2;0;0;0;48;2;171;233;130m⠮[38;2;171;233;130;48;2;0;0;0m⠆⢬⠲[38;2;0;0;0;48;2;171;233;130m⠮[38;2;171;233;130;48;2;0;0;0m⠆⢬⠲[38;2;0;0;0;48;2;171;233;130m⠮[48;2;0;0;0m⠀⠀⠀⠀⠀[38;2;102;168;63m⠈⠐⠠⢂⢂⠅⡂⢂⢂⠅⡂⢂⢂⠅⡂[38;2;171;233;130m⢂⢂⠅⡂⢂⢂⠅⡂⢂⠂⠁[38;2;0;0;0m⠀[38;2;126;159;167m⠐[38;2;0;0;0m⠀⠀[38;2;0;21;57m⠁[38;2;0;0;0m⠀⠀⠀⠀⠀[38;2;106;111;116m⠐[38;2;0;0;0m⠀⠀[38;2;20;0;17m⠄[38;2;0;0;0m⠀⠀⠀⠀⠀⠀[38;2;143;95;38m⠈[38;2;0;0;0;48;2;92;71;0m⠇⡙⡚⡀[48;2;143;95;38m⠃[38;2;143;95;38;48;2;0;0;0m⢸⢱[38;2;0;0;0;48;2;143;95;38m⡄[38;2;143;95;38;48;2;0;0;0m⠁[38;2;30;0;48m⠠[38;2;0;0;0m⠀⠀⠀[38;2;102;168;63m⢘[0m
[38;2;66;47;159;48;2;0;0;0m⠄⠠[38;2;0;0;0;48;2;124;111;216m⡁⢎[38;2;124;111;216;48;2;0;0;0m⢀⡂[38;2;0;0;0m⠀⠀[48;2;138;71;172m⠋[38;2;138;71;172;48;2;0;0;0m⡆[38;2;0;0;0;48;2;138;71;172m⣀[38;2;138;71;172;48;2;0;0;0m⠃[38;2;0;0;0;48;2;138;71;172m⠉[38;2;138;71;172;48;2;0;0;0m⠆⠮⠇[38;2;0;0;0;48;2;138;71;172m⡉[38;2;138;71;172;48;2;0;0;0m⡆⠮⠇[38;2;0;0;0;48;2;138;71;172m⡁[38;2;138;71;172;48;2;0;0;0m⡆⠮⠇⠰⠆⠱[38;2;0;0;0;48;2;138;71;172m⢢⢈[38;2;138;71;172;48;2;0;0;0m⡒[38;2;0;0;0m⠀⠀⠀⠀[38;2;20;0;17m⢀[38;2;0;0;0m⠀⠀⠀[38;2;72;74;72m⢀[38;2;0;0;0m⠀⠀⠀⠀[38;2;254;254;254m⠐⢘⢰⢠⠨[38;2;0;0;0m⠀⠀⠀[38;2;0;2;5m⢀[38;2;0;0;0m⠀⠀⠀⠀⠀⠀[48;2;102;168;63m⡦[38;2;102;168;63;48;2;0;0;0m⢐⡐⠆⢊⠠⠡⢂[38;2;0;0;0;48;2;102;168;63m⡦[38;2;102;168;63;48;2;0;0;0m⢐⡐⠆[38;2;0;0;0;48;2;102;168;63m⡦[38;2;102;168;63;48;2;0;0;0m⢐⡐⠆[38;2;171;233;130m⢊⠠⠡⢂[38;2;0;0;0;48;2;171;233;130m⢢[38;2;171;233;130;48;2;0;0;0m⣐⢎⡣[38;2;0;0;0;48;2;171;233;130m⢢[38;2;171;233;130;48;2;0;0;0m⣐⢎⡣[38;2;0;0;0m⠀⠀⠀⠀⠀⠀⠀⠀[38;2;102;168;63m⢸[38;2;0;0;0m⠀[38;2;0;6;60m⠄[38;2;0;0;0;48;2;102;168;63m⢸[48;2;0;0;0m⠀[38;2;143;95;38m⠑⢑⠵⢈⢐[38;2;0;0;0;48;2;143;95;38m⡢[48;2;0;0;0m⠀[38;2;143;95;38m⠮⡊⠊[38;2;0;0;0m⠀[38;2;102;168;63m⠡⠃⠑[38;2;0;0;0m⠀[38;2;74;64;72m⠠[38;2;0;0;0m⠀⠀⠀⠀⠀⠀⠀⠀⠀⠀⠀⠀⠀⠀⠀⠀⠀⠀⠀[38;2;92;71;0m⢰⢲⣤⣀[38;2;0;0;0;48;2;92;71;0m⡄[38;2;92;71;0;48;2;0;0;0m⢸[38;2;0;0;0;48;2;92;71;0m⢇[38;2;15;43;46m⠃[38;2;0;0;0;48;2;143;95;38m⡀[38;2;143;95;38;48;2;0;0;0m⢇[38;2;0;0;0;48;2;143;95;38m⢘⠘[48;2;0;0;0m⠀[38;2;48;50;47m⠂[38;2;0;0;0m⠀⠀⠀[38;2;102;168;63m⢘[0m
[38;2;66;47;159;48;2;0;0;0m⠂⡁[38;2;124;111;216m⠐[38;2;33;134;182m⠠[38;2;0;0;0;48;2;124;111;216m⢄[38;2;124;111;216;48;2;0;0;0m⠜[38;2;138;71;172m⠰⠇⢠[38;2;0;0;0;48;2;138;71;172m⠍[38;2;138;71;172;48;2;0;0;0m⠸[38;2;0;0;0;48;2;138;71;172m⣈[38;2;138;71;172;48;2;0;0;0m⢰[38;2;0;0;0;48;2;138;71;172m⢉[38;2;138;71;172;48;2;0;0;0m⠘[38;2;0;0;0;48;2;138;71;172m⣂[38;2;138;71;172;48;2;0;0;0m⢰[38;2;0;0;0;48;2;138;71;172m⢉[38;2;138;71;172;48;2;0;0;0m⠘[38;2;0;0;0;48;2;138;71;172m⣂[38;2;138;71;172;48;2;0;0;0m⢰[38;2;0;0;0;48;2;138;71;172m⢉[38;2;138;71;172;48;2;0;0;0m⠰⠆⠁[38;2;0;0;0m⠀⠀[48;2;138;71;172m⡀⡊[38;2;138;71;172;48;2;0;0;0m⠁[38;2;22;39;68m⠂[38;2;0;0;0m⠀⠀⠀⠀⠀⠀⠀⠀⠀⠀[38;2;0;7;66m⠂[38;2;0;2;24m⠂[38;2;254;254;254m⢸⢠⠨⢘⢰[38;2;71;77;115m⡀[38;2;0;0;0m⠀⠀⠀⠀⠀⠀⠀⠀⠀[38;2;102;168;63m⠐⠆⠅[38;2;0;0;0;48;2;102;168;63m⡚[38;2;102;168;63;48;2;0;0;0m⢂⣂⠅⡂⠐⠆⠅[38;2;0;0;0;48;2;102;168;63m⡚[38;2;102;168;63;48;2;0;0;0m⠐⠆⠅[38;2;0;0;0;48;2;102;168;63m⡚[38;2;171;233;130;48;2;0;0;0m⢂⢂⠅⡂⠆⢬⠲[38;2;0;0;0;48;2;171;233;130m⠮[38;2;171;233;130;48;2;0;0;0m⠆⢬⠲[38;2;0;0;0;48;2;171;233;130m⠮[48;2;0;0;0m⠀⠀[38;2;1;28;53m⡀[38;2;0;0;0m⠀⠀⠀⠀[38;2;17;53;94m⠈[38;2;0;0;0m⠀[38;2;102;168;63m⢇⡰⠁[38;2;0;2;20m⠄[38;2;0;0;0m⠀⠀[38;2;143;95;38m⠈⠠⢐[38;2;0;0;0;48;2;143;95;38m⡂[48;2;0;0;0m⠀[38;2;143;95;38m⠁[38;2;0;0;0m⠀⠀[38;2;36;37;34m⠂[38;2;0;0;0m⠀⠀⠀[38;2;71;107;132m⠄[38;2;0;2;20m⠂[38;2;0;0;0m⠀⠀⠀⠀⠀[38;2;62;49;58m⠄[38;2;0;0;0m⠀[38;2;0;2;20m⠐[38;2;0;0;0m⠀⠀[38;2;43;45;42m⢀[38;2;0;0;0m⠀⠀⠀⠀⠀⠀⠀⠀⠀[38;2;92;71;0m⠉⠪[38;2;0;0;0;48;2;92;71;0m⡢⠁⢱⠈⡄[48;2;143;95;38m⠃[38;2;143;95;38;48;2;0;0;0m⢸⢱[38;2;0;0;0;48;2;143;95;38m⡄[48;2;0;0;0m⠀⠀[38;2;66;153;178m⠠[38;2;17;4;31m⢀[38;2;0;0;0m⠀[38;2;102;168;63m⠠[0m
[38;2;124;111;216;48;2;0;0;0m⢀⡂[38;2;66;18;98m⠂[38;2;0;0;0m⠀[48;2;138;71;172m⠋[38;2;138;71;172;48;2;0;0;0m⡆⠮⠇⠰⠆[38;2;102;168;63m⠠⢃⠆⡆[38;2;0;0;0;48;2;102;168;63m⢸⢋[48;2;0;0;0m⠀[38;2;102;168;63m⢸⠸⠘⡌⠂[38;2;0;0;0m⠀⠀[38;2;2;5;1m⡀[38;2;0;0;0m⠀⠀[38;2;124;111;216m⢸[38;2;0;0;0;48;2;124;111;216m⢆[48;2;0;0;0m⠀⠀⠀[38;2;36;57;68m⡀[38;2;0;0;0m⠀⠀⠀⠀⠀[38;2;70;91;84m⠁[38;2;0;0;0m⠀⠀⠀⠀[38;2;254;254;254m⠐⢘⢰⢠⠨[38;2;0;0;0m⠀⠀⠀⠀[38;2;69;71;69m⠁[38;2;0;0;0m⠀⠀⠀[38;2;47;51;54m⠠[38;2;0;0;0m⠀[38;2;102;168;63m⠠⢒⠤⡖[38;2;0;0;0;48;2;102;168;63m⡦[38;2;102;168;63;48;2;0;0;0m⢐⡐⠆⢊⠠⠡⢂[38;2;0;0;0;48;2;102;168;63m⡦[38;2;102;168;63;48;2;0;0;0m⢐⡐⠆[38;2;0;0;0;48;2;102;168;63m⡦[38;2;102;168;63;48;2;0;0;0m⢐⡐⠆[38;2;171;233;130m⢊⠠⠡⢂⢊⠠⠡⠂[38;2;0;0;0m⠀[38;2;145;136;142m⡐[38;2;0;0;0m⠀⠀⠀[38;2;69;71;69m⠐[38;2;41;52;70m⠐[38;2;0;0;0m⠀⠀⠀⠀⠀⠀⠀⠀⠀[38;2;143;95;38m⢈⢐[38;2;0;0;0;48;2;143;95;38m⡢[48;2;0;0;0m⠀⠀[38;2;0;2;24m⠐[38;2;0;0;0m⠀⠀⠀⠀⠀⠀[38;2;24;115;116m⠠[38;2;0;0;0m⠀⠀⠀⠀⠀⠀⠀[38;2;36;37;34m⠁[38;2;0;0;0m⠀⠀⠀⠀⠀⠀⠀⠀[38;2;2;0;13m⡀[38;2;0;0;0m⠀[38;2;36;37;34m⠂[38;2;0;0;0m⠀[38;2;50;39;60m⠐[38;2;0;0;0m⠀⠀[48;2;92;71;0m⠠⢑[38;2;92;71;0;48;2;0;0;0m⢎[38;2;0;0;0;48;2;92;71;0m⠱[48;2;143;95;38m⡀[38;2;143;95;38;48;2;0;0;0m⢇[38;2;0;0;0;48;2;143;95;38m⢘⠘[38;2;143;95;38;48;2;0;0;0m⣀⣤⢲[38;2;42;46;73m⠄[38;2;0;0;0m⠀⠀[0m
[38;2;0;0;0;48;2;124;111;216m⢄[38;2;124;111;216;48;2;0;0;0m⠜[38;2;138;71;172m⠰⠆⢠[38;2;0;0;0;48;2;138;71;172m⠍[38;2;138;71;172;48;2;0;0;0m⠰⠆⠁[38;2;0;0;0m⠀⠀⠀⠀[38;2;102;168;63m⠁⢸[38;2;0;0;0m⠀[38;2;102;168;63m⠔⡜[38;2;0;0;0m⠀⠀⠀⠀⠀⠀⠀[38;2;2;0;37m⡀[38;2;0;0;0m⠀⠀[38;2;124;111;216m⠇[38;2;0;0;0m⠀⠀⠀⠀⠀⠀⠀⠀⠀[38;2;25;0;28m⠠[38;2;0;0;0m⠀[38;2;3;0;5m⠐[38;2;0;0;0m⠀⠀[38;2;254;254;254m⢸⢠⠨⢘⢰[38;2;126;98;133m⠂[38;2;32;0;21m⠈[38;2;79;75;98m⠂[38;2;0;0;0m⠀⠀⠀⠀⠀⠀⠀⠀[38;2;102;168;63m⠃⠸[38;2;0;0;0m⠀[38;2;102;168;63m⠐⠆⠅[38;2;0;0;0;48;2;102;168;63m⡚[38;2;102;168;63;48;2;0;0;0m⢂⢂⠅⡂⠐⠆⠅[38;2;0;0;0;48;2;102;168;63m⡚[38;2;102;168;63;48;2;0;0;0m⠐⠆⠅[38;2;0;0;0;48;2;102;168;63m⡚[38;2;171;233;130;48;2;0;0;0m⢂⢂⠅⡂⢂⠂⠁[38;2;0;0;0m⠀⠀⠀⠀⠀⠀⠀⠀[38;2;3;1;29m⠠[38;2;0;0;0m⠀⠀⠀⠀⠀⠀[38;2;0;7;10m⡀[38;2;0;0;0m⠀[38;2;143;95;38m⠠⢐[38;2;0;0;0;48;2;143;95;38m⡂[48;2;0;0;0m⠀⠀⠀[38;2;75;74;134m⠄[38;2;0;0;0m⠀[38;2;36;37;34m⠂[38;2;0;0;0m⠀⠀⠀[38;2;45;59;90m⠠[38;2;0;0;0m⠀⠀⠀⠀⠀⠀⠀⠀⠀⠀⠀⠀⠀⠀⠀⠀⠀⠀⠀⠀⠀⠀⠀[48;2;92;71;0m⠇⡙⡚⡀[48;2;143;95;38m⠃[38;2;143;95;38;48;2;0;0;0m⢸⢱[38;2;0;0;0;48;2;143;95;38m⡄[38;2;143;95;38;48;2;0;0;0m⠕⠊⠁[38;2;0;0;0m⠀⠀⠀[0m
[38;2;0;0;0;48;2;66;47;159m⡑⢎[48;2;138;71;172m⣀[38;2;138;71;172;48;2;0;0;0m⠃[38;2;0;0;0;48;2;138;71;172m⠉[38;2;138;71;172;48;2;0;0;0m⠆[38;2;171;233;130m⡡⢄[38;2;0;0;0m⠀⠀[38;2;0;8;17m⠐[38;2;0;0;0m⠀⠀⠀[38;2;102;168;63m⠘⢄⡰⠁[38;2;0;0;0m⠀⠀[38;2;53;109;125m⡀[38;2;0;0;0m⠀⠀⠀⠀⠀⠀⠀[38;2;44;42;45m⠠[38;2;0;0;0m⠀[38;2;3;1;29m⡀[38;2;0;0;0m⠀⠀⠀[38;2;13;0;8m⠐[38;2;0;0;0m⠀[38;2;32;41;52m⠄[38;2;0;0;0m⠀⠀⠀⠀⠀⠀[38;2;119;190;198m⠐⢸⢰⢠⠨[38;2;0;0;0m⠀⠀⠀⠀[38;2;61;3;51m⠁[38;2;0;0;0m⠀⠀⠀⠀⠀⠀⠀⠀[38;2;76;137;147m⠁[38;2;102;168;63m⠈⠘⢄⠆⠘⢄⡰⠁[38;2;143;95;38m⢈⢐[38;2;0;0;0;48;2;143;95;38m⡢[48;2;0;0;0m⠀[38;2;102;168;63m⢸⢀⢠⠃⠈⠘⢄⠖[38;2;0;0;0m⠀[38;2;0;40;37m⠄[38;2;0;0;0m⠀⠀⠀⠀⠀⠀⠀⠀[38;2;36;57;68m⠐[38;2;0;0;0m⠀⠀⠀⠀⠀⠀⠀⠀⠀[38;2;143;95;38m⠐⠨[38;2;0;0;0;48;2;143;95;38m⣄[48;2;0;0;0m⠀[38;2;27;29;26m⠠[38;2;0;0;0m⠀⠀⠀[38;2;59;62;60m⢀[38;2;0;0;0m⠀⠀⠀⠀[38;2;1;16;17m⠠[38;2;0;0;0m⠀⠀⠀⠀⠀⠀⠀[38;2;1;16;17m⠐[38;2;0;0;0m⠀⠀⠀⠀⠀⠀⠀⠀⠀[38;2;53;109;125m⠈[38;2;0;0;0m⠀⠀⠀[38;2;59;62;60m⠂[38;2;0;0;0;48;2;92;71;0m⡄[38;2;92;71;0;48;2;0;0;0m⢸[38;2;0;0;0;48;2;92;71;0m⢇⠃[48;2;143;95;38m⠎⢎⡊[38;2;143;95;38m⠀[38;2;0;0;0;48;2;0;0;0m⠀⠀⠀⠀⠀⠀[0m
[38;2;66;47;159;48;2;0;0;0m⠦⡐[38;2;138;71;172m⠸[38;2;0;0;0;48;2;138;71;172m⣈[38;2;138;71;172;48;2;0;0;0m⢰[38;2;0;0;0;48;2;138;71;172m⢉[38;2;171;233;130;48;2;0;0;0m⢢[38;2;0;0;0m⠀⠀⠀⠀⠀[38;2;0;40;37m⢀[38;2;0;0;0m⠀⠀⠀⠀⠀⠀⠀⠀⠀⠀⠀[38;2;0;19;42m⡀[38;2;0;0;0m⠀[38;2;71;77;115m⠂[38;2;0;0;0m⠀⠀[38;2;110;103;114m⠂[38;2;0;0;0m⠀⠀⠀⠀⠀⠀⠀⠀⠀⠀[38;2;3;76;102m⠄[38;2;0;0;0m⠀⠀[38;2;119;190;198m⢸⢠⠨⢘⢰[38;2;0;0;0m⠀⠀⠀⠀⠀⠀⠀⠀⠀⠀⠀⠀⠀⠀[38;2;0;17;22m⠄[38;2;0;0;0m⠀⠀⠀⠀⠀⠀⠀[38;2;143;95;38m⠠⢐[38;2;0;0;0;48;2;143;95;38m⡂[48;2;0;0;0m⠀⠀[38;2;102;168;63m⠣⠊⠆[38;2;0;0;0m⠀⠀⠀⠀⠀⠀⠀[38;2;2;0;13m⠠⠁[38;2;0;0;0m⠀⠀⠀⠀⠀⠀⠀⠀[38;2;0;12;40m⠐[38;2;0;0;0m⠀⠀⠀⠀⠀⠀[38;2;143;95;38m⠈⠨⠈[38;2;110;103;114m⠈[38;2;0;0;0m⠀[38;2;59;62;60m⠄[38;2;0;0;0m⠀[38;2;89;44;78m⠄[38;2;0;0;0m⠀⠀⠀⠀⠀⠀⠀⠀⠀⠀⠀⠀[38;2;59;62;60m⠠[38;2;0;0;0m⠀⠀⠀⠀⠀⠀⠀⠀⠀⠀⠀⠀[38;2;3;26;34m⠐[38;2;0;0;0m⠀⠀[48;2;92;71;0m⠁⢱⠈⡄[48;2;143;95;38m⢀⢓[38;2;143;95;38;48;2;0;0;0m⡔[38;2;0;0;0;48;2;143;95;38m⠸[48;2;0;0;0m⠀⠀⠀⠀⠀⠀[0m
[38;2;124;111;216;48;2;0;0;0m⢀⡂[38;2;138;71;172m⠘⡃[38;2;0;0;0;48;2;138;71;172m⠩[38;2;138;71;172;48;2;0;0;0m⡄⠮⠇[38;2;0;0;0;48;2;138;71;172m⡉[38;2;138;71;172;48;2;0;0;0m⡆⠶⠠[38;2;0;0;0m⠀⠀⠀⠀⠀⠀⠀⠀⠀⠀⠀⠀⠀⠀⠀⠀⠀⠀⠀⠀⠀⠀⠀⠀⠀⠀⠀⠀⠀⠀[38;2;24;60;90m⠈[38;2;119;190;198m⠐⢘⢰⢠⠨[38;2;0;0;0m⠀⠀⠀[38;2;36;37;34m⠈[38;2;0;0;0m⠀⠀⠀⠀[38;2;0;39;86m⠐[38;2;0;0;0m⠀⠀⠀⠀⠀⠀[38;2;108;123;160m⠂[38;2;0;0;0m⠀⠀⠀⠀⠀⠀[38;2;143;95;38m⢈⢐[38;2;0;0;0;48;2;143;95;38m⡢[48;2;0;0;0m⠀⠀⠀[38;2;17;53;94m⠄[38;2;0;0;0m⠀⠀⠀⠀⠀[38;2;3;0;5m⡀[38;2;20;0;17m⠐[38;2;0;0;0m⠀⠀⠀⠀⠀⠀⠀⠀⠀⠀[38;2;13;0;8m⠈[38;2;0;0;0m⠀[38;2;3;0;5m⢀[38;2;92;90;132m⠂[38;2;66;47;159m⢀[38;2;0;0;0;48;2;66;47;159m⠋⢅⣐⡀⠍[38;2;66;47;159;48;2;0;0;0m⣆[38;2;0;8;17m⠐[38;2;0;0;0m⠀⠀⠀⠀⠀⠀⠀⠀⠀⠀[38;2;112;114;111m⡀[38;2;0;0;0m⠀⠀⠀⠀⠀[38;2;254;254;254m⡀⣠⡀⡀[38;2;0;0;0m⠀⠀⠀⠀⠀⠀⠀⠀⠀⠀⠀⠀[48;2;92;71;0m⡄[38;2;92;71;0;48;2;0;0;0m⢸[38;2;0;0;0;48;2;92;71;0m⢇⠃[48;2;143;95;38m⡀[38;2;143;95;38;48;2;0;0;0m⢇[38;2;0;0;0;48;2;143;95;38m⢘⠘[48;2;0;0;0m⠀⠀⠀⠀⠀⠀[0m
[38;2;0;0;0;48;2;124;111;216m⢄[38;2;124;111;216;48;2;0;0;0m⠜[38;2;0;0;0m⠀⠀[38;2;138;71;172m⠂⠶⠙[38;2;0;0;0;48;2;138;71;172m⣂[38;2;138;71;172;48;2;0;0;0m⢰[38;2;0;0;0;48;2;138;71;172m⢉[38;2;138;71;172;48;2;0;0;0m⠸⠵⢨⡅[38;2;0;0;0m⠀[38;2;2;0;13m⠐[38;2;0;0;0m⠀⠀[38;2;15;12;17m⡀[38;2;0;0;0m⠀⠀⠀⠀[38;2;58;88;118m⠄[38;2;0;0;0m⠀⠀⠀⠀⠀⠀⠀[38;2;27;43;52m⠂[38;2;0;0;0m⠀⠀⠀[38;2;20;48;72m⠂[38;2;0;0;0m⠀⠀[38;2;3;0;5m⠁[38;2;0;0;0m⠀⠀⠀⠀[38;2;119;190;198m⢸⢠⠨⢘⢰[38;2;0;0;0m⠀⠀⠀⠀⠀⠀⠀⠀⠀⠀⠀⠀⠀⠀⠀⠀⠀⠀⠀⠀⠀[38;2;13;27;46m⡀[38;2;143;95;38m⠠⢐[38;2;0;0;0;48;2;143;95;38m⡂[48;2;0;0;0m⠀⠀[38;2;89;66;102m⠐[38;2;0;0;0m⠀[38;2;36;37;34m⡀[38;2;0;0;0m⠀⠀⠀⠀⠀⠀⠀⠀⠀[38;2;24;60;90m⠠[38;2;0;0;0m⠀⠀⠀⠀⠀⠀⠀⠀[38;2;1;16;17m⠁[38;2;3;1;29m⠄[38;2;66;47;159m⠫⠖[38;2;0;0;0;48;2;66;47;159m⡃⠩⡜[38;2;66;47;159;48;2;0;0;0m⠒⠭⠃[38;2;0;0;0m⠀⠀⠀⠀⠀⠀⠀⠀⠀⠀⠀⠀⠀⠀[38;2;0;16;66m⠁[38;2;0;0;0m⠀[38;2;254;254;254m⠳[38;2;0;0;0;48;2;254;254;254m⠢⢃[38;2;254;254;254;48;2;0;0;0m⠃[38;2;0;0;0m⠀[38;2;22;26;30m⠁[38;2;0;0;0m⠀⠀[38;2;0;10;52m⠄[38;2;0;0;0m⠀⠀⠀⠀⠀⠀⠀[48;2;92;71;0m⠁⢱⠈⡄[48;2;143;95;38m⠃[38;2;143;95;38;48;2;0;0;0m⢸⢱[38;2;0;0;0;48;2;143;95;38m⡄[48;2;0;0;0m⠀⠀⠀⠀⠀⠀[0m
[38;2;66;47;159;48;2;0;0;0m⠄⠠[38;2;0;0;0;48;2;124;111;216m⡁⢎[38;2;124;111;216;48;2;0;0;0m⢀⡂[38;2;66;47;159m⡀⠂[38;2;0;0;0;48;2;66;47;159m⡑⢎[38;2;138;71;172;48;2;0;0;0m⠮⠃⢖⠆[38;2;188;117;108m⡀[38;2;0;0;0;48;2;188;117;108m⢋⣂[38;2;188;117;108;48;2;0;0;0m⣢[38;2;0;2;24m⠂[38;2;0;0;0m⠀⠀⠀⠀⠀⠀⠀⠀⠀⠀⠀⠀⠀⠀⠀⠀⠀⠀[38;2;66;37;54m⠠[38;2;0;0;0m⠀⠀[38;2;15;16;13m⢀[38;2;0;0;0m⠀[38;2;0;17;22m⢀[38;2;119;190;198m⠐⢘⢰⢠⠨[38;2;0;0;0m⠀[38;2;2;0;13m⠄[38;2;0;15;29m⠁[38;2;0;0;0m⠀⠀⠀⠀[38;2;0;27;20m⠐[38;2;0;0;0m⠀⠀⠀⠀⠀⠀⠀[38;2;45;102;129m⠂[38;2;0;0;0m⠀⠀[38;2;30;44;44m⠄[38;2;0;0;0m⠀[38;2;0;2;34m⠃[38;2;0;0;0m⠀[38;2;143;95;38m⠐⠨⠺[38;2;0;0;0m⠀⠀⠀⠀⠀⠀⠀[38;2;48;50;47m⠂[38;2;0;0;0m⠀[38;2;124;111;216m⢠⢀⢠[38;2;0;0;0m⠀⠀⠀⠀⠀⠀⠀⠀⠀⠀⠀⠀⠀⠀[38;2;66;47;159m⣠[38;2;0;0;0;48;2;66;47;159m⡁⠐[38;2;66;47;159;48;2;0;0;0m⡅⡁[38;2;0;0;0m⠀⠀⠀⠀⠀⠀⠀⠀⠀⠀⠀[38;2;3;0;5m⢀[38;2;0;0;0m⠀[38;2;27;43;52m⠄[38;2;0;0;0m⠀⠀⠀⠀[38;2;171;233;130m⠳⡨⡰⠖[38;2;102;168;63m⢠⠰⡀[38;2;0;0;0m⠀⠀⠀⠀[38;2;58;67;79m⠂[38;2;49;21;38m⡀[38;2;92;71;0m⢀⣀[38;2;0;0;0;48;2;92;71;0m⠋⣡⠎⡠⡃[48;2;143;95;38m⢘⢄⠱[38;2;143;95;38;48;2;0;0;0m⠳[38;2;0;0;0;48;2;143;95;38m⡈[38;2;143;95;38;48;2;0;0;0m⣄⣀[38;2;0;0;0m⠀⠀⠀[0m
[38;2;66;47;159;48;2;0;0;0m⠂⡁[38;2;124;111;216m⠐[38;2;0;0;0m⠀[48;2;124;111;216m⢄[38;2;124;111;216;48;2;0;0;0m⠜[38;2;66;47;159m⠰[38;2;0;0;0;48;2;66;47;159m⠲[38;2;66;47;159;48;2;0;0;0m⠆⡐[38;2;138;71;172m⠘[38;2;0;0;0;48;2;138;71;172m⣢[38;2;138;71;172;48;2;0;0;0m⠰⣢[38;2;0;0;0;48;2;188;117;108m⣢[38;2;188;117;108;48;2;0;0;0m⠒⠁⠁[38;2;0;0;0m⠀⠀⠀⠀⠀⠀⠀⠀⠀⠀⠀⠀[38;2;47;54;98m⠄[38;2;0;0;0m⠀⠀⠀⠀⠀⠀⠀⠀⠀⠀[38;2;2;0;13m⠈[38;2;0;0;0m⠀[38;2;119;190;198m⢸⢠⠨⢘⢰[38;2;33;22;40m⠠[38;2;0;0;0m⠀⠀[38;2;2;5;1m⠈[38;2;0;0;0m⠀⠀⠀⠀⠀⠀⠀⠀⠀⠀⠀⠀⠀⠀⠀⠀⠀⠀[38;2;143;95;38m⠈⠨⠈[38;2;0;0;0m⠀⠀⠀⠀⠀[38;2;13;0;8m⡀[38;2;0;2;34m⠄[38;2;41;52;70m⠁[38;2;0;0;0m⠀[38;2;124;111;216m⢇[38;2;0;0;0;48;2;124;111;216m⡁[38;2;124;111;216;48;2;0;0;0m⢆⠇[38;2;0;0;0m⠀⠀⠀⠀[38;2;2;0;13m⠐[38;2;0;0;0m⠀⠀[38;2;1;3;54m⠈[38;2;0;0;0m⠀⠀[38;2;2;5;1m⠈[38;2;0;0;0m⠀⠀[48;2;138;71;172m⣐[38;2;138;71;172;48;2;66;47;159m⠠[38;2;0;0;0m⡖⢉[38;2;102;168;63;48;2;0;0;0m⢡⢂⠄⠄⠇⡀⡄⠰⢠⢂⠄[38;2;92;71;0m⣠⠤⣤[38;2;0;0;0;48;2;92;71;0m⢉[48;2;143;95;38m⢤[38;2;143;95;38;48;2;0;0;0m⠶⢤⣀[38;2;171;233;130m⢄⢱⢡⢂[38;2;102;168;63m⠆⠇[38;2;0;0;0;48;2;102;168;63m⢸[38;2;102;168;63;48;2;0;0;0m⡆[38;2;92;71;0m⣠⠤⣤[38;2;0;0;0;48;2;92;71;0m⢉⣁⡤⢖[38;2;92;71;0;48;2;0;0;0m⠔⢋⠥[38;2;0;0;0;48;2;92;71;0m⠭⡰[48;2;143;95;38m⢆⢍⢓[38;2;143;95;38;48;2;0;0;0m⡙⡒⠬[38;2;0;0;0;48;2;143;95;38m⠶⣤⢤[38;2;143;95;38;48;2;0;0;0m⠶[0m
[38;2;66;47;159;48;2;0;0;0m⠄⠠⠐[38;2;0;0;0m⠀[38;2;66;47;159m⠄⠠[38;2;0;0;0;48;2;124;111;216m⡁⢎[38;2;124;111;216;48;2;0;0;0m⢀⡂[38;2;138;71;172m⠮⠃⢖⠆[38;2;0;0;0m⠀⠀⠀⠀⠀⠀⠀⠀⠀⠀⠀⠀⠀⠀[38;2;102;168;63m⢀⣤[38;2;0;0;0;48;2;102;168;63m⠉[48;2;207;219;107m⠉⢍[38;2;207;219;107;48;2;0;0;0m⠄[38;2;0;0;0m⠀⠀⠀⠀⠀⠀⠀⠀⠀[38;2;254;254;254m⠐⢘⢰⢠⠨[38;2;0;0;0m⠀[38;2;2;0;13m⠂[38;2;0;0;0m⠀[38;2;69;71;69m⠠[38;2;0;0;0m⠀⠀⠀⠀⠀⠀[38;2;102;168;63m⡦⣄[38;2;0;0;0m⠀⠀[38;2;207;219;107m⡠[38;2;0;0;0;48;2;207;219;107m⠙[38;2;207;219;107;48;2;0;0;0m⣀⠔⠢⣀[38;2;0;0;0;48;2;207;219;107m⠙[38;2;207;219;107;48;2;0;0;0m⡀[38;2;0;0;0m⠀[38;2;171;233;130m⢀[38;2;0;0;0;48;2;171;233;130m⠋⡅[48;2;0;0;0m⠀⠀[38;2;7;9;24m⠈[38;2;0;0;0m⠀⠀⠀⠀⠀[38;2;171;233;130m⠳⡨⡰⠖[38;2;3;0;5m⠂[38;2;138;71;172m⢀⡀[38;2;0;0;0m⠀[38;2;0;2;24m⠐[38;2;0;2;5m⠐[38;2;0;0;0m⠀⠀[38;2;0;2;5m⢀[38;2;0;0;0m⠀[38;2;36;37;34;48;2;138;71;172m⠉[38;2;138;71;172;48;2;0;0;0m⡆[38;2;0;0;0;48;2;138;71;172m⣁[38;2;138;71;172;48;2;0;0;0m⠇⢖⡆[38;2;0;0;0;48;2;138;71;172m⣁[38;2;138;71;172;48;2;0;0;0m⠇⢖⡆[38;2;0;0;0;48;2;138;71;172m⣀[38;2;138;71;172;48;2;0;0;0m⠃[38;2;0;0;0;48;2;138;71;172m⠉[38;2;138;71;172;48;2;0;0;0m⠆⠮⠃⢖⠆[38;2;0;0;0;48;2;138;71;172m⣀[38;2;138;71;172;48;2;0;0;0m⠃[38;2;0;0;0;48;2;138;71;172m⠉[38;2;138;71;172;48;2;0;0;0m⠆[38;2;0;0;0;48;2;138;71;172m⣁[38;2;138;71;172;48;2;0;0;0m⠇⢖⡆[38;2;0;0;0;48;2;138;71;172m⣁[38;2;138;71;172;48;2;0;0;0m⠇⢖⡆[38;2;0;0;0;48;2;138;71;172m⣁[38;2;138;71;172;48;2;0;0;0m⠇⢖⡆[38;2;0;0;0;48;2;138;71;172m⣁[38;2;138;71;172;48;2;0;0;0m⠇⢖⡆⠮⠃⢖⠆[38;2;0;0;0;48;2;138;71;172m⣀[38;2;138;71;172;48;2;0;0;0m⠃[38;2;0;0;0;48;2;138;71;172m⠉[38;2;138;71;172;48;2;0;0;0m⠆[38;2;0;0;0;48;2;138;71;172m⣁[38;2;138;71;172;48;2;0;0;0m⠇⢖⡆[38;2;2;0;13;48;2;138;71;172m⣀[38;2;138;71;172;48;2;0;0;0m⠃[38;2;0;0;0;48;2;138;71;172m⠉[38;2;138;71;172;48;2;0;0;0m⠆[38;2;0;0;0;48;2;138;71;172m⣁[38;2;138;71;172;48;2;0;0;0m⠇[0m
[38;2;66;47;159;48;2;0;0;0m⠂⡁⠠⠁⠂⡁[38;2;124;111;216m⠐[38;2;69;71;69m⠂[38;2;0;0;0;48;2;124;111;216m⢄[38;2;124;111;216;48;2;0;0;0m⠜[38;2;138;71;172m⠘[38;2;0;0;0;48;2;138;71;172m⣢[38;2;138;71;172;48;2;0;0;0m⠰⣢[38;2;0;0;0m⠀⠀⠀⠀⠀⠀⠀⠀⠀⠀⠀⠀⠀⠀[48;2;102;168;63m⡰[38;2;102;168;63;48;2;207;219;107m⢋[38;2;0;0;0;48;2;188;117;108m⡀[38;2;0;66;79m⠘[38;2;0;0;0m⣨[48;2;0;0;0m⠀⠀[38;2;0;8;17m⠁[38;2;0;0;0m⠀⠀⠀[38;2;0;2;5m⠐⠁[38;2;0;0;0m⠀⠀[38;2;254;254;254m⢸⢠⠨⢘⢰[38;2;15;16;13m⠠[38;2;0;0;0m⠀⠀⠀⠀[38;2;0;64;83m⠐[38;2;102;168;63m⢄⢀⢠⠂⠳[38;2;0;0;0;48;2;102;168;63m⡒⠬[38;2;102;168;63;48;2;0;0;0m⠤[38;2;207;219;107m⢀[38;2;0;0;0;48;2;207;219;107m⢕⠄⠈⠂[38;2;207;219;107m⠀[38;2;0;0;0m⡨[38;2;207;219;107;48;2;0;0;0m⡁[38;2;171;233;130m⠒⠭⠖⠋[38;2;0;0;0m⠀⠀⠀⠀[38;2;102;168;63m⠰⢠⢂⠄[38;2;171;233;130m⢄⢱⢡⢂[38;2;138;71;172m⠰[38;2;0;0;0;48;2;138;71;172m⡈⠱[38;2;138;71;172;48;2;0;0;0m⠆[38;2;102;168;63m⠄⠇⡀⡄[38;2;138;71;172m⠰⠆⢠[38;2;0;0;0;48;2;138;71;172m⠉[38;2;138;71;172;48;2;0;0;0m⠘[38;2;0;0;0;48;2;138;71;172m⣂[38;2;138;71;172;48;2;0;0;0m⢰[38;2;0;0;0;48;2;138;71;172m⢉[38;2;138;71;172;48;2;0;0;0m⠘[38;2;0;0;0;48;2;138;71;172m⣂[38;2;138;71;172;48;2;0;0;0m⢰[38;2;0;0;0;48;2;138;71;172m⢉[38;2;138;71;172;48;2;0;0;0m⠸[38;2;0;0;0;48;2;138;71;172m⣈[38;2;138;71;172;48;2;0;0;0m⢰[38;2;0;0;0;48;2;138;71;172m⢉[38;2;138;71;172;48;2;0;0;0m⠘[38;2;0;0;0;48;2;138;71;172m⣢[38;2;138;71;172;48;2;0;0;0m⠰⣢⠸[38;2;0;0;0;48;2;138;71;172m⣈[38;2;138;71;172;48;2;0;0;0m⢰[38;2;0;0;0;48;2;138;71;172m⢉[38;2;138;71;172;48;2;0;0;0m⠘[38;2;0;0;0;48;2;138;71;172m⣂[38;2;138;71;172;48;2;0;0;0m⢰[38;2;0;0;0;48;2;138;71;172m⢉[38;2;138;71;172;48;2;0;0;0m⠘[38;2;0;0;0;48;2;138;71;172m⣂[38;2;138;71;172;48;2;0;0;0m⢰[38;2;0;0;0;48;2;138;71;172m⢉[38;2;138;71;172;48;2;0;0;0m⠘[38;2;0;0;0;48;2;138;71;172m⣂[38;2;138;71;172;48;2;0;0;0m⢰[38;2;0;0;0;48;2;138;71;172m⢉[38;2;138;71;172;48;2;0;0;0m⠘[38;2;0;0;0;48;2;138;71;172m⣂[38;2;138;71;172;48;2;0;0;0m⢰[38;2;0;0;0;48;2;138;71;172m⢉[38;2;138;71;172;48;2;0;0;0m⠘[38;2;0;0;0;48;2;138;71;172m⣢[38;2;138;71;172;48;2;0;0;0m⠰⣢⠸[38;2;0;0;0;48;2;138;71;172m⣈[38;2;138;71;172;48;2;0;0;0m⢰[38;2;0;0;0;48;2;138;71;172m⢉[38;2;138;71;172;48;2;0;0;0m⠘[38;2;0;0;0;48;2;138;71;172m⣂[38;2;138;71;172;48;2;0;0;0m⢰[38;2;0;0;0;48;2;138;71;172m⢉[38;2;138;71;172;48;2;0;0;0m⠸[38;2;0;0;0;48;2;138;71;172m⣈[38;2;138;71;172;48;2;0;0;0m⢰[38;2;0;0;0;48;2;138;71;172m⢉[38;2;138;71;172;48;2;0;0;0m⠘[38;2;0;0;0;48;2;138;71;172m⣂[0m
[38;2;0;0;0;48;2;0;0;0m⠀[38;2;66;47;159m⡀⠐[38;2;0;0;0m⠀[38;2;66;47;159m⠄⠠⡀⠂[38;2;0;0;0;48;2;66;47;159m⡑⢎[38;2;49;47;50;48;2;138;71;172m⣀[38;2;138;71;172;48;2;0;0;0m⠃[38;2;0;0;0;48;2;138;71;172m⠉[38;2;138;71;172;48;2;0;0;0m⠆[38;2;102;168;63m⡦⣄[38;2;39;69;88m⠠[38;2;0;0;0m⠀⠀⠀[38;2;102;168;63m⡰[38;2;0;0;0;48;2;102;168;63m⠨[48;2;171;233;130m⡂[38;2;171;233;130;48;2;0;0;0m⢆[38;2;27;29;26m⠂[38;2;0;0;0m⠀⠀[38;2;171;233;130m⢀[38;2;207;219;107m⡈[38;2;0;0;0;48;2;102;168;63m⢡[38;2;207;219;107m⣰[38;2;0;0;0m⠈[48;2;171;233;130m⠋⡅[48;2;0;0;0m⠀⠀⠀⠀⠀⠀[38;2;0;7;10m⠐[38;2;0;0;0m⠀⠀[38;2;119;190;198m⠐⢘⢰⢠⠨[38;2;0;0;0m⠀⠀⠀⠀⠀⠀[38;2;138;71;172m⠘⡃[38;2;0;0;0;48;2;138;71;172m⠩[38;2;138;71;172;48;2;0;0;0m⡄[38;2;0;0;0;48;2;138;71;172m⣀[38;2;138;71;172;48;2;0;0;0m⠃[38;2;0;0;0;48;2;138;71;172m⠉[38;2;138;71;172;48;2;0;0;0m⠆[38;2;0;0;0;48;2;138;71;172m⣁[38;2;138;71;172;48;2;0;0;0m⠇⢖⡆[38;2;0;0;0;48;2;138;71;172m⣀[38;2;138;71;172;48;2;0;0;0m⠃[38;2;0;0;0;48;2;138;71;172m⠉[38;2;138;71;172;48;2;0;0;0m⠆⠮⠃⢖⠆[38;2;0;0;0;48;2;138;71;172m⣀[38;2;138;71;172;48;2;0;0;0m⠃[38;2;0;0;0;48;2;138;71;172m⠉[38;2;138;71;172;48;2;0;0;0m⠆[38;2;0;0;0;48;2;138;71;172m⣁[38;2;138;71;172;48;2;0;0;0m⠇⢖⡆[38;2;0;0;0;48;2;138;71;172m⣀[38;2;138;71;172;48;2;0;0;0m⠃[38;2;0;0;0;48;2;138;71;172m⠉[38;2;138;71;172;48;2;0;0;0m⠆[38;2;0;0;0;48;2;138;71;172m⣁[38;2;138;71;172;48;2;0;0;0m⠇⢖⡆[38;2;0;0;0;48;2;138;71;172m⣀[38;2;138;71;172;48;2;0;0;0m⠃[38;2;0;0;0;48;2;138;71;172m⠉[38;2;138;71;172;48;2;0;0;0m⠆[38;2;0;0;0;48;2;138;71;172m⣁[38;2;138;71;172;48;2;0;0;0m⠇⠰⠆[38;2;0;0;0;48;2;124;111;216m⡁⢎[38;2;124;111;216;48;2;0;0;0m⢀⡂[38;2;66;47;159m⡀⠂[38;2;0;0;0;48;2;66;47;159m⡑⠎[48;2;124;111;216m⡁⢎[38;2;124;111;216;48;2;0;0;0m⢀⡂[38;2;66;47;159m⡀⠂[38;2;0;0;0;48;2;66;47;159m⡑⢎[48;2;124;111;216m⡁⢎[38;2;124;111;216;48;2;0;0;0m⢀⡂[38;2;66;47;159m⡀⠂[38;2;0;0;0;48;2;66;47;159m⡑⢎[48;2;124;111;216m⡁⢎[38;2;124;111;216;48;2;0;0;0m⢀⡂[38;2;66;47;159m⡀⠂[38;2;0;0;0;48;2;66;47;159m⡑⢎[48;2;124;111;216m⡁⢎[38;2;124;111;216;48;2;0;0;0m⢀⡂[38;2;66;47;159m⡀⠂[38;2;0;0;0;48;2;66;47;159m⡑⢎[48;2;124;111;216m⡁⢎[38;2;124;111;216;48;2;0;0;0m⢀⡂[38;2;66;47;159m⡀⠂[38;2;0;0;0;48;2;66;47;159m⡑⢎[48;2;124;111;216m⡁⢎[38;2;124;111;216;48;2;0;0;0m⢀⡂[38;2;66;47;159m⡀⠂[0m
[38;2;0;0;0;48;2;0;0;0m⠀⠀[38;2;66;47;159m⠠⠁⠂⡁⠰[38;2;0;0;0;48;2;66;47;159m⠲[38;2;66;47;159;48;2;0;0;0m⠆⡐[38;2;138;71;172m⠸[38;2;0;0;0;48;2;138;71;172m⣈[38;2;138;71;172;48;2;0;0;0m⢰[38;2;0;0;0;48;2;138;71;172m⢉[38;2;102;168;63;48;2;0;0;0m⠳[38;2;0;0;0;48;2;102;168;63m⡒⠬[38;2;102;168;63;48;2;0;0;0m⠤⢒⢄⡣[38;2;0;0;0;48;2;102;168;63m⡨[48;2;171;233;130m⢂⡣[38;2;171;233;130;48;2;0;0;0m⡠⡒[38;2;0;0;0;48;2;171;233;130m⢍[38;2;171;233;130;48;2;0;0;0m⡡⠬[38;2;102;168;63m⠓[38;2;188;117;108;48;2;102;168;63m⠶[38;2;0;0;0m⢒[38;2;171;233;130;48;2;0;0;0m⠖⠋[38;2;0;0;0m⠀⠀⠀⠀⠀⠀⠀⠀⠀[38;2;119;190;198m⢸⢠⠨⢘⢰[38;2;0;0;0m⠀⠀[38;2;0;2;5m⠈[38;2;0;0;0m⠀⠀⠀⠀⠀[38;2;138;71;172m⠂⠶⠸[38;2;0;0;0;48;2;138;71;172m⣈[38;2;138;71;172;48;2;0;0;0m⢰[38;2;0;0;0;48;2;138;71;172m⢉[38;2;138;71;172;48;2;0;0;0m⠘[38;2;0;0;0;48;2;138;71;172m⣂[38;2;138;71;172;48;2;0;0;0m⢰[38;2;0;0;0;48;2;138;71;172m⢉[38;2;138;71;172;48;2;0;0;0m⠸[38;2;0;0;0;48;2;138;71;172m⣈[38;2;138;71;172;48;2;0;0;0m⢰[38;2;0;0;0;48;2;138;71;172m⢉[38;2;138;71;172;48;2;0;0;0m⠘[38;2;0;0;0;48;2;138;71;172m⣢[38;2;138;71;172;48;2;0;0;0m⠰⣢⠸[38;2;0;0;0;48;2;138;71;172m⣈[38;2;138;71;172;48;2;0;0;0m⢰[38;2;0;0;0;48;2;138;71;172m⢉[38;2;138;71;172;48;2;0;0;0m⠘[38;2;0;0;0;48;2;138;71;172m⣂[38;2;138;71;172;48;2;0;0;0m⢰[38;2;0;0;0;48;2;138;71;172m⢉[38;2;138;71;172;48;2;0;0;0m⠸[38;2;0;0;0;48;2;138;71;172m⣈[38;2;138;71;172;48;2;0;0;0m⢰[38;2;0;0;0;48;2;138;71;172m⢉[38;2;138;71;172;48;2;0;0;0m⠘[38;2;0;0;0;48;2;138;71;172m⣂[38;2;138;71;172;48;2;0;0;0m⢰[38;2;0;0;0;48;2;138;71;172m⢉[38;2;138;71;172;48;2;0;0;0m⠸[38;2;0;0;0;48;2;138;71;172m⣈[38;2;138;71;172;48;2;0;0;0m⢰[38;2;0;0;0;48;2;138;71;172m⢉[38;2;138;71;172;48;2;0;0;0m⠰⠆⠁[38;2;0;0;0m⠀[38;2;124;111;216m⠐[38;2;0;0;0m⠀[48;2;124;111;216m⢄[38;2;124;111;216;48;2;0;0;0m⠜[38;2;66;47;159m⠰[38;2;0;0;0;48;2;66;47;159m⠲[38;2;66;47;159;48;2;0;0;0m⠆⡐[38;2;124;111;216m⠐[38;2;0;0;0m⠀[48;2;124;111;216m⢄[38;2;124;111;216;48;2;0;0;0m⠜[38;2;66;47;159m⠰[38;2;0;0;0;48;2;66;47;159m⠢[38;2;66;47;159;48;2;0;0;0m⠆⡐[38;2;124;111;216m⠐[38;2;0;0;0m⠀[48;2;124;111;216m⢄[38;2;124;111;216;48;2;0;0;0m⠜[38;2;66;47;159m⠰[38;2;0;0;0;48;2;66;47;159m⠲[38;2;66;47;159;48;2;0;0;0m⠆⡐[38;2;124;111;216m⠐[38;2;0;0;0m⠀[48;2;124;111;216m⢄[38;2;124;111;216;48;2;0;0;0m⠜[38;2;66;47;159m⠰[38;2;0;0;0;48;2;66;47;159m⠲[38;2;66;47;159;48;2;0;0;0m⠆⡐[38;2;124;111;216m⠐[38;2;0;0;0m⠀[48;2;124;111;216m⢄[38;2;124;111;216;48;2;0;0;0m⠜[38;2;66;47;159m⠰[38;2;0;0;0;48;2;66;47;159m⠲[38;2;66;47;159;48;2;0;0;0m⠆⡐[38;2;124;111;216m⠐[38;2;0;0;0m⠀[48;2;124;111;216m⢄[38;2;124;111;216;48;2;0;0;0m⠜[38;2;66;47;159m⠰[38;2;0;0;0;48;2;66;47;159m⠲[38;2;66;47;159;48;2;0;0;0m⠆⡐[38;2;124;111;216m⠐[38;2;0;0;0m⠀[48;2;124;111;216m⢄[38;2;124;111;216;48;2;0;0;0m⠜[38;2;66;47;159m⠰[38;2;0;0;0;48;2;66;47;159m⠲[0m
[38;2;0;0;0;48;2;0;0;0m⠀[38;2;66;47;159m⡀⠐[38;2;0;0;0m⠀[38;2;66;47;159m⠄⠠[38;2;0;0;0;48;2;124;111;216m⡁⢎[38;2;124;111;216;48;2;0;0;0m⢀⡂[38;2;138;71;172m⠘⡃[38;2;0;0;0;48;2;138;71;172m⠩[38;2;138;71;172;48;2;0;0;0m⡄⠶⠠[38;2;3;0;5m⠂[38;2;2;5;1m⡀[38;2;102;168;63m⠔⠦⠱[38;2;0;0;0;48;2;102;168;63m⢊[48;2;171;233;130m⠑[38;2;171;233;130;48;2;0;0;0m⠎⠴⠢[38;2;0;0;0m⠀[38;2;8;16;22m⠠[38;2;0;0;0;48;2;138;71;172m⠉[38;2;138;71;172;48;2;0;0;0m⡆[38;2;0;0;0;48;2;138;71;172m⣁[38;2;138;71;172;48;2;0;0;0m⠇⢖⡆[38;2;0;0;0;48;2;138;71;172m⣁[38;2;138;71;172;48;2;0;0;0m⠇⠰⠆[38;2;0;0;0m⠀⠀⠀⠀⠀[38;2;119;190;198m⠐⢘⢰⢠⠨[38;2;0;0;0m⠀⠀⠀⠀⠀⠀⠀⠀⠀⠀⠀[38;2;66;47;159m⠂[38;2;0;0;0m⠀[38;2;66;47;159m⡀[38;2;0;0;0;48;2;124;111;216m⡁⢎[38;2;124;111;216;48;2;0;0;0m⢀⡂[38;2;66;47;159m⡀⠂[38;2;0;0;0;48;2;66;47;159m⡑⢎[48;2;124;111;216m⡁⢎[38;2;124;111;216;48;2;0;0;0m⢀⡂[38;2;66;47;159m⡀⠂[38;2;0;0;0;48;2;66;47;159m⡑⢎[48;2;124;111;216m⡁⢎[38;2;124;111;216;48;2;0;0;0m⢀⡂[38;2;66;47;159m⡀⠂[38;2;0;0;0;48;2;66;47;159m⡑⢎[48;2;124;111;216m⡁⢎[38;2;124;111;216;48;2;0;0;0m⢀⡂[38;2;66;47;159m⡀⠂[38;2;0;0;0;48;2;66;47;159m⡑⢎[48;2;124;111;216m⡁⢎[38;2;124;111;216;48;2;0;0;0m⢀⡂[38;2;66;47;159m⠐[38;2;0;0;0m⠀[38;2;66;47;159m⠄⠠⠐[38;2;0;0;0m⠀[38;2;66;47;159m⠄⠠⠐[38;2;0;0;0m⠀[38;2;66;47;159m⠄⠠⠐[38;2;0;0;0m⠀[38;2;66;47;159m⠄⠠⠐[38;2;0;0;0m⠀[38;2;66;47;159m⠄⠠⠐[38;2;0;0;0m⠀[38;2;66;47;159m⠄⠠⠐[38;2;0;0;0m⠀[38;2;66;47;159m⠄⠠⠐[38;2;0;0;0m⠀[38;2;66;47;159m⠄⠠⠐[38;2;0;0;0m⠀[38;2;66;47;159m⠄⠠⠐[38;2;0;0;0m⠀[38;2;66;47;159m⠄⠠⠐[38;2;3;0;5m⠂[38;2;66;47;159m⠄⠠⠐[38;2;0;0;0m⠀[38;2;66;47;159m⠄⠠⠐[38;2;0;0;0m⠀[38;2;66;47;159m⠄⠠⠐[38;2;0;0;0m⠀[0m
[38;2;0;0;0;48;2;0;0;0m⠀⠀[38;2;66;47;159m⠠⠁⠂⡁[38;2;124;111;216m⠐[38;2;0;0;0m⠀[48;2;124;111;216m⢄[38;2;124;111;216;48;2;0;0;0m⠜[38;2;3;0;5m⢀[38;2;0;0;0m⠀[38;2;138;71;172m⠂⠶⠸⠵⢨⡄[38;2;0;0;0m⠀[38;2;23;20;32m⠂[38;2;102;168;63m⠑⠺[38;2;0;0;0;48;2;171;233;130m⢑[38;2;171;233;130;48;2;0;0;0m⠔[38;2;0;0;0m⠀⠀[38;2;138;71;172m⠰⠆⢠[38;2;0;0;0;48;2;138;71;172m⠉[38;2;138;71;172;48;2;0;0;0m⠘[38;2;0;0;0;48;2;138;71;172m⣂[38;2;138;71;172;48;2;0;0;0m⢰[38;2;0;0;0;48;2;138;71;172m⢉[38;2;138;71;172;48;2;0;0;0m⠰⠆⠁[38;2;0;0;0m⠀⠀⠀⠀[38;2;119;190;198m⡀[38;2;0;0;0m⠀[38;2;119;190;198m⢸⢠⠨⢘⢰[38;2;0;0;0m⠀⠀⠀⠀⠀⠀⠀⠀⠀⠀⠀[38;2;66;47;159m⠐[38;2;0;2;5m⠁[38;2;0;0;0m⠀[38;2;124;111;216m⠐[38;2;0;0;0m⠀[48;2;124;111;216m⢄[38;2;124;111;216;48;2;0;0;0m⠜[38;2;66;47;159m⠰[38;2;0;0;0;48;2;66;47;159m⠲[38;2;66;47;159;48;2;0;0;0m⠆⡐[38;2;124;111;216m⠐[38;2;0;0;0m⠀[48;2;124;111;216m⢄[38;2;124;111;216;48;2;0;0;0m⠜[38;2;66;47;159m⠰[38;2;0;0;0;48;2;66;47;159m⠲[38;2;66;47;159;48;2;0;0;0m⠆⡐[38;2;124;111;216m⠐[38;2;0;0;0m⠀[48;2;124;111;216m⢄[38;2;124;111;216;48;2;0;0;0m⠜[38;2;66;47;159m⠰[38;2;0;0;0;48;2;66;47;159m⠲[38;2;66;47;159;48;2;0;0;0m⠆⡐[38;2;124;111;216m⠐[38;2;0;0;0m⠀[48;2;124;111;216m⢄[38;2;124;111;216;48;2;0;0;0m⠜[38;2;66;47;159m⠰[38;2;0;0;0;48;2;66;47;159m⠲[38;2;66;47;159;48;2;0;0;0m⠆⡐[38;2;124;111;216m⠐[38;2;0;0;0m⠀[48;2;124;111;216m⢄[38;2;124;111;216;48;2;0;0;0m⠜[38;2;66;47;159m⠠⠁⠂⡁⠠⠁⠂⡁⠠⠁⠂⡁⠠⠁⠂⡁⠠⠁⠂⡁⠠⠁⠂⡁⠠⠁⠂⡁⠠⠁⠂⡁⠠⠁⠂⡁⠠⠁⠂⡁⠠⠁⠂⡁⠠⠁⠂⡁⠠⠁⠂⡁⠠⠁[0m
[38;2;0;0;0;48;2;0;0;0m⠀[38;2;66;47;159m⡀⠐[38;2;0;0;0m⠀[38;2;66;47;159m⠄⠠⠐[38;2;0;0;0m⠀[38;2;66;47;159m⠄⠠[38;2;0;0;0;48;2;124;111;216m⡁⢎[38;2;124;111;216;48;2;0;0;0m⢀⡂[38;2;138;71;172m⠮⠃⢖⠆[38;2;0;0;0m⠀[38;2;92;71;0m⣀⠘[38;2;0;0;0;48;2;92;71;0m⠈[48;2;143;95;38m⢁[38;2;143;95;38;48;2;0;0;0m⠁⣀[38;2;0;0;0m⠀[38;2;138;71;172m⠮⠃⢖⠆[38;2;49;37;48m⠠[38;2;0;0;0m⠀⠀[38;2;0;2;5m⠠[38;2;0;0;0m⠀⠀⠀⠀⠀[38;2;0;2;5m⡀[38;2;2;5;1m⢀[38;2;0;0;0;48;2;119;190;198m⢸[48;2;0;0;0m⠀[38;2;254;254;254m⠐⢘⢸⢠[38;2;0;0;0;48;2;254;254;254m⢖[48;2;0;0;0m⠀[38;2;119;190;198m⢀[38;2;0;0;0m⠀[38;2;0;2;5m⠄[38;2;0;0;0m⠀⠀⠀⠀[38;2;124;111;216m⡆[38;2;0;0;0m⠀⠀⠀⠀⠀[38;2;6;10;6m⠠[38;2;66;47;159m⠂[38;2;0;0;0m⠀[38;2;66;47;159m⡀⠐[38;2;8;4;10m⠐[38;2;66;47;159m⠄⠠⠐[38;2;0;0;0m⠀[38;2;66;47;159m⠄⠠⠐[38;2;0;0;0m⠀[38;2;66;47;159m⠄⠠⠐[38;2;15;16;13m⢀[38;2;66;47;159m⠄⠠⠐[38;2;2;5;1m⠂[38;2;66;47;159m⠄⠠⠐[38;2;0;0;0m⠀[38;2;66;47;159m⠄⠠⠐[38;2;0;0;0m⠀[38;2;66;47;159m⠄⠠⠐[38;2;0;0;0m⠀[38;2;66;47;159m⠄⠠[38;2;0;0;0m⠀[38;2;66;47;159m⠂[38;2;0;0;0m⠀[38;2;66;47;159m⡀[38;2;0;0;0m⠀[38;2;66;47;159m⠂[38;2;8;4;10m⠐[38;2;66;47;159m⡀[38;2;0;0;0m⠀[38;2;66;47;159m⠂[38;2;0;0;0m⠀[38;2;66;47;159m⡀[38;2;0;0;0m⠀[38;2;66;47;159m⠂[38;2;0;0;0m⠀[38;2;66;47;159m⡀[38;2;0;0;0m⠀[38;2;66;47;159m⠂[38;2;0;0;0m⠀[38;2;66;47;159m⡀[38;2;0;0;0m⠀[38;2;66;47;159m⠂[38;2;0;0;0m⠀[38;2;66;47;159m⡀[38;2;0;0;0m⠀[38;2;66;47;159m⠂[38;2;0;0;0m⠀[38;2;66;47;159m⡀[38;2;0;0;0m⠀[38;2;66;47;159m⠂[38;2;0;0;0m⠀[38;2;66;47;159m⡀[38;2;0;0;0m⠀[38;2;66;47;159m⠂[38;2;0;0;0m⠀[38;2;66;47;159m⡀[38;2;21;9;26m⠠[38;2;66;47;159m⠂[38;2;0;2;5m⠂[38;2;66;47;159m⡀[38;2;0;0;0m⠀[38;2;66;47;159m⠂[38;2;2;5;1m⠂[38;2;66;47;159m⡀[38;2;9;14;17m⣀[38;2;66;47;159m⠂[38;2;0;2;5m⠁[38;2;66;47;159m⡀[38;2;0;0;0m⠀[38;2;66;47;159m⠂[38;2;0;0;0m⠀[38;2;66;47;159m⡀[38;2;0;0;0m⠀[38;2;66;47;159m⠂[0m
[38;2;0;0;0;48;2;0;0;0m⠀⠀[38;2;66;47;159m⠠⠁⠂⡁⠠⠁⠂⡁[38;2;124;111;216m⠐[38;2;0;0;0m⠀[48;2;124;111;216m⢄[38;2;124;111;216;48;2;0;0;0m⠜[38;2;138;71;172m⠘[38;2;0;0;0;48;2;138;71;172m⣢[38;2;138;71;172;48;2;0;0;0m⠰⣢[38;2;0;0;0;48;2;92;71;0m⣡[38;2;92;71;0;48;2;0;0;0m⠒⠑[38;2;0;0;0;48;2;92;71;0m⡀[48;2;143;95;38m⢀[38;2;143;95;38;48;2;0;0;0m⠪⠒⠵[38;2;138;71;172m⠘[38;2;0;0;0;48;2;138;71;172m⣢[38;2;138;71;172;48;2;0;0;0m⠰⣢[38;2;0;0;0m⠀⠀⠀⠀⠀[38;2;3;26;34m⢀[38;2;0;0;0m⠀[38;2;3;0;5m⠁[38;2;0;0;0m⠀⠀⠀[38;2;119;190;198m⡅[38;2;0;0;0m⠀[38;2;254;254;254m⢸⢠⠸⢘[38;2;0;0;0;48;2;254;254;254m⡉[38;2;119;190;198;48;2;0;0;0m⢠[38;2;0;0;0m⠀⠀⠀⠀⠀⠀[38;2;124;111;216m⢸[38;2;0;0;0;48;2;124;111;216m⠎[48;2;0;0;0m⠀⠀⠀⠀⠀⠀[38;2;66;47;159m⠐[38;2;0;0;0m⠀⠀[38;2;66;47;159m⠠⠁⠂⡁⠠⠁⠂⡁⠠⠁⠂⡁⠠⠁⠂⡁⠠⠁⠂⡁⠠⠁⠂⡁⠠⠁⠂⡁⠠⠁⠂⡁[38;2;0;0;0m⠀[38;2;66;47;159m⠐[38;2;0;0;0m⠀⠀⠀[38;2;66;47;159m⠐[38;2;0;0;0m⠀[38;2;3;0;5m⠄[38;2;0;0;0m⠀[38;2;66;47;159m⠐[38;2;0;0;0m⠀⠀⠀[38;2;66;47;159m⠐[38;2;0;0;0m⠀⠀⠀[38;2;66;47;159m⠐[38;2;0;0;0m⠀⠀⠀[38;2;66;47;159m⠐[38;2;0;0;0m⠀[38;2;0;15;29m⠐[38;2;0;0;0m⠀[38;2;66;47;159m⠐[38;2;2;5;1m⢀[38;2;0;0;0m⠀[38;2;29;26;31m⠁[38;2;66;47;159m⠐[38;2;0;0;0m⠀⠀⠀[38;2;66;47;159m⠐[38;2;0;0;0m⠀[38;2;3;0;5m⠄[38;2;0;0;0m⠀[38;2;66;47;159m⠐[38;2;0;0;0m⠀⠀⠀[38;2;66;47;159m⠐[38;2;0;0;0m⠀⠀⠀[38;2;66;47;159m⠐[38;2;8;16;22m⠂[38;2;0;0;0m⠀⠀[38;2;66;47;159m⠐[38;2;0;0;0m⠀⠀⠀[38;2;66;47;159m⠐[0m
[38;2;0;0;0;48;2;0;0;0m⠀[38;2;66;47;159m⡀⠐[38;2;0;0;0m⠀[38;2;66;47;159m⠄⠠[38;2;0;0;0;48;2;124;111;216m⡁⢎[38;2;124;111;216;48;2;0;0;0m⢀⡂[38;2;66;47;159m⡀⠂[38;2;0;0;0;48;2;66;47;159m⡑⢎[48;2;138;71;172m⣁[38;2;138;71;172;48;2;0;0;0m⠇⢖⡆[38;2;0;0;0m⠀[38;2;92;71;0m⠐⠄[38;2;0;0;0;48;2;92;71;0m⠈[48;2;143;95;38m⠡[48;2;0;0;0m⠀[38;2;143;95;38m⠐⠄[38;2;0;0;0;48;2;138;71;172m⣁[38;2;138;71;172;48;2;0;0;0m⠇⢖⡆[38;2;119;190;198m⣀⣠⣤⣤⣤⣤[38;2;0;0;0;48;2;119;190;198m⠩[38;2;119;190;198;48;2;0;0;0m⣀⣀⣀[38;2;0;0;0m⠀[38;2;119;190;198m⠄[38;2;0;0;0m⠀⠀[38;2;5;0;0m⠈[38;2;0;0;0m⠀⠀[38;2;119;190;198m⠆⢠⠈[38;2;0;0;0m⠀⠀⠀[38;2;0;2;5m⢀[38;2;138;71;172m⢀[38;2;0;0;0;48;2;138;71;172m⠠⢁[38;2;138;71;172;48;2;0;0;0m⡀[38;2;0;0;0m⠀⠀[38;2;119;190;198m⣀⣀⣀⣠⣤⣤⣤⣤[38;2;0;0;0;48;2;119;190;198m⠩[38;2;119;190;198;48;2;0;0;0m⣀⣀⣀[38;2;0;0;0m⠀[38;2;0;2;5m⠠[38;2;0;0;0m⠀⠀⠀⠀⠀⠀⠀⠀⠀⠀⠀⠀[38;2;23;20;26m⠄[38;2;0;0;0m⠀⠀⠀[38;2;2;0;13m⠄[38;2;0;0;0m⠀[38;2;119;190;198m⣀⣀⣀⣠⣤⣤⣤⣤[38;2;0;0;0;48;2;119;190;198m⠩[38;2;119;190;198;48;2;0;0;0m⣀⣀⣀[38;2;0;0;0m⠀[38;2;2;5;1m⠐[38;2;0;0;0m⠀⠀⠀⠀⠀⠀⠀⠀⠀⠀⠀⠀⠀⠀[38;2;3;0;5m⠁[38;2;0;0;0m⠀⠀⠀[38;2;119;190;198m⣀⣀⣀⣠⣤⣤⣤⣤[38;2;0;0;0;48;2;119;190;198m⠩[38;2;119;190;198;48;2;0;0;0m⣀⣀⣀[38;2;0;0;0m⠀⠀⠀⠀⠀⠀⠀⠀⠀⠀⠀[38;2;0;17;22m⠐[38;2;0;0;0m⠀⠀[38;2;2;5;1m⠐[38;2;0;0;0m⠀[0m
[38;2;0;0;0;48;2;0;0;0m⠀[38;2;2;5;1m⡀[38;2;66;47;159m⠠⠁⠂⡁[38;2;124;111;216m⠐[38;2;0;0;0m⠀[48;2;124;111;216m⢄[38;2;124;111;216;48;2;0;0;0m⠜[38;2;66;47;159m⠰[38;2;0;0;0;48;2;66;47;159m⠲[38;2;66;47;159;48;2;0;0;0m⠆⡐[38;2;138;71;172m⠘[38;2;0;0;0;48;2;138;71;172m⣂[38;2;138;71;172;48;2;0;0;0m⢰[38;2;0;0;0;48;2;138;71;172m⢉[38;2;92;71;0;48;2;0;0;0m⠑[38;2;0;0;0m⠀⠀[48;2;92;71;0m⡡[48;2;143;95;38m⢀[48;2;0;0;0m⠀[38;2;143;95;38m⠢[38;2;0;0;0m⠀[38;2;138;71;172m⠘[38;2;0;0;0;48;2;138;71;172m⣂[38;2;138;71;172;48;2;0;0;0m⢰[38;2;0;0;0;48;2;138;71;172m⢉[38;2;119;190;198;48;2;119;190;198m⠀⠀⠀⠀⠀⠀⠀⠀⠀⠀⠀⠀⠀⠀[38;2;0;0;0m⠉⠉⠉⠘[38;2;119;190;198;48;2;0;0;0m⣤⣤⣤⣤[38;2;0;0;0;48;2;119;190;198m⠋⠉[38;2;138;71;172;48;2;0;0;0m⠴[38;2;0;0;0;48;2;138;71;172m⡜⠨[38;2;138;71;172;48;2;0;0;0m⢅[38;2;119;190;198;48;2;119;190;198m⠀⠀⠀⠀⠀⠀⠀⠀⠀⠀⠀⠀⠀⠀⠀⠀⠀⠀[38;2;0;0;0m⠉[38;2;0;2;5m⠉[38;2;0;0;0m⠉⠙[38;2;119;190;198;48;2;0;0;0m⣤⣤⣤⣤[38;2;0;0;0;48;2;119;190;198m⠋⠉⠉⠉[38;2;119;190;198m⠀⠀⠀⠀⠀⠀⠀⠀⠀⠀⠀⠀⠀⠀⠀⠀⠀⠀⠀⠀[38;2;0;0;0m⠉⠉⠉⠙[38;2;119;190;198;48;2;0;0;0m⣤⣤⣤⣤[38;2;0;0;0;48;2;119;190;198m⠋⠉⠉⠉[38;2;119;190;198m⠀⠀⠀⠀⠀⠀⠀⠀⠀⠀⠀⠀⠀⠀⠀⠀⠀⠀⠀⠀[38;2;0;0;0m⠉⠉⠉⠙[38;2;119;190;198;48;2;0;0;0m⣤⣤⣤⣤[38;2;0;0;0;48;2;119;190;198m⠋⠉⠉⠉[0m
[38;2;66;47;159;48;2;0;0;0m⠄⠠[38;2;0;0;0;48;2;124;111;216m⡁⢎[38;2;124;111;216;48;2;0;0;0m⢀⡂[38;2;0;0;0m⠀⠀[48;2;138;71;172m⠋[38;2;138;71;172;48;2;0;0;0m⡆[38;2;0;0;0;48;2;138;71;172m⣀[38;2;138;71;172;48;2;0;0;0m⠃[38;2;0;0;0;48;2;138;71;172m⠉[38;2;138;71;172;48;2;0;0;0m⠆⠮⠇⠰⠆[38;2;0;0;0m⠀[38;2;92;71;0m⠐⠄[38;2;0;0;0;48;2;92;71;0m⠈[48;2;143;95;38m⠡[48;2;0;0;0m⠀[38;2;143;95;38m⠐⠄[38;2;138;71;172m⠘⡃[38;2;0;0;0;48;2;138;71;172m⠩[38;2;138;71;172;48;2;0;0;0m⡄[38;2;0;0;0;48;2;119;190;198m⣆[38;2;119;190;198m⠀⠀⠀⠀[38;2;0;0;0m⡠⡀[38;2;119;190;198m⠀⠀⠀⠀⠀⠀[38;2;0;0;0m⡠⢄[38;2;119;190;198m⠀⠀⠀⠀⠀⠀⠀⠀⠀[38;2;138;71;172;48;2;0;0;0m⠮⠃⢖⠆[38;2;0;0;0;48;2;119;190;198m⣆[38;2;119;190;198m⠀⠀⠀⠀⠀⠀⠀⠀⠀⠀⠀⠀⠀[38;2;0;0;0m⠂[38;2;119;190;198m⠀⠀⠀⠀⠀⠀[38;2;0;0;0m⡠⡀[38;2;119;190;198m⠀⠀⠀⠀⠀⠀⠀⠀⠀⠀⠀⠀⠀⠀⠀⠀⠀⠀⠀⠀⠀⠀⠀⠀⠀⠀⠀⠀⠀⠀⠀⠀⠀⠀⠀⠀⠀⠀⠀⠀⠀⠀[38;2;0;0;0m⡠⡀[38;2;119;190;198m⠀⠀⠀⠀⠀⠀⠀⠀⠀⠀⠀⠀⠀⠀⠀⠀⠀⠀⠀⠀⠀⠀⠀⠀⠀⠀⠀[0m
[38;2;0;2;5;48;2;0;0;0m⠂[38;2;0;0;0m⠀⠀⠀⠀⠀⠀⠀⠀⠀⠀⠀⠀⠀⠀⠀⠀⠀⠀⠀⠀⠀⠀⠀⠀⠀⠀⠀⠀⠀⠀⠀[38;2;0;2;5m⠂[38;2;0;0;0m⠀⠀⠀⠀⠀⠀⠀⠀⠀⠀⠀⠀⠀[38;2;3;0;5m⠐[38;2;0;0;0m⠀[38;2;0;2;5m⠠[38;2;0;0;0m⠀⠀⠀⠀[38;2;15;12;17m⠄[38;2;0;0;0m⠀⠀⠀⠀⠀⠀⠀[38;2;3;0;5m⠄[38;2;0;0;0m⠀⠀⠀⠀⠀⠀⠀⠀⠀⠀[38;2;2;5;1m⠂[38;2;0;0;0m⠀⠀⠀⠀⠀⠀⠀⠀⠀⠀[38;2;0;8;17m⠐[38;2;0;0;0m⠀[38;2;0;2;5m⠐[38;2;0;0;0m⠀[38;2;2;5;1m⠄[38;2;0;0;0m⠀⠀⠀[38;2;5;0;0m⠁[38;2;0;0;0m⠀[38;2;3;0;5m⠁[38;2;0;0;0m⠀⠀⠀⠀⠀[38;2;8;4;10m⠠[38;2;0;0;0m⠀⠀⠀⠀⠀⠀[38;2;0;2;5m⠄[38;2;0;0;0m⠀⠀[38;2;0;2;5m⡀[38;2;0;0;0m⠀⠀[38;2;0;2;5m⡀[38;2;0;0;0m⠀⠀⠀⠀⠀⠀⠀⠀⠀⠀⠀⠀⠀⠀⠀⠀⠀⠀[38;2;0;8;17m⢀[38;2;0;0;0m⠀⠀⠀⠀⠀⠀⠀⠀⠀⠀⠀⠀⠀⠀⠀⠀⠀⠀⠀⠀[0m
[38;2;0;0;0;48;2;0;0;0m⠀⠀⠀⠀⠀⠀⠀⠀⠀[38;2;2;5;1m⢀[38;2;0;0;0m⠀⠀[38;2;2;5;1m⢀[38;2;0;0;0m⠀⠀⠀⠀⠀⠀⠀⠀⠀[38;2;0;2;5m⢀[38;2;0;0;0m⠀⠀[38;2;0;2;5m⡀[38;2;0;0;0m⠀⠀⠀⠀⠀⠀⠀⠀⠀⠀⠀⠀⠀⠀⠀⠀⠀⠀⠀⠀⠀⠀[38;2;0;2;5m⠈[38;2;0;0;0m⠀[38;2;2;5;1m⠄[38;2;0;0;0m⠀⠀⠀⠀⠀⠀⠀[38;2;0;2;5m⠄[38;2;0;0;0m⠀⠀⠀⠀⠀⠀⠀⠀⠀⠀⠀⠀⠀⠀⠀⠀⠀⠀⠀⠀⠀⠀⠀⠀⠀⠀⠀⠀⠀⠀⠀⠀⠀⠀⠀⠀⠀⠀⠀⠀⠀⠀[38;2;2;5;1m⠂[38;2;0;0;0m⠀⠀⠀⠀⠀[38;2;2;5;1m⠁[38;2;0;0;0m⠀⠀⠀⠀⠀[38;2;5;0;0m⠈[38;2;0;0;0m⠀⠀⠀⠀⠀⠀⠀⠀⠀⠀⠀⠀⠀⠀⠀⠀⠀⠀⠀⠀⠀⠀⠀⠀⠀⠀⠀⠀⠀⠀⠀⠀⠀⠀⠀⠀[38;2;0;2;5m⡀[38;2;0;0;0m⠀[0m
[38;2;0;0;0;48;2;0;0;0m⠀[38;2;102;168;63m⣀⡠[38;2;0;0;0m⠀[38;2;102;168;63m⣈[38;2;0;0;0;48;2;102;168;63m⣄[38;2;102;168;63;48;2;0;0;0m⢆⣀[38;2;0;0;0m⠀[48;2;102;168;63m⡙[48;2;0;0;0m⠀[38;2;102;168;63m⢀⢈[38;2;0;0;0;48;2;102;168;63m⣄[38;2;102;168;63;48;2;0;0;0m⢆⣀[38;2;0;0;0m⠀[38;2;102;168;63m⣀⡠[38;2;0;0;0m⠀[38;2;102;168;63m⣈[38;2;0;0;0;48;2;102;168;63m⣄[38;2;102;168;63;48;2;0;0;0m⢆⣀[38;2;0;0;0m⠀[38;2;102;168;63m⣀⡠[38;2;0;0;0m⠀[38;2;102;168;63m⣈[38;2;0;0;0;48;2;102;168;63m⣄[38;2;102;168;63;48;2;0;0;0m⢆⣀[38;2;0;0;0m⠀[38;2;102;168;63m⣀⡠[38;2;0;0;0m⠀[38;2;102;168;63m⣈[38;2;0;0;0;48;2;102;168;63m⣄[38;2;102;168;63;48;2;0;0;0m⢆⣀[38;2;0;0;0m⠀[38;2;102;168;63m⣀⡠[38;2;0;0;0m⠀[38;2;102;168;63m⣈[38;2;0;0;0;48;2;102;168;63m⣄[38;2;102;168;63;48;2;0;0;0m⢆⣀[38;2;0;0;0m⠀[38;2;102;168;63m⣀⡠[38;2;0;0;0m⠀[38;2;102;168;63m⣈[38;2;0;0;0;48;2;102;168;63m⣄[38;2;102;168;63;48;2;0;0;0m⢆⣀[38;2;0;0;0m⠀[38;2;102;168;63m⣀⡠[38;2;0;0;0m⠀[38;2;102;168;63m⣈[38;2;0;0;0;48;2;102;168;63m⣄[38;2;102;168;63;48;2;0;0;0m⢆⣀[38;2;0;0;0m⠀[38;2;102;168;63m⣀⡠[38;2;0;0;0m⠀[38;2;102;168;63m⡀[38;2;0;0;0;48;2;102;168;63m⡙[48;2;0;0;0m⠀[38;2;102;168;63m⢀[38;2;0;0;0m⠀⠀[38;2;2;5;1m⠈[38;2;0;0;0m⠀⠀⠀⠀⠀⠀[38;2;102;168;63m⡀[38;2;0;0;0m⠀[38;2;102;168;63m⠲⢌[38;2;0;0;0;48;2;102;168;63m⣄[38;2;102;168;63;48;2;0;0;0m⢆⣀[38;2;0;0;0m⠀[38;2;102;168;63m⣀⡠[38;2;0;0;0m⠀[38;2;102;168;63m⣈[38;2;0;0;0;48;2;102;168;63m⣄[38;2;102;168;63;48;2;0;0;0m⢆⣀[38;2;0;0;0m⠀[38;2;102;168;63m⣀⡠[38;2;0;0;0m⠀[38;2;102;168;63m⣈[38;2;0;0;0;48;2;102;168;63m⣄[38;2;102;168;63;48;2;0;0;0m⢆⣀[38;2;0;0;0m⠀[38;2;102;168;63m⣀⡠[38;2;0;0;0m⠀[38;2;102;168;63m⣈[38;2;0;0;0;48;2;102;168;63m⣄[38;2;102;168;63;48;2;0;0;0m⢆⣀[38;2;0;2;5m⡀[38;2;102;168;63m⣀⡠[38;2;0;2;5m⡀[38;2;102;168;63m⣈[38;2;0;0;0;48;2;102;168;63m⣄[38;2;102;168;63;48;2;0;0;0m⢆⣀[38;2;0;0;0m⠀[38;2;102;168;63m⣀⡠[38;2;0;0;0m⠀[38;2;102;168;63m⣈[38;2;0;0;0;48;2;102;168;63m⣄[38;2;102;168;63;48;2;0;0;0m⢆⣀[38;2;0;0;0m⠀[38;2;102;168;63m⣀⡠[38;2;0;0;0m⠀[38;2;102;168;63m⣈[38;2;0;0;0;48;2;102;168;63m⣄[38;2;102;168;63;48;2;0;0;0m⢆⣀[38;2;0;0;0m⠀[38;2;102;168;63m⣀⡠[38;2;0;0;0m⠀[38;2;102;168;63m⡀⣀⡠[38;2;0;0;0m⠀[38;2;102;168;63m⣈[38;2;0;0;0;48;2;102;168;63m⣄[38;2;102;168;63;48;2;0;0;0m⢆⣀[38;2;0;2;5m⢀[38;2;0;0;0;48;2;102;168;63m⡙[48;2;0;0;0m⠀[38;2;102;168;63m⢀[0m
[38;2;102;168;63;48;2;0;0;0m⢈[38;2;0;0;0;48;2;102;168;63m⠋[38;2;102;168;63;48;2;0;0;0m⠎⠉[38;2;0;0;0m⠀[38;2;102;168;63m⠉⠑[38;2;0;0;0m⠀[38;2;102;168;63m⠩⠕⡔⠋[38;2;0;0;0m⠀[38;2;102;168;63m⠉⠑[38;2;0;0;0m⠀[38;2;102;168;63m⢉[38;2;0;0;0;48;2;102;168;63m⠋[38;2;102;168;63;48;2;0;0;0m⠎⠉[38;2;0;0;0m⠀[38;2;102;168;63m⠉⠑[38;2;0;0;0m⠀[38;2;102;168;63m⢉[38;2;0;0;0;48;2;102;168;63m⠋[38;2;102;168;63;48;2;0;0;0m⠎⠉[38;2;0;0;0m⠀[38;2;102;168;63m⠉⠑[38;2;0;0;0m⠀[38;2;102;168;63m⢉[38;2;0;0;0;48;2;102;168;63m⠋[38;2;102;168;63;48;2;0;0;0m⠎⠉[38;2;0;0;0m⠀[38;2;102;168;63m⠉⠑[38;2;2;5;1m⡀[38;2;102;168;63m⢉[38;2;0;0;0;48;2;102;168;63m⠋[38;2;102;168;63;48;2;0;0;0m⠎⠉[38;2;0;2;5m⠂[38;2;102;168;63m⠉⠑[38;2;0;0;0m⠀[38;2;102;168;63m⢉[38;2;0;0;0;48;2;102;168;63m⠋[38;2;102;168;63;48;2;0;0;0m⠎⠉[38;2;0;2;5m⠈[38;2;102;168;63m⠉⠑[38;2;0;0;0m⠀[38;2;102;168;63m⢉[38;2;0;0;0;48;2;102;168;63m⠋[38;2;102;168;63;48;2;0;0;0m⠎⠉[38;2;0;0;0m⠀[38;2;102;168;63m⠉⠑[38;2;8;4;10m⠐[38;2;102;168;63m⢉[38;2;0;0;0;48;2;102;168;63m⠋[38;2;102;168;63;48;2;0;0;0m⠎⠉⠨⠕⡔⠋[38;2;0;0;0m⠀⠀⠀[38;2;0;2;5m⢀[38;2;0;0;0m⠀⠀⠀⠀⠀[38;2;102;168;63m⠙[38;2;0;0;0;48;2;102;168;63m⡜[38;2;102;168;63;48;2;0;0;0m⠊⠁⠉⠑[38;2;2;5;1m⠁[38;2;102;168;63m⢉[38;2;0;0;0;48;2;102;168;63m⠋[38;2;102;168;63;48;2;0;0;0m⠎⠉[38;2;0;0;0m⠀[38;2;102;168;63m⠉⠑[38;2;0;0;0m⠀[38;2;102;168;63m⢉[38;2;0;0;0;48;2;102;168;63m⠋[38;2;102;168;63;48;2;0;0;0m⠎⠉[38;2;0;0;0m⠀[38;2;102;168;63m⠉⠑[38;2;0;0;0m⠀[38;2;102;168;63m⢉[38;2;0;0;0;48;2;102;168;63m⠋[38;2;102;168;63;48;2;0;0;0m⠎⠉[38;2;0;0;0m⠀[38;2;102;168;63m⠉⠑[38;2;0;0;0m⠀[38;2;102;168;63m⢉[38;2;0;0;0;48;2;102;168;63m⠋[38;2;102;168;63;48;2;0;0;0m⠎⠉[38;2;0;0;0m⠀[38;2;102;168;63m⠉⠑[38;2;0;0;0m⠀[38;2;102;168;63m⢉[38;2;0;0;0;48;2;102;168;63m⠋[38;2;102;168;63;48;2;0;0;0m⠎⠉[38;2;0;0;0m⠀[38;2;102;168;63m⠉⠑[38;2;0;0;0m⠀[38;2;102;168;63m⢉[38;2;0;0;0;48;2;102;168;63m⠋[38;2;102;168;63;48;2;0;0;0m⠎⠉[38;2;8;4;10m⢀[38;2;102;168;63m⠉⠑[38;2;0;0;0m⠀[38;2;102;168;63m⢉[38;2;0;0;0;48;2;102;168;63m⠋[38;2;102;168;63;48;2;0;0;0m⠎⠉⢈[38;2;0;0;0;48;2;102;168;63m⠋[38;2;102;168;63;48;2;0;0;0m⠎⠉[38;2;0;0;0m⠀[38;2;102;168;63m⠉⠑[38;2;0;0;0m⠀[38;2;102;168;63m⠩⠕⡔⠋[0m
[38;2;102;168;63;48;2;0;0;0m⠸⡦[38;2;0;0;0;48;2;102;168;63m⢇[48;2;0;0;0m⠀[38;2;135;64;55m⢰[48;2;135;64;55m⠀[38;2;0;0;0m⠣⠈[48;2;0;0;0m⠀⠀[38;2;102;168;63m⢇⢴⠇[38;2;0;0;0m⠀⠀⠀⠀⠀⠀⠀⠀⠀⠀⠀⠀⠀⠀⠀⠀[48;2;254;254;254m⠇[38;2;254;254;254;48;2;0;0;0m⠧[38;2;0;0;0;48;2;254;254;254m⡃⢸⠇⠰[38;2;254;254;254;48;2;0;0;0m⠙⠁[38;2;0;0;0m⠀[38;2;254;254;254m⣰[38;2;0;0;0;48;2;254;254;254m⡀[38;2;254;254;254;48;2;0;0;0m⠆[38;2;0;0;0;48;2;254;254;254m⠃[38;2;254;254;254;48;2;0;0;0m⠃[38;2;0;0;0m⠀⠀[38;2;254;254;254m⠉[38;2;0;0;0;48;2;254;254;254m⠂[38;2;254;254;254;48;2;0;0;0m⠋⠁[38;2;0;0;0;48;2;254;254;254m⠇[38;2;254;254;254;48;2;0;0;0m⠧[38;2;0;0;0;48;2;254;254;254m⡃⢸[48;2;0;0;0m⠀⠀⠀⠀⠀⠀⠀⠀⠀⠀⠀⠀⠀⠀⠀[38;2;102;168;63m⠸⡦[38;2;0;0;0;48;2;102;168;63m⢇[48;2;0;0;0m⠀⠀⠀[38;2;143;95;38m⢀[38;2;0;0;0;48;2;143;95;38m⠫⠭[38;2;143;95;38;48;2;0;0;0m⢄[38;2;0;0;0m⠀⠀[38;2;102;168;63m⠸⡦[38;2;0;0;0;48;2;102;168;63m⢇[48;2;0;0;0m⠀⠀⠀⠀⠀⠀⠀⠀⠀⠀⠀⠀⠀⠀⠀⠀⠀⠀[38;2;254;254;254m⢸[38;2;0;0;0;48;2;254;254;254m⠲⠌[38;2;254;254;254;48;2;0;0;0m⡀[38;2;0;0;0;48;2;254;254;254m⠃[38;2;254;254;254;48;2;0;0;0m⠃[38;2;0;0;0m⠀⠀[48;2;254;254;254m⢋[38;2;254;254;254;48;2;0;0;0m⠉[38;2;0;0;0;48;2;254;254;254m⡆[38;2;254;254;254;48;2;0;0;0m⡆[38;2;0;0;0;48;2;254;254;254m⢋[38;2;254;254;254;48;2;0;0;0m⠉[38;2;0;0;0;48;2;254;254;254m⡆[38;2;254;254;254;48;2;0;0;0m⡆[38;2;0;0;0;48;2;254;254;254m⢃[38;2;254;254;254;48;2;0;0;0m⣆[38;2;0;0;0;48;2;254;254;254m⠋⢸[38;2;254;254;254;48;2;0;0;0m⠲[38;2;0;0;0;48;2;254;254;254m⠠⠶[38;2;254;254;254;48;2;0;0;0m⠃[38;2;0;0;0m⠀⠀⠀⠀⠀⠀⠀⠀⠀⠀⠀⠀⠀⠀⠀[38;2;102;168;63m⠸⡦[38;2;0;0;0;48;2;102;168;63m⢇[48;2;0;0;0m⠀[38;2;135;64;55m⢰[48;2;135;64;55m⠀[38;2;0;0;0m⠣⠈[48;2;0;0;0m⠀⠀[38;2;102;168;63m⢇⢴[0m
[38;2;0;0;0;48;2;0;0;0m⠀⠀[48;2;102;168;63m⡜[48;2;0;0;0m⠀⠀[38;2;135;64;55m⠙[38;2;0;0;0;48;2;135;64;55m⣠[38;2;135;64;55;48;2;0;0;0m⠁[38;2;0;0;0m⠀[38;2;102;168;63m⠐⡜⠄[38;2;0;0;0m⠀⠀⠀⠀⠀⠀⠀⠀⠀⠀⠀⠀⠀⠀⠀⠀⠀[48;2;254;254;254m⣤[48;2;0;0;0m⠀[48;2;254;254;254m⣁[38;2;254;254;254;48;2;0;0;0m⠁[38;2;0;0;0;48;2;254;254;254m⣀[38;2;254;254;254;48;2;0;0;0m⠤⠒[38;2;0;0;0m⠀[48;2;254;254;254m⣡[38;2;254;254;254;48;2;0;0;0m⠉[38;2;0;0;0;48;2;254;254;254m⣆⢉⣐[38;2;254;254;254;48;2;0;0;0m⠤⠖[38;2;0;0;0m⠀[38;2;254;254;254m⠰[38;2;0;0;0;48;2;254;254;254m⣰[48;2;0;0;0m⠀⠀[48;2;254;254;254m⣤[48;2;0;0;0m⠀[48;2;254;254;254m⣁[38;2;254;254;254;48;2;0;0;0m⠁[38;2;0;0;0m⠀⠀⠀⠀⠀⠀⠀⠀⠀⠀⠀⠀⠀⠀⠀⠀⠀[48;2;102;168;63m⡜[48;2;0;0;0m⠀⠀[38;2;143;95;38m⢠[38;2;0;0;0;48;2;143;95;38m⢀⢘[38;2;143;95;38;48;2;0;0;0m⠥[38;2;0;0;0;48;2;143;95;38m⢘⡜[48;2;0;0;0m⠀⠀⠀[48;2;102;168;63m⡜[48;2;0;0;0m⠀⠀⠀⠀⠀⠀⠀⠀⠀⠀⠀⠀⠀⠀⠀⠀⠀⠀[48;2;254;254;254m⣄[38;2;254;254;254;48;2;0;0;0m⠤⠖⠳[38;2;0;0;0;48;2;254;254;254m⣐[38;2;254;254;254;48;2;0;0;0m⠤⠖[38;2;0;0;0m⠀[38;2;254;254;254m⠳⠴⠋[38;2;0;0;0m⠀[38;2;254;254;254m⠳⠴⠋⠸⠁[38;2;0;0;0;48;2;254;254;254m⣤⠇⣰[38;2;254;254;254;48;2;0;0;0m⠳⠶⠚⠁[38;2;0;0;0m⠀⠀⠀⠀⠀⠀⠀⠀⠀⠀⠀⠀⠀⠀⠀⠀⠀[48;2;102;168;63m⡜[48;2;0;0;0m⠀⠀[38;2;135;64;55m⠙[38;2;0;0;0;48;2;135;64;55m⣠[38;2;135;64;55;48;2;0;0;0m⠁[38;2;0;0;0m⠀[38;2;102;168;63m⠐⡜⠄[0m
[38;2;0;0;0;48;2;0;0;0m⠀[38;2;102;168;63m⣠⡜⢄⣈[38;2;0;0;0;48;2;102;168;63m⣄[38;2;102;168;63;48;2;0;0;0m⢆⣀⢐⡢⠣⣄[38;2;0;0;0m⠀⠀⠀⠀⠀⠀⠀⠀[38;2;135;64;55m⢰[48;2;135;64;55m⠀[38;2;0;0;0m⠣⠈[38;2;135;64;55;48;2;0;0;0m⢰[48;2;135;64;55m⠀[38;2;0;0;0m⠣⠈[38;2;135;64;55;48;2;0;0;0m⢰[48;2;135;64;55m⠀[38;2;0;0;0m⠣⠈[38;2;135;64;55;48;2;0;0;0m⢰[48;2;135;64;55m⠀[38;2;0;0;0m⠣⠈[38;2;135;64;55;48;2;0;0;0m⢰[48;2;135;64;55m⠀[38;2;0;0;0m⠣⠈[38;2;135;64;55;48;2;0;0;0m⢰[48;2;135;64;55m⠀[38;2;0;0;0m⠣⠈[38;2;135;64;55;48;2;0;0;0m⢰[48;2;135;64;55m⠀[38;2;0;0;0m⠣⠈[38;2;135;64;55;48;2;0;0;0m⢰[48;2;135;64;55m⠀[38;2;0;0;0m⠣⠈[38;2;135;64;55;48;2;0;0;0m⢰[48;2;135;64;55m⠀[38;2;0;0;0m⠣⠈[38;2;135;64;55;48;2;0;0;0m⢰[48;2;135;64;55m⠀[38;2;0;0;0m⠣⠈[48;2;0;0;0m⠀⠀⠀⠀⠀⠀⠀⠀⠀⠀[38;2;102;168;63m⢇⢴⠇[38;2;0;0;0;48;2;143;95;38m⠁[38;2;143;95;38m⠀[38;2;0;0;0m⡔⠶⢢⢱[38;2;143;95;38;48;2;0;0;0m⡆[38;2;0;0;0m⠀⠀[38;2;102;168;63m⢇⢴⠇[38;2;0;0;0m⠀⠀⠀⠀⠀⠀⠀⠀⠀⠀⠀⠀⠀⠀⠀⠀⠀⠀⠀⠀⠀⠀⠀⠀⠀⠀⠀⠀⠀⠀⠀⠀⠀⠀⠀⠀⠀⠀⠀⠀⠀⠀⠀⠀⠀⠀⠀⠀⠀⠀⠀⠀⠀⠀⠀⠀[38;2;102;168;63m⣠⡜⢄⣈[38;2;0;0;0;48;2;102;168;63m⣄[38;2;102;168;63;48;2;0;0;0m⢆⣀⢐⡢⠣⣄[0m
[38;2;0;0;0;48;2;0;0;0m⠀[38;2;102;168;63m⠁[38;2;0;0;0m⠀[38;2;102;168;63m⠴⠂⠉⠑[38;2;0;0;0m⠀[38;2;102;168;63m⠁[38;2;0;0;0;48;2;102;168;63m⣡[48;2;0;0;0m⠀[38;2;102;168;63m⠈[38;2;0;0;0m⠀⠀⠀⠀⠀⠀⠀⠀⠀[38;2;135;64;55m⠙[38;2;0;0;0;48;2;135;64;55m⣠[38;2;135;64;55;48;2;0;0;0m⠁[38;2;0;0;0m⠀[38;2;135;64;55m⠙[38;2;0;0;0;48;2;135;64;55m⣠[38;2;135;64;55;48;2;0;0;0m⠁[38;2;0;0;0m⠀[38;2;135;64;55m⠙[38;2;0;0;0;48;2;135;64;55m⣠[38;2;135;64;55;48;2;0;0;0m⠁[38;2;0;0;0m⠀[38;2;135;64;55m⠙[38;2;0;0;0;48;2;135;64;55m⣠[38;2;135;64;55;48;2;0;0;0m⠁[38;2;0;0;0m⠀[38;2;135;64;55m⠙[38;2;0;0;0;48;2;135;64;55m⣠[38;2;135;64;55;48;2;0;0;0m⠁[38;2;0;0;0m⠀[38;2;135;64;55m⠙[38;2;0;0;0;48;2;135;64;55m⣠[38;2;135;64;55;48;2;0;0;0m⠁[38;2;0;0;0m⠀[38;2;135;64;55m⠙[38;2;0;0;0;48;2;135;64;55m⣠[38;2;135;64;55;48;2;0;0;0m⠁[38;2;0;0;0m⠀[38;2;135;64;55m⠙[38;2;0;0;0;48;2;135;64;55m⣠[38;2;135;64;55;48;2;0;0;0m⠁[38;2;0;0;0m⠀[38;2;135;64;55m⠙[38;2;0;0;0;48;2;135;64;55m⣠[38;2;135;64;55;48;2;0;0;0m⠁[38;2;0;0;0m⠀[38;2;135;64;55m⠙[38;2;0;0;0;48;2;135;64;55m⣠[38;2;135;64;55;48;2;0;0;0m⠁[38;2;0;0;0m⠀⠀⠀⠀⠀⠀⠀⠀⠀[38;2;102;168;63m⠐⡜⠄[38;2;0;0;0m⠀[38;2;143;95;38m⠘[38;2;0;0;0;48;2;143;95;38m⡀⢊[38;2;143;95;38;48;2;0;0;0m⡤[38;2;0;0;0;48;2;143;95;38m⠑⣡[48;2;0;0;0m⠀⠀[38;2;102;168;63m⠐⡜⠄[38;2;0;0;0m⠀⠀⠀⠀⠀⠀⠀⠀⠀⠀⠀⠀⠀⠀⠀⠀⠀⠀⠀⠀⠀⠀⠀⠀⠀⠀⠀⠀⠀⠀⠀⠀⠀⠀⠀⠀⠀⠀⠀⠀⠀⠀⠀⠀⠀⠀⠀⠀⠀⠀⠀⠀⠀⠀⠀⠀⠀[38;2;102;168;63m⠁[38;2;0;0;0m⠀[38;2;102;168;63m⠴⠂⠉⠑[38;2;0;0;0m⠀[38;2;102;168;63m⠁[38;2;0;0;0;48;2;102;168;63m⣡[48;2;0;0;0m⠀[38;2;102;168;63m⠈[0m
[38;2;0;0;0;48;2;0;0;0m⠀⠀⠀⠀⠀⠀⠀⠀⠀[38;2;102;168;63m⣠⡜⢄⣈[38;2;0;0;0;48;2;102;168;63m⣄[38;2;102;168;63;48;2;0;0;0m⢆⣀[38;2;0;0;0m⠀[48;2;102;168;63m⡙[48;2;0;0;0m⠀[38;2;102;168;63m⢀[38;2;0;0;0m⠀⠀⠀⠀⠀⠀⠀⠀⠀⠀⠀⠀⠀⠀⠀⠀⠀⠀⠀⠀⠀⠀⠀⠀⠀⠀⠀⠀⠀⠀⠀⠀⠀⠀⠀⠀⠀⠀⠀⠀⠀⠀⠀⠀⠀⠀⠀⠀⠀[38;2;102;168;63m⣠⡜⢄⣈[38;2;0;0;0;48;2;102;168;63m⣄[38;2;102;168;63;48;2;0;0;0m⢆⣀[38;2;0;0;0m⠀[38;2;102;168;63m⣀⡠[38;2;0;0;0m⠀[38;2;102;168;63m⣐⡢⠣⣄[38;2;0;0;0m⠀⠀⠀⠀⠀⠀⠀⠀⠀⠀⠀⠀⠀⠀⠀⠀⠀⠀⠀⠀⠀⠀⠀⠀⠀⠀⠀⠀⠀⠀⠀⠀⠀⠀⠀⠀⠀⠀⠀⠀⠀⠀⠀⠀⠀⠀⠀⠀⠀[38;2;102;168;63m⡀[38;2;0;0;0m⠀[38;2;102;168;63m⠲⠄⣀⡠[38;2;0;0;0m⠀[38;2;102;168;63m⣐⡢⠣⣄[38;2;0;0;0m⠀⠀⠀⠀⠀⠀⠀⠀[0m
[38;2;0;0;0;48;2;0;0;0m⠀⠀⠀⠀⠀⠀⠀⠀⠀[38;2;102;168;63m⠁[38;2;0;0;0m⠀[38;2;102;168;63m⠴⠂⠉⠑[38;2;0;0;0m⠀[38;2;102;168;63m⠩⠕⡔⠋[38;2;0;0;0m⠀⠀⠀⠀⠀⠀⠀⠀⠀⠀⠀⠀⠀⠀⠀⠀⠀⠀⠀⠀⠀⠀⠀⠀⠀⠀⠀⠀⠀⠀⠀⠀⠀⠀⠀⠀⠀⠀⠀⠀⠀⠀⠀⠀⠀⠀⠀⠀⠀[38;2;102;168;63m⠁[38;2;0;0;0m⠀[38;2;102;168;63m⠴⠂⠉⠑[38;2;0;0;0m⠀[38;2;102;168;63m⢉[38;2;0;0;0;48;2;102;168;63m⠋[38;2;102;168;63;48;2;0;0;0m⠎⠉[38;2;0;0;0m⠀[48;2;102;168;63m⣡[48;2;0;0;0m⠀[38;2;102;168;63m⠈[38;2;0;0;0m⠀⠀⠀⠀⠀⠀⠀⠀⠀⠀⠀⠀⠀⠀⠀⠀⠀⠀⠀⠀⠀⠀⠀⠀⠀⠀⠀⠀⠀⠀⠀⠀⠀⠀⠀⠀⠀⠀⠀⠀⠀⠀⠀⠀⠀⠀⠀⠀⠀[38;2;102;168;63m⠙[38;2;0;0;0;48;2;102;168;63m⡜[38;2;102;168;63;48;2;0;0;0m⠊⢉[38;2;0;0;0;48;2;102;168;63m⠋[38;2;102;168;63;48;2;0;0;0m⠎⠉[38;2;0;0;0m⠀[48;2;102;168;63m⣡[48;2;0;0;0m⠀[38;2;102;168;63m⠈[38;2;0;0;0m⠀⠀⠀⠀⠀⠀⠀⠀[0m
[38;2;0;0;0;48;2;0;0;0m⠀⠀⠀⠀⠀⠀⠀⠀[38;2;102;168;63m⠸⡦[38;2;0;0;0;48;2;102;168;63m⢇[48;2;0;0;0m⠀[38;2;135;64;55m⢰[48;2;135;64;55m⠀[38;2;0;0;0m⠣⠈[48;2;0;0;0m⠀⠀[38;2;102;168;63m⢇⢴⠇[38;2;0;0;0m⠀⠀⠀⠀⠀⠀⠀⠀⠀⠀⠀⠀⠀⠀⠀⠀⠀⠀⠀⠀⠀⠀⠀⠀⠀⠀⠀⠀⠀⠀⠀⠀⠀⠀⠀⠀⠀⠀⠀⠀⠀⠀⠀⠀⠀⠀⠀⠀[38;2;254;254;254m⠉[38;2;0;0;0;48;2;254;254;254m⠂[38;2;254;254;254;48;2;0;0;0m⠋⠁⢤[38;2;0;0;0;48;2;254;254;254m⠠[38;2;254;254;254;48;2;0;0;0m⡀[38;2;0;0;0m⠀[38;2;254;254;254m⢀⡤⡤[38;2;0;0;0m⠀⠀⠀⠀⠀[48;2;254;254;254m⠋[38;2;254;254;254;48;2;0;0;0m⠋[38;2;0;0;0;48;2;254;254;254m⠶[38;2;254;254;254;48;2;0;0;0m⠂⢀⡤⡄[38;2;0;0;0m⠀⠀[38;2;254;254;254m⢐⡂[38;2;0;0;0m⠀[38;2;254;254;254m⢀⡤⡄[38;2;0;0;0m⠀⠀⠀⠀⠀[38;2;254;254;254m⠲[38;2;0;0;0;48;2;254;254;254m⠠⠶[38;2;254;254;254;48;2;0;0;0m⠃[38;2;0;0;0m⠀[48;2;254;254;254m⢃[38;2;254;254;254;48;2;0;0;0m⠄[38;2;0;0;0m⠀[38;2;254;254;254m⢀⣤⢄[38;2;0;0;0m⠀[38;2;254;254;254m⢀⡤⣄[38;2;0;0;0m⠀[38;2;254;254;254m⢀⡤⡤[38;2;0;0;0m⠀⠀⠀⠀⠀⠀⠀⠀[38;2;102;168;63m⠸⡦[38;2;0;0;0;48;2;102;168;63m⢇[48;2;0;0;0m⠀[38;2;135;64;55m⢰[48;2;135;64;55m⠀[38;2;0;0;0m⠣⠈[48;2;0;0;0m⠀⠀[38;2;102;168;63m⢇⢴⠇[38;2;0;0;0m⠀⠀⠀⠀⠀⠀⠀[0m
[38;2;0;0;0;48;2;0;0;0m⠀⠀⠀⠀⠀⠀⠀⠀⠀⠀[48;2;102;168;63m⡜[48;2;0;0;0m⠀⠀[38;2;135;64;55m⠙[38;2;0;0;0;48;2;135;64;55m⣠[38;2;135;64;55;48;2;0;0;0m⠁[38;2;0;0;0m⠀[38;2;102;168;63m⠐⡜⠄[38;2;0;0;0m⠀⠀⠀⠀⠀⠀⠀⠀⠀⠀⠀⠀⠀⠀⠀⠀⠀⠀⠀⠀⠀⠀⠀⠀⠀⠀⠀⠀⠀⠀⠀⠀⠀⠀⠀⠀⠀⠀⠀⠀⠀⠀⠀⠀⠀⠀⠀⠀⠀[38;2;254;254;254m⠰[38;2;0;0;0;48;2;254;254;254m⣰[48;2;0;0;0m⠀⠀[48;2;254;254;254m⣁[38;2;254;254;254;48;2;0;0;0m⠁[38;2;0;0;0;48;2;254;254;254m⣃[48;2;0;0;0m⠀[48;2;254;254;254m⣄[38;2;254;254;254;48;2;0;0;0m⠭⠔[38;2;0;0;0m⠀⠀⠀⠀⠀[38;2;254;254;254m⢈[38;2;0;0;0;48;2;254;254;254m⢌[38;2;254;254;254;48;2;0;0;0m⠋[38;2;0;0;0m⠀[48;2;254;254;254m⣄[38;2;254;254;254;48;2;0;0;0m⠜⠳⠄[38;2;0;0;0m⠀[48;2;254;254;254m⣁[38;2;254;254;254;48;2;0;0;0m⠁[38;2;0;0;0m⠀[48;2;254;254;254m⣄[38;2;254;254;254;48;2;0;0;0m⠜⠳⠄[38;2;0;0;0m⠀⠀⠀[38;2;254;254;254m⠈⠳⠶⠚⠁⠘[38;2;0;0;0;48;2;254;254;254m⣈[38;2;254;254;254;48;2;0;0;0m⠔[38;2;0;0;0m⠀[38;2;254;254;254m⠘⠧⠊[38;2;0;0;0m⠀[48;2;254;254;254m⣁[38;2;254;254;254;48;2;0;0;0m⠡[38;2;0;0;0;48;2;254;254;254m⣰[48;2;0;0;0m⠀[48;2;254;254;254m⣄[38;2;254;254;254;48;2;0;0;0m⠭⠔[38;2;0;0;0m⠀⠀⠀⠀⠀⠀⠀⠀⠀⠀[48;2;102;168;63m⡜[48;2;0;0;0m⠀⠀[38;2;135;64;55m⠙[38;2;0;0;0;48;2;135;64;55m⣠[38;2;135;64;55;48;2;0;0;0m⠁[38;2;0;0;0m⠀[38;2;102;168;63m⠐⡜⠄[38;2;0;0;0m⠀⠀⠀⠀⠀⠀⠀⠀[0m
[38;2;0;0;0;48;2;0;0;0m⠀⠀⠀⠀⠀⠀⠀⠀⠀[38;2;102;168;63m⣠⡜⢄⣈[38;2;0;0;0;48;2;102;168;63m⣄[38;2;102;168;63;48;2;0;0;0m⢆⣀[38;2;0;0;0m⠀[38;2;102;168;63m⣠⡜⢄⣈[38;2;0;0;0;48;2;102;168;63m⣄[38;2;102;168;63;48;2;0;0;0m⢆⣀[38;2;0;0;0m⠀[38;2;102;168;63m⣀⡠[38;2;0;0;0m⠀[38;2;102;168;63m⣈[38;2;0;0;0;48;2;102;168;63m⣄[38;2;102;168;63;48;2;0;0;0m⢆⣀[38;2;0;0;0m⠀[38;2;102;168;63m⣀⡠[38;2;0;0;0m⠀[38;2;102;168;63m⣈[38;2;0;0;0;48;2;102;168;63m⣄[38;2;102;168;63;48;2;0;0;0m⢆⣀[38;2;0;0;0m⠀[38;2;102;168;63m⣀⡠[38;2;0;0;0m⠀[38;2;102;168;63m⣈[38;2;0;0;0;48;2;102;168;63m⣄[38;2;102;168;63;48;2;0;0;0m⢆⣀[38;2;0;0;0m⠀[38;2;102;168;63m⣀⡠[38;2;0;0;0m⠀[38;2;102;168;63m⣈[38;2;0;0;0;48;2;102;168;63m⣄[38;2;102;168;63;48;2;0;0;0m⢆⣀[38;2;0;0;0m⠀[38;2;102;168;63m⣀⡠[38;2;0;0;0m⠀[38;2;102;168;63m⣈[38;2;0;0;0;48;2;102;168;63m⣄[38;2;102;168;63;48;2;0;0;0m⢆⣀[38;2;0;0;0m⠀[38;2;102;168;63m⣀⡠[38;2;0;0;0m⠀[38;2;102;168;63m⣈[38;2;0;0;0;48;2;102;168;63m⣄[38;2;102;168;63;48;2;0;0;0m⢆⣀[38;2;0;0;0m⠀[38;2;102;168;63m⣀⡠[38;2;0;0;0m⠀[38;2;102;168;63m⣈[38;2;0;0;0;48;2;102;168;63m⣄[38;2;102;168;63;48;2;0;0;0m⢆⣀[38;2;0;0;0m⠀[38;2;102;168;63m⣀⡠[38;2;0;0;0m⠀[38;2;102;168;63m⣈[38;2;0;0;0;48;2;102;168;63m⣄[38;2;102;168;63;48;2;0;0;0m⢆⣀[38;2;0;0;0m⠀[38;2;102;168;63m⣀⡠[38;2;0;0;0m⠀[38;2;102;168;63m⣈[38;2;0;0;0;48;2;102;168;63m⣄[38;2;102;168;63;48;2;0;0;0m⢆⣀[38;2;0;0;0m⠀[38;2;102;168;63m⣀⡠[38;2;0;0;0m⠀[38;2;102;168;63m⣈[38;2;0;0;0;48;2;102;168;63m⣄[38;2;102;168;63;48;2;0;0;0m⢆⣀[38;2;0;0;0m⠀[38;2;102;168;63m⣀⡠[38;2;0;0;0m⠀[38;2;102;168;63m⣈[38;2;0;0;0;48;2;102;168;63m⣄[38;2;102;168;63;48;2;0;0;0m⢆⣀[38;2;0;0;0m⠀[38;2;102;168;63m⣀⡠[38;2;0;0;0m⠀[38;2;102;168;63m⣈[38;2;0;0;0;48;2;102;168;63m⣄[38;2;102;168;63;48;2;0;0;0m⢆⣀[38;2;0;0;0m⠀[38;2;102;168;63m⣀⡠[38;2;0;0;0m⠀[38;2;102;168;63m⣈[38;2;0;0;0;48;2;102;168;63m⣄[38;2;102;168;63;48;2;0;0;0m⢆⣀[38;2;0;0;0m⠀[38;2;102;168;63m⣀⡠[38;2;0;0;0m⠀[38;2;102;168;63m⣐⡢⠣⣄[38;2;0;0;0m⠀[38;2;102;168;63m⣀⡠[38;2;0;0;0m⠀[38;2;102;168;63m⣐⡢⠣⣄[38;2;0;0;0m⠀⠀⠀⠀⠀⠀⠀⠀[0m
[38;2;0;0;0;48;2;0;0;0m⠀⠀⠀⠀⠀⠀⠀⠀⠀[38;2;102;168;63m⠁[38;2;0;0;0m⠀[38;2;102;168;63m⠴⠂⠉⠑[38;2;0;0;0m⠀[38;2;102;168;63m⠁⠁[38;2;0;0;0m⠀[38;2;102;168;63m⠴⠂⠉⠑[38;2;0;0;0m⠀[38;2;102;168;63m⢉[38;2;0;0;0;48;2;102;168;63m⠋[38;2;102;168;63;48;2;0;0;0m⠎⠉[38;2;0;0;0m⠀[38;2;102;168;63m⠉⠑[38;2;0;0;0m⠀[38;2;102;168;63m⢉[38;2;0;0;0;48;2;102;168;63m⠋[38;2;102;168;63;48;2;0;0;0m⠎⠉[38;2;0;0;0m⠀[38;2;102;168;63m⠉⠑[38;2;0;0;0m⠀[38;2;102;168;63m⢉[38;2;0;0;0;48;2;102;168;63m⠋[38;2;102;168;63;48;2;0;0;0m⠎⠉[38;2;0;0;0m⠀[38;2;102;168;63m⠉⠑[38;2;0;0;0m⠀[38;2;102;168;63m⢉[38;2;0;0;0;48;2;102;168;63m⠋[38;2;102;168;63;48;2;0;0;0m⠎⠉[38;2;0;0;0m⠀[38;2;102;168;63m⠉⠑[38;2;0;0;0m⠀[38;2;102;168;63m⢉[38;2;0;0;0;48;2;102;168;63m⠋[38;2;102;168;63;48;2;0;0;0m⠎⠉[38;2;0;0;0m⠀[38;2;102;168;63m⠉⠑[38;2;0;0;0m⠀[38;2;102;168;63m⢉[38;2;0;0;0;48;2;102;168;63m⠋[38;2;102;168;63;48;2;0;0;0m⠎⠉[38;2;0;0;0m⠀[38;2;102;168;63m⠉⠑[38;2;0;0;0m⠀[38;2;102;168;63m⢉[38;2;0;0;0;48;2;102;168;63m⠋[38;2;102;168;63;48;2;0;0;0m⠎⠉[38;2;0;0;0m⠀[38;2;102;168;63m⠉⠑[38;2;0;0;0m⠀[38;2;102;168;63m⢉[38;2;0;0;0;48;2;102;168;63m⠋[38;2;102;168;63;48;2;0;0;0m⠎⠉[38;2;0;0;0m⠀[38;2;102;168;63m⠉⠑[38;2;0;0;0m⠀[38;2;102;168;63m⢉[38;2;0;0;0;48;2;102;168;63m⠋[38;2;102;168;63;48;2;0;0;0m⠎⠉[38;2;0;0;0m⠀[38;2;102;168;63m⠉⠑[38;2;0;0;0m⠀[38;2;102;168;63m⢉[38;2;0;0;0;48;2;102;168;63m⠋[38;2;102;168;63;48;2;0;0;0m⠎⠉[38;2;0;0;0m⠀[38;2;102;168;63m⠉⠑[38;2;0;0;0m⠀[38;2;102;168;63m⢉[38;2;0;0;0;48;2;102;168;63m⠋[38;2;102;168;63;48;2;0;0;0m⠎⠉[38;2;0;0;0m⠀[38;2;102;168;63m⠉⠑[38;2;0;0;0m⠀[38;2;102;168;63m⢉[38;2;0;0;0;48;2;102;168;63m⠋[38;2;102;168;63;48;2;0;0;0m⠎⠉[38;2;0;0;0m⠀[38;2;102;168;63m⠉⠑[38;2;0;0;0m⠀[38;2;102;168;63m⢉[38;2;0;0;0;48;2;102;168;63m⠋[38;2;102;168;63;48;2;0;0;0m⠎⠉[38;2;0;0;0m⠀[38;2;102;168;63m⠉⠑[38;2;0;0;0m⠀[38;2;102;168;63m⢉[38;2;0;0;0;48;2;102;168;63m⠋[38;2;102;168;63;48;2;0;0;0m⠎⠉[38;2;0;0;0m⠀[48;2;102;168;63m⣡[48;2;0;0;0m⠀[38;2;102;168;63m⠈⢈[38;2;0;0;0;48;2;102;168;63m⠋[38;2;102;168;63;48;2;0;0;0m⠎⠉[38;2;0;0;0m⠀[48;2;102;168;63m⣡[48;2;0;0;0m⠀[38;2;102;168;63m⠈[38;2;0;0;0m⠀⠀⠀⠀⠀⠀⠀⠀[0m
[?25h