[48;2;77;77;77m[38;2;54;54;54m▅▖[48;2;77;77;77m[38;2;77;77;77m▁[48;2;77;77;77m[38;2;54;54;54m▁▗[48;2;54;54;54m[38;2;0;0;0m   [48;2;54;54;54m[38;2;77;77;77m▆[48;2;77;77;77m[38;2;77;77;77m▆[48;2;54;54;54m[38;2;77;77;77m▆▆▆[48;2;77;77;77m[38;2;0;0;0m  [48;2;54;54;54m[38;2;77;77;77m▌ ▆▄     ▁▂▄▅[48;2;77;77;77m[38;2;101;101;101m▂▃▂▁▁▁▁▁[48;2;54;54;54m[38;2;77;77;77m▌ ▁▁▁▁▁▁▁▁▁▅▆▆▆▇[48;2;77;77;77m[38;2;101;101;101m▁▁▁▁▁▁▁▁▁▁ [48;2;77;77;77m[38;2;54;54;54m▃[48;2;54;54;54m[38;2;0;0;0m   [48;2;77;77;77m[38;2;54;54;54m▃      [48;2;77;77;77m[38;2;77;77;77m▇[48;2;54;54;54m[38;2;77;77;77m▇▆▆▆▃[0m
[48;2;54;54;54m[38;2;77;77;77m▄▅▆▇▇[48;2;77;77;77m[38;2;0;0;0m    [48;2;101;101;101m[38;2;101;101;101m▌  ▐[48;2;77;77;77m[38;2;0;0;0m  [48;2;101;101;101m[38;2;0;0;0m [48;2;77;77;77m[38;2;101;101;101m▅[48;2;101;101;101m[38;2;0;0;0m [48;2;77;77;77m[38;2;101;101;101m▁▁▂▂▂▂▂▂[48;2;101;101;101m[38;2;101;101;101m▝▅ [48;2;101;101;101m[38;2;129;129;129m▁▁▁▁▁▁[48;2;101;101;101m[38;2;127;127;127m▁▁[48;2;77;77;77m[38;2;0;0;0m    [48;2;77;77;77m[38;2;0;255;255m▅▅▅[48;2;77;77;77m[38;2;101;101;101m▃▄▅▇[48;2;101;101;101m[38;2;127;127;127m ▁[48;2;101;101;101m[38;2;129;129;129m▁▁▂▂▂▂▂▂▁▁   [48;2;101;101;101m[38;2;77;77;77m▁▝▀  [48;2;77;77;77m[38;2;101;101;101m▖[48;2;101;101;101m[38;2;77;77;77m▁  [48;2;77;77;77m[38;2;101;101;101m▃▃▅▇▇[48;2;101;101;101m[38;2;101;101;101m▆[48;2;77;77;77m[38;2;101;101;101m▆▅[0m
[48;2;77;77;77m[38;2;127;127;127m▅▅▆▆[48;2;101;101;101m[38;2;127;127;127m▖[48;2;77;77;77m[38;2;101;101;101m▇▇[48;2;101;101;101m[38;2;0;0;0m    [48;2;129;129;129m[38;2;101;101;101m▁▂[48;2;101;101;101m[38;2;0;0;0m  [48;2;129;129;129m[38;2;0;0;0m   [48;2;101;101;101m[38;2;0;0;0m [48;2;101;101;101m[38;2;129;129;129m▂       [48;2;129;129;129m[38;2;101;101;101m▅▖        [48;2;101;101;101m[38;2;129;129;129m▊    [48;2;0;255;255m[38;2;0;0;0m  [48;2;129;129;129m[38;2;0;0;0m            [48;2;129;129;129m[38;2;101;101;101m▁▂[48;2;129;129;129m[38;2;127;127;127m▁ [48;2;129;129;129m[38;2;19;19;19m▃[48;2;101;101;101m[38;2;19;19;19m▃[48;2;77;77;77m[38;2;19;19;19m▂ [48;2;101;101;101m[38;2;77;77;77m━[48;2;129;129;129m[38;2;101;101;101m▅[48;2;101;101;101m[38;2;77;77;77m▃[48;2;77;77;77m[38;2;40;40;40m▅▃[48;2;101;101;101m[38;2;54;54;54m▂[48;2;127;127;127m[38;2;77;77;77m▃[48;2;127;127;127m[38;2;19;19;19m▂[48;2;127;127;127m[38;2;77;77;77m▂[48;2;101;101;101m[38;2;54;54;54m▁[48;2;127;127;127m[38;2;129;129;129m▃▂[48;2;127;127;127m[38;2;127;127;127m▆[48;2;101;101;101m[38;2;127;127;127m▆▅▅[0m
[48;2;101;101;101m[38;2;0;0;0m [48;2;0;255;255m[38;2;101;101;101m▄ [48;2;127;127;127m[38;2;0;255;255m▄[48;2;0;255;255m[38;2;0;0;0m [48;2;0;255;255m[38;2;101;101;101m▄ ▀[48;2;101;101;101m[38;2;0;255;255m ▄[48;2;0;255;255m[38;2;0;0;0m [48;2;0;255;255m[38;2;101;101;101m▃▃▃ [48;2;129;129;129m[38;2;0;255;255m▄ [48;2;0;255;255m[38;2;0;0;0m   [48;2;101;101;101m[38;2;0;255;255m▄[48;2;0;255;255m[38;2;0;0;0m  [48;2;101;101;101m[38;2;0;255;255m▄ ▄[48;2;0;255;255m[38;2;0;0;0m [48;2;0;255;255m[38;2;101;101;101m▃▃[48;2;0;255;255m[38;2;129;129;129m▃ ▀[48;2;129;129;129m[38;2;0;0;0m [48;2;0;255;255m[38;2;0;0;0m   [48;2;129;129;129m[38;2;0;255;255m▄[48;2;0;255;255m[38;2;0;0;0m  [48;2;101;101;101m[38;2;0;255;255m▄  [48;2;0;255;255m[38;2;0;0;0m  [48;2;0;255;255m[38;2;129;129;129m▄ ▀[48;2;129;129;129m[38;2;0;255;255m  ▄[48;2;0;255;255m[38;2;129;129;129m ▄▄▄ ▀[48;2;77;77;77m[38;2;127;127;127m▃[48;2;0;255;255m[38;2;101;101;101m▃ [48;2;40;40;40m[38;2;0;255;255m▃[48;2;0;255;255m[38;2;0;0;0m [48;2;0;255;255m[38;2;40;40;40m▄ [48;2;54;54;54m[38;2;0;255;255m▃[48;2;77;77;77m[38;2;40;40;40m▆[48;2;77;77;77m[38;2;54;54;54m▌[48;2;127;127;127m[38;2;77;77;77m▅[48;2;54;54;54m[38;2;77;77;77m▘[48;2;54;54;54m[38;2;40;40;40m▃[48;2;40;40;40m[38;2;0;0;0m [48;2;54;54;54m[38;2;77;77;77m▝[48;2;77;77;77m[38;2;101;101;101m▘ [48;2;40;40;40m[38;2;54;54;54m▅[48;2;101;101;101m[38;2;19;19;19m▅[48;2;127;127;127m[38;2;0;0;0m [48;2;129;129;129m[38;2;0;0;0m [48;2;127;127;127m[38;2;0;0;0m   [0m
[48;2;101;101;101m[38;2;0;0;0m  [48;2;0;255;255m[38;2;0;0;0m  [48;2;101;101;101m[38;2;0;0;0m  [48;2;0;255;255m[38;2;101;101;101m▄▄█  ▄▄[48;2;0;255;255m[38;2;129;129;129m▄▄▄█[48;2;0;255;255m[38;2;0;0;0m  [48;2;129;129;129m[38;2;0;0;0m [48;2;0;255;255m[38;2;0;0;0m [48;2;101;101;101m[38;2;0;0;0m [48;2;0;255;255m[38;2;0;0;0m  [48;2;101;101;101m[38;2;0;0;0m [48;2;0;255;255m[38;2;129;129;129m  ▄▄▄▄▄[48;2;129;129;129m[38;2;0;0;0m [48;2;0;255;255m[38;2;0;0;0m  [48;2;129;129;129m[38;2;0;0;0m [48;2;0;255;255m[38;2;0;0;0m [48;2;129;129;129m[38;2;0;0;0m [48;2;0;255;255m[38;2;0;0;0m  [48;2;101;101;101m[38;2;129;129;129m▅[48;2;129;129;129m[38;2;0;0;0m [48;2;0;255;255m[38;2;0;0;0m  [48;2;129;129;129m[38;2;0;0;0m  [48;2;0;255;255m[38;2;0;0;0m  [48;2;129;129;129m[38;2;0;0;0m [48;2;0;255;255m[38;2;129;129;129m  ▄▄[48;2;0;255;255m[38;2;101;101;101m▄[48;2;0;255;255m[38;2;40;40;40m▄▄[48;2;101;101;101m[38;2;40;40;40m▂[48;2;40;40;40m[38;2;54;54;54m▅[48;2;0;255;255m[38;2;0;0;0m  [48;2;40;40;40m[38;2;19;19;19m▅[48;2;19;19;19m[38;2;0;0;0m [48;2;0;255;255m[38;2;40;40;40m▄[48;2;0;255;255m[38;2;54;54;54m▄[48;2;40;40;40m[38;2;19;19;19m▗[48;2;54;54;54m[38;2;19;19;19m▃▃[48;2;54;54;54m[38;2;40;40;40m▂▂ [48;2;40;40;40m[38;2;0;0;0m [48;2;77;77;77m[38;2;54;54;54m▌[48;2;54;54;54m[38;2;40;40;40m▗[48;2;54;54;54m[38;2;19;19;19m▅[48;2;19;19;19m[38;2;40;40;40m▆[48;2;77;77;77m[38;2;40;40;40m▆[48;2;101;101;101m[38;2;19;19;19m▅[48;2;129;129;129m[38;2;0;0;0m [48;2;129;129;129m[38;2;101;101;101m▗[48;2;127;127;127m[38;2;101;101;101m▂[0m
[48;2;101;101;101m[38;2;0;0;0m  [48;2;0;255;255m[38;2;0;0;0m  [48;2;101;101;101m[38;2;0;0;0m     [48;2;0;255;255m[38;2;0;0;0m  [48;2;101;101;101m[38;2;0;0;0m   [48;2;129;129;129m[38;2;0;255;255m▄▄ [48;2;0;255;255m[38;2;0;0;0m  [48;2;129;129;129m[38;2;0;0;0m [48;2;0;255;255m[38;2;0;0;0m [48;2;101;101;101m[38;2;129;129;129m▅[48;2;0;255;255m[38;2;0;0;0m  [48;2;101;101;101m[38;2;0;0;0m [48;2;0;255;255m[38;2;0;0;0m  [48;2;129;129;129m[38;2;0;0;0m   [48;2;129;129;129m[38;2;0;255;255m▄▄ [48;2;0;255;255m[38;2;0;0;0m  [48;2;129;129;129m[38;2;0;0;0m [48;2;0;255;255m[38;2;0;0;0m [48;2;129;129;129m[38;2;0;0;0m [48;2;0;255;255m[38;2;0;0;0m  [48;2;129;129;129m[38;2;0;0;0m  [48;2;0;255;255m[38;2;0;0;0m  [48;2;129;129;129m[38;2;0;0;0m  [48;2;0;255;255m[38;2;0;0;0m  [48;2;129;129;129m[38;2;0;0;0m [48;2;0;255;255m[38;2;0;0;0m  [48;2;129;129;129m[38;2;0;0;0m [48;2;77;77;77m[38;2;19;19;19m▆ [48;2;40;40;40m[38;2;0;255;255m▃[48;2;54;54;54m[38;2;0;255;255m▃[48;2;40;40;40m[38;2;19;19;19m▅[48;2;19;19;19m[38;2;0;0;0m [48;2;0;255;255m[38;2;0;0;0m  [48;2;19;19;19m[38;2;71;33;0m▂▂[48;2;40;40;40m[38;2;71;33;0m▁[48;2;40;40;40m[38;2;19;19;19m▂[48;2;19;19;19m[38;2;71;0;0m▁[48;2;19;19;19m[38;2;71;33;0m▁▁[48;2;19;19;19m[38;2;40;40;40m▂▂▂ [48;2;40;40;40m[38;2;19;19;19m▅▁[48;2;19;19;19m[38;2;40;40;40m▃▃[48;2;40;40;40m[38;2;54;54;54m▝[48;2;19;19;19m[38;2;54;54;54m▘[48;2;129;129;129m[38;2;40;40;40m▌[48;2;129;129;129m[38;2;101;101;101m▝[48;2;101;101;101m[38;2;127;127;127m▂[0m
[48;2;101;101;101m[38;2;0;0;0m [48;2;0;255;255m[38;2;101;101;101m▄▄▄▄[48;2;101;101;101m[38;2;0;0;0m     [48;2;0;255;255m[38;2;101;101;101m▄[48;2;0;255;255m[38;2;127;127;127m▄[48;2;0;255;255m[38;2;129;129;129m▄▄▄[48;2;129;129;129m[38;2;0;0;0m  [48;2;0;255;255m[38;2;129;129;129m▄▄[48;2;129;129;129m[38;2;0;0;0m   [48;2;0;255;255m[38;2;129;129;129m▄▄[48;2;101;101;101m[38;2;129;129;129m▃▃[48;2;0;255;255m[38;2;129;129;129m▄▄▄▄▄[48;2;129;129;129m[38;2;0;0;0m  [48;2;0;255;255m[38;2;129;129;129m▄▄[48;2;129;129;129m[38;2;0;0;0m   [48;2;0;255;255m[38;2;129;129;129m▄▄[48;2;129;129;129m[38;2;0;0;0m  [48;2;0;255;255m[38;2;129;129;129m▄▄▄▄▄[48;2;129;129;129m[38;2;0;0;0m  [48;2;129;129;129m[38;2;101;101;101m▗[48;2;0;255;255m[38;2;40;40;40m▄[48;2;0;255;255m[38;2;19;19;19m▄▄▄[48;2;0;255;255m[38;2;40;40;40m▄[48;2;40;40;40m[38;2;0;0;0m [48;2;19;19;19m[38;2;0;0;0m▗[48;2;0;255;255m[38;2;19;19;19m▄[48;2;0;255;255m[38;2;116;58;0m▄[48;2;0;255;255m[38;2;181;99;0m▄▄[48;2;116;58;0m[38;2;252;127;0m▅▅▆▅▄▃[48;2;71;33;0m[38;2;252;127;0m▄▄[48;2;116;58;0m[38;2;252;127;0m▂[48;2;116;58;0m[38;2;181;99;0m▂[48;2;19;19;19m[38;2;77;77;77m▁    [48;2;19;19;19m[38;2;40;40;40m▅[48;2;19;19;19m[38;2;54;54;54m▝[48;2;129;129;129m[38;2;40;40;40m▖[48;2;127;127;127m[38;2;129;129;129m▌[0m
[48;2;101;101;101m[38;2;0;0;0m         [48;2;101;101;101m[38;2;127;127;127m▗[48;2;127;127;127m[38;2;0;0;0m [48;2;129;129;129m[38;2;0;0;0m      [48;2;129;129;129m[38;2;101;101;101m▗▂▁▁▁ ▁                         [48;2;54;54;54m[38;2;127;127;127m▌[48;2;19;19;19m[38;2;40;40;40m▁ [48;2;0;0;0m[38;2;19;19;19m▄[48;2;19;19;19m[38;2;40;40;40m▂▃ [48;2;40;40;40m[38;2;116;58;0m▅[48;2;181;99;0m[38;2;252;127;0m▗▅[48;2;252;127;0m[38;2;0;0;0m  [48;2;252;127;0m[38;2;255;180;89m▗[48;2;255;180;89m[38;2;0;0;0m  [48;2;255;180;89m[38;2;255;211;156m▂ ▅ ▂▂▆[48;2;252;127;0m[38;2;255;180;89m▅[48;2;19;19;19m[38;2;252;127;0m▅▄[48;2;19;19;19m[38;2;116;58;0m▁[48;2;19;19;19m[38;2;0;0;0m▖[48;2;40;40;40m[38;2;19;19;19m▅▂[48;2;19;19;19m[38;2;77;77;77m▝[48;2;101;101;101m[38;2;19;19;19m▖[0m
[48;2;101;101;101m[38;2;0;0;0m        [48;2;101;101;101m[38;2;127;127;127m▂[48;2;129;129;129m[38;2;101;101;101m▘       ▝[48;2;101;101;101m[38;2;129;129;129m▅     [48;2;129;129;129m[38;2;0;0;0m                        [48;2;127;127;127m[38;2;129;129;129m▌[48;2;19;19;19m[38;2;54;54;54m▘[48;2;54;54;54m[38;2;19;19;19m▃[48;2;40;40;40m[38;2;0;0;0m [48;2;19;19;19m[38;2;0;0;0m [48;2;40;40;40m[38;2;19;19;19m▅▆[48;2;54;54;54m[38;2;40;40;40m▊[48;2;181;99;0m[38;2;116;58;0m▌[48;2;252;127;0m[38;2;181;99;0m▊  [48;2;255;180;89m[38;2;0;0;0m   [48;2;255;211;156m[38;2;255;180;89m▌▖       [48;2;255;180;89m[38;2;0;0;0m  [48;2;255;211;156m[38;2;0;0;0m [48;2;19;19;19m[38;2;116;58;0m▎  [48;2;77;77;77m[38;2;19;19;19m▊[48;2;77;77;77m[38;2;129;129;129m▅[0m
[48;2;101;101;101m[38;2;0;0;0m        [48;2;129;129;129m[38;2;127;127;127m▌          ▐[48;2;101;101;101m[38;2;0;0;0m    [48;2;129;129;129m[38;2;101;101;101m▅▃▃▅▅▖               [48;2;127;127;127m[38;2;129;129;129m▌▗[48;2;129;129;129m[38;2;0;0;0m [48;2;129;129;129m[38;2;19;19;19m▗[48;2;19;19;19m[38;2;0;0;0m [48;2;19;19;19m[38;2;40;40;40m▖[48;2;19;19;19m[38;2;0;0;0m▅▅  [48;2;116;58;0m[38;2;40;40;40m▊[48;2;181;99;0m[38;2;116;58;0m▘[48;2;252;127;0m[38;2;0;0;0m   [48;2;255;180;89m[38;2;252;127;0m▅    [48;2;255;211;156m[38;2;255;180;89m▅▟[48;2;255;180;89m[38;2;255;211;156m       ▐[48;2;116;58;0m[38;2;255;211;156m▌[48;2;19;19;19m[38;2;0;0;0m▊ [48;2;0;0;0m[38;2;19;19;19m▎[48;2;129;129;129m[38;2;101;101;101m▌[0m
[48;2;101;101;101m[38;2;0;0;0m        [48;2;127;127;127m[38;2;101;101;101m▅▃[48;2;129;129;129m[38;2;101;101;101m▁ [48;2;129;129;129m[38;2;127;127;127m━       [48;2;101;101;101m[38;2;129;129;129m▃        ▝[48;2;129;129;129m[38;2;101;101;101m▁                [48;2;129;129;129m[38;2;77;77;77m▗[48;2;19;19;19m[38;2;0;0;0m   [48;2;0;0;0m[38;2;19;19;19m▎[48;2;19;19;19m[38;2;0;0;0m [48;2;19;19;19m[38;2;116;58;0m▗[48;2;71;33;0m[38;2;116;58;0m▆[48;2;252;127;0m[38;2;181;99;0m▌[48;2;252;127;0m[38;2;252;127;0m▗[48;2;252;127;0m[38;2;181;99;0m▁▁[48;2;252;127;0m[38;2;116;58;0m▁[48;2;252;127;0m[38;2;255;180;89m▗[48;2;255;180;89m[38;2;0;0;0m             [48;2;255;211;156m[38;2;255;180;89m▊[48;2;116;58;0m[38;2;255;211;156m▎[48;2;19;19;19m[38;2;0;0;0m▊ ▐[48;2;129;129;129m[38;2;54;54;54m▌[0m
[48;2;101;101;101m[38;2;0;0;0m           [48;2;127;127;127m[38;2;101;101;101m▖[48;2;129;129;129m[38;2;0;0;0m        [48;2;129;129;129m[38;2;101;101;101m▝[48;2;101;101;101m[38;2;0;0;0m          [48;2;127;127;127m[38;2;101;101;101m▃[48;2;129;129;129m[38;2;101;101;101m▂              [48;2;255;211;156m[38;2;181;99;0m▃[48;2;127;127;127m[38;2;252;127;0m▆[48;2;101;101;101m[38;2;255;211;156m▃[48;2;40;40;40m[38;2;252;127;0m▖[48;2;19;19;19m[38;2;0;0;0m▖ [48;2;116;58;0m[38;2;19;19;19m▌[48;2;181;99;0m[38;2;252;127;0m▆[48;2;252;127;0m[38;2;181;99;0m▗▆[48;2;181;99;0m[38;2;181;99;0m━[48;2;181;99;0m[38;2;252;127;0m▄[48;2;116;58;0m[38;2;252;127;0m▃▃[48;2;181;99;0m[38;2;71;33;0m▆[48;2;252;127;0m[38;2;71;0;0m▅▅[48;2;255;180;89m[38;2;116;58;0m▖    [48;2;255;211;156m[38;2;255;180;89m▂▂▁[48;2;255;180;89m[38;2;0;0;0m  [48;2;255;180;89m[38;2;255;211;156m▝[48;2;54;54;54m[38;2;116;58;0m▌[48;2;19;19;19m[38;2;0;0;0m [48;2;0;0;0m[38;2;19;19;19m▌[48;2;19;19;19m[38;2;77;77;77m▗[48;2;129;129;129m[38;2;101;101;101m▗[0m
[48;2;101;101;101m[38;2;0;0;0m            [48;2;129;129;129m[38;2;101;101;101m▇▆▅▃   ▃▁[48;2;127;127;127m[38;2;101;101;101m▝[48;2;101;101;101m[38;2;127;127;127m▂          ▐[48;2;129;129;129m[38;2;0;0;0m            [48;2;129;129;129m[38;2;127;127;127m▌[48;2;181;99;0m[38;2;0;0;0m [48;2;181;99;0m[38;2;255;180;89m▅[48;2;255;180;89m[38;2;255;211;156m▝[48;2;252;127;0m[38;2;255;211;156m▘[48;2;19;19;19m[38;2;0;0;0m [48;2;19;19;19m[38;2;71;33;0m▗[48;2;252;127;0m[38;2;116;58;0m▊[48;2;255;180;89m[38;2;252;127;0m▚[48;2;181;99;0m[38;2;252;127;0m▘[48;2;252;127;0m[38;2;181;99;0m━▝[48;2;116;58;0m[38;2;181;99;0m▃[48;2;71;0;0m[38;2;181;99;0m▄[48;2;19;19;19m[38;2;181;99;0m▃[48;2;116;58;0m[38;2;181;99;0m▅▎▅▃[48;2;181;99;0m[38;2;0;0;0m [48;2;255;180;89m[38;2;255;211;156m▃▖[48;2;255;180;89m[38;2;71;0;0m▃[48;2;252;127;0m[38;2;71;0;0m▅▅[48;2;255;180;89m[38;2;71;0;0m▅[48;2;255;180;89m[38;2;71;33;0m▃▂[48;2;255;180;89m[38;2;181;99;0m▝[48;2;19;19;19m[38;2;116;58;0m▎ [48;2;0;0;0m[38;2;19;19;19m▘[48;2;101;101;101m[38;2;77;77;77m▌[48;2;101;101;101m[38;2;127;127;127m▘[0m
[48;2;101;101;101m[38;2;0;0;0m                [48;2;101;101;101m[38;2;129;129;129m▝[48;2;129;129;129m[38;2;127;127;127m▖[48;2;129;129;129m[38;2;101;101;101m▝[48;2;101;101;101m[38;2;0;0;0m  [48;2;127;127;127m[38;2;101;101;101m▇[48;2;101;101;101m[38;2;0;0;0m            [48;2;127;127;127m[38;2;127;127;127m▌[48;2;129;129;129m[38;2;0;0;0m            [48;2;181;99;0m[38;2;0;0;0m [48;2;252;127;0m[38;2;181;99;0m━[48;2;255;180;89m[38;2;252;127;0m▊[48;2;255;180;89m[38;2;255;211;156m▌[48;2;19;19;19m[38;2;116;58;0m▎[48;2;116;58;0m[38;2;71;33;0m▌[48;2;252;127;0m[38;2;181;99;0m▅▁ [48;2;255;180;89m[38;2;252;127;0m▌ ━━━[48;2;181;99;0m[38;2;255;180;89m▄[48;2;181;99;0m[38;2;252;127;0m▆[48;2;252;127;0m[38;2;255;180;89m▝ [48;2;255;180;89m[38;2;181;99;0m▊[48;2;255;211;156m[38;2;0;0;0m [48;2;116;58;0m[38;2;255;180;89m▌[48;2;71;33;0m[38;2;181;99;0m▃[48;2;71;0;0m[38;2;181;99;0m▅[48;2;116;0;0m[38;2;181;99;0m▁[48;2;116;0;0m[38;2;19;19;19m▅[48;2;116;58;0m[38;2;71;33;0m▅[48;2;116;58;0m[38;2;252;127;0m▆[48;2;71;33;0m[38;2;116;58;0m▅[48;2;0;0;0m[38;2;54;54;54m▌[48;2;19;19;19m[38;2;0;0;0m [48;2;101;101;101m[38;2;19;19;19m▘[48;2;127;127;127m[38;2;101;101;101m▅[48;2;101;101;101m[38;2;0;0;0m [0m
[48;2;101;101;101m[38;2;0;0;0m                  [48;2;129;129;129m[38;2;101;101;101m▖[48;2;127;127;127m[38;2;129;129;129m▌[48;2;101;101;101m[38;2;0;0;0m              [48;2;127;127;127m[38;2;101;101;101m▆▖[48;2;129;129;129m[38;2;0;0;0m           [48;2;181;99;0m[38;2;127;127;127m▌ [48;2;252;127;0m[38;2;255;180;89m▅[48;2;255;180;89m[38;2;252;127;0m▅[48;2;181;99;0m[38;2;116;58;0m▝   [48;2;252;127;0m[38;2;0;0;0m  [48;2;255;180;89m[38;2;0;0;0m [48;2;255;180;89m[38;2;255;211;156m▃▄▅▅ [48;2;252;127;0m[38;2;0;0;0m [48;2;181;99;0m[38;2;252;127;0m▌[48;2;255;180;89m[38;2;252;127;0m▌[48;2;255;180;89m[38;2;255;211;156m▌[48;2;255;180;89m[38;2;252;127;0m▌[48;2;252;127;0m[38;2;255;180;89m▅▃[48;2;255;180;89m[38;2;252;127;0m▇▆[48;2;71;0;0m[38;2;252;127;0m▅▟[48;2;116;58;0m[38;2;40;40;40m▗[48;2;0;0;0m[38;2;0;0;0m [48;2;101;101;101m[38;2;40;40;40m▘[48;2;127;127;127m[38;2;101;101;101m▅[48;2;101;101;101m[38;2;0;0;0m  [0m
[48;2;101;101;101m[38;2;0;0;0m                   [48;2;127;127;127m[38;2;101;101;101m▅▃[48;2;101;101;101m[38;2;127;127;127m ▅▅▂  [48;2;127;127;127m[38;2;101;101;101m▅[48;2;101;101;101m[38;2;127;127;127m▅ [48;2;127;127;127m[38;2;129;129;129m▇▇[48;2;101;101;101m[38;2;127;127;127m▆▖  [48;2;127;127;127m[38;2;101;101;101m▅[48;2;129;129;129m[38;2;127;127;127m▖         [48;2;101;101;101m[38;2;127;127;127m▌[48;2;0;0;0m[38;2;0;0;0m [48;2;181;99;0m[38;2;0;0;0m▅▅[48;2;181;99;0m[38;2;71;33;0m▖   [48;2;181;99;0m[38;2;252;127;0m▝[48;2;252;127;0m[38;2;0;0;0m [48;2;252;127;0m[38;2;255;180;89m▝[48;2;255;211;156m[38;2;255;180;89m▆▅[48;2;255;211;156m[38;2;252;127;0m▆[48;2;255;180;89m[38;2;252;127;0m▆[48;2;252;127;0m[38;2;181;99;0m▗▀ [48;2;255;211;156m[38;2;255;180;89m▌▐[48;2;252;127;0m[38;2;0;0;0m [48;2;255;180;89m[38;2;0;0;0m [48;2;255;180;89m[38;2;255;211;156m▂   [48;2;255;180;89m[38;2;181;99;0m▗[48;2;40;40;40m[38;2;116;58;0m▎[48;2;101;101;101m[38;2;19;19;19m▘    [0m
[48;2;101;101;101m[38;2;0;0;0m                       [48;2;101;101;101m[38;2;127;127;127m▝▘     [48;2;127;127;127m[38;2;101;101;101m▅▖[48;2;129;129;129m[38;2;0;0;0m  [48;2;101;101;101m[38;2;127;127;127m▆▇[48;2;101;101;101m[38;2;129;129;129m▆[48;2;127;127;127m[38;2;0;0;0m [48;2;129;129;129m[38;2;127;127;127m▅▅▅     [48;2;127;127;127m[38;2;0;0;0m  [48;2;19;19;19m[38;2;101;101;101m▃[48;2;0;0;0m[38;2;0;0;0m [48;2;19;19;19m[38;2;71;0;0m▗[48;2;181;99;0m[38;2;116;58;0m▅   [48;2;252;127;0m[38;2;0;0;0m     [48;2;252;127;0m[38;2;255;180;89m━▀ [48;2;181;99;0m[38;2;116;58;0m━[48;2;181;99;0m[38;2;116;0;0m▄[48;2;255;180;89m[38;2;116;58;0m▃[48;2;255;180;89m[38;2;116;0;0m▃[48;2;252;127;0m[38;2;181;99;0m▅[48;2;255;180;89m[38;2;252;127;0m▆[48;2;255;211;156m[38;2;255;180;89m▇▂▗[48;2;255;180;89m[38;2;252;127;0m▗[48;2;181;99;0m[38;2;252;127;0m▘[48;2;54;54;54m[38;2;101;101;101m▆[48;2;101;101;101m[38;2;0;0;0m     [0m
[48;2;101;101;101m[38;2;0;0;0m                           [48;2;101;101;101m[38;2;127;127;127m▆▃▅▆[48;2;127;127;127m[38;2;0;0;0m            [48;2;129;129;129m[38;2;127;127;127m▅▅▅▛[48;2;127;127;127m[38;2;0;0;0m  [48;2;0;0;0m[38;2;77;77;77m▎[48;2;116;58;0m[38;2;19;19;19m▘[48;2;116;58;0m[38;2;181;99;0m▌▝[48;2;181;99;0m[38;2;0;0;0m [48;2;252;127;0m[38;2;181;99;0m▌  [48;2;255;180;89m[38;2;252;127;0m▘ [48;2;252;127;0m[38;2;181;99;0m▁▁ [48;2;252;127;0m[38;2;255;180;89m▗▆▄[48;2;116;58;0m[38;2;255;180;89m▅[48;2;116;0;0m[38;2;255;180;89m▅[48;2;255;180;89m[38;2;181;99;0m▘[48;2;252;127;0m[38;2;255;180;89m▌[48;2;252;127;0m[38;2;181;99;0m▚[48;2;255;180;89m[38;2;252;127;0m▇[48;2;255;180;89m[38;2;181;99;0m▂[48;2;181;99;0m[38;2;0;0;0m [48;2;101;101;101m[38;2;181;99;0m▘   [48;2;127;127;127m[38;2;0;0;0m [48;2;101;101;101m[38;2;127;127;127m▇[48;2;127;127;127m[38;2;0;0;0m [0m
[48;2;101;101;101m[38;2;0;0;0m                          [48;2;101;101;101m[38;2;127;127;127m▆[48;2;127;127;127m[38;2;0;0;0m [48;2;129;129;129m[38;2;127;127;127m▅▅[48;2;127;127;127m[38;2;0;0;0m                [48;2;127;127;127m[38;2;129;129;129m▅ ▊[48;2;71;0;0m[38;2;127;127;127m▌[48;2;116;58;0m[38;2;71;0;0m▖[48;2;181;99;0m[38;2;0;0;0m [48;2;116;58;0m[38;2;71;33;0m▗[48;2;181;99;0m[38;2;0;0;0m  [48;2;252;127;0m[38;2;0;0;0m  [48;2;255;180;89m[38;2;0;0;0m [48;2;255;180;89m[38;2;252;127;0m▝[48;2;181;99;0m[38;2;255;180;89m▅[48;2;116;0;0m[38;2;181;99;0m▅▄[48;2;116;58;0m[38;2;252;127;0m▃▁[48;2;255;180;89m[38;2;116;58;0m▆[48;2;255;180;89m[38;2;71;0;0m▅[48;2;252;127;0m[38;2;71;0;0m▃[48;2;252;127;0m[38;2;116;0;0m▂[48;2;252;127;0m[38;2;255;180;89m▗▄[48;2;252;127;0m[38;2;252;127;0m▗[48;2;181;99;0m[38;2;0;0;0m [48;2;101;101;101m[38;2;181;99;0m▘   [48;2;101;101;101m[38;2;127;127;127m▅[48;2;127;127;127m[38;2;0;0;0m [48;2;127;127;127m[38;2;101;101;101m▅▅[0m
[48;2;101;101;101m[38;2;0;0;0m                          [48;2;127;127;127m[38;2;101;101;101m▌                    [48;2;101;101;101m[38;2;19;19;19m▃[48;2;77;77;77m[38;2;181;99;0m▗[48;2;181;99;0m[38;2;116;58;0m▗[48;2;116;58;0m[38;2;71;0;0m▘[48;2;181;99;0m[38;2;0;0;0m [48;2;181;99;0m[38;2;71;33;0m▝[48;2;71;0;0m[38;2;116;58;0m▝[48;2;181;99;0m[38;2;0;0;0m  [48;2;252;127;0m[38;2;181;99;0m▖[48;2;255;180;89m[38;2;252;127;0m▇[48;2;252;127;0m[38;2;0;0;0m [48;2;255;180;89m[38;2;252;127;0m▃[48;2;252;127;0m[38;2;255;180;89m▆▂[48;2;255;180;89m[38;2;181;99;0m▅[48;2;252;127;0m[38;2;116;58;0m▂[48;2;255;180;89m[38;2;181;99;0m▅[48;2;252;127;0m[38;2;255;180;89m▘[48;2;181;99;0m[38;2;255;180;89m▄[48;2;116;58;0m[38;2;255;180;89m▆[48;2;255;180;89m[38;2;0;0;0m [48;2;181;99;0m[38;2;255;180;89m▘ [48;2;101;101;101m[38;2;181;99;0m▘        [0m
[48;2;101;101;101m[38;2;0;0;0m                       [48;2;127;127;127m[38;2;101;101;101m▌                    [48;2;127;127;127m[38;2;77;77;77m▁[48;2;127;127;127m[38;2;54;54;54m▃[48;2;0;0;0m[38;2;101;101;101m▘[48;2;77;77;77m[38;2;226;226;226m▗[48;2;255;180;89m[38;2;226;226;226m▌[48;2;116;58;0m[38;2;0;0;0m [48;2;116;58;0m[38;2;181;99;0m▃[48;2;181;99;0m[38;2;0;0;0m  [48;2;181;99;0m[38;2;71;0;0m▝[48;2;71;0;0m[38;2;0;0;0m [48;2;116;58;0m[38;2;71;0;0m▃[48;2;181;99;0m[38;2;116;58;0m▁[48;2;252;127;0m[38;2;181;99;0m▖  [48;2;255;180;89m[38;2;0;0;0m  [48;2;252;127;0m[38;2;255;180;89m▇[48;2;181;99;0m[38;2;255;180;89m▆▆[48;2;252;127;0m[38;2;255;180;89m▆[48;2;255;180;89m[38;2;0;0;0m [48;2;255;180;89m[38;2;181;99;0m▗[48;2;181;99;0m[38;2;0;0;0m [48;2;181;99;0m[38;2;101;101;101m▁[48;2;101;101;101m[38;2;0;0;0m          [0m
[48;2;101;101;101m[38;2;0;0;0m                     [48;2;101;101;101m[38;2;127;127;127m▃▟[48;2;127;127;127m[38;2;101;101;101m                 ▂[48;2;127;127;127m[38;2;77;77;77m▃▃[48;2;101;101;101m[38;2;77;77;77m▆▐[48;2;0;0;0m[38;2;19;19;19m▘[48;2;40;40;40m[38;2;210;210;210m▗[48;2;255;255;255m[38;2;0;0;0m [48;2;226;226;226m[38;2;255;255;255m▌[48;2;116;58;0m[38;2;0;0;0m [48;2;181;99;0m[38;2;116;58;0m▌ ▟ ▝[48;2;71;0;0m[38;2;116;58;0m▖[48;2;71;0;0m[38;2;71;33;0m▝[48;2;181;99;0m[38;2;71;33;0m▅[48;2;181;99;0m[38;2;116;58;0m▁[48;2;252;127;0m[38;2;181;99;0m▁ [48;2;255;180;89m[38;2;252;127;0m▂    ▄[48;2;181;99;0m[38;2;40;40;40m▂[48;2;19;19;19m[38;2;71;33;0m▘[48;2;101;101;101m[38;2;19;19;19m▅[48;2;101;101;101m[38;2;0;0;0m▃[48;2;101;101;101m[38;2;19;19;19m▂        [0m
[48;2;101;101;101m[38;2;0;0;0m                   [48;2;101;101;101m[38;2;127;127;127m▂▅[48;2;127;127;127m[38;2;0;0;0m             [48;2;127;127;127m[38;2;77;77;77m▃▅[48;2;127;127;127m[38;2;101;101;101m▅[48;2;101;101;101m[38;2;0;0;0m [48;2;101;101;101m[38;2;77;77;77m▘▂ [48;2;77;77;77m[38;2;101;101;101m▃▃[48;2;101;101;101m[38;2;77;77;77m▃[48;2;19;19;19m[38;2;101;101;101m▘[48;2;77;77;77m[38;2;0;0;0m▊[48;2;210;210;210m[38;2;159;159;159m▌[48;2;226;226;226m[38;2;210;210;210m▆▖[48;2;77;77;77m[38;2;188;188;188m▌[48;2;116;58;0m[38;2;181;99;0m▝[48;2;181;99;0m[38;2;116;58;0m ▐▌ ▐[48;2;71;33;0m[38;2;116;58;0m▄  [48;2;116;58;0m[38;2;71;33;0m▆[48;2;181;99;0m[38;2;71;33;0m▅▅[48;2;252;127;0m[38;2;71;33;0m▅[48;2;252;127;0m[38;2;116;58;0m▅▅[48;2;116;58;0m[38;2;159;159;159m▄[48;2;40;40;40m[38;2;127;127;127m▎[48;2;19;19;19m[38;2;0;0;0m▌▃  [48;2;0;0;0m[38;2;40;40;40m▗▅[48;2;19;19;19m[38;2;40;40;40m▃[48;2;101;101;101m[38;2;40;40;40m▅[48;2;101;101;101m[38;2;19;19;19m▄[48;2;101;101;101m[38;2;40;40;40m▂▁  [0m
[48;2;101;101;101m[38;2;0;0;0m            [48;2;101;101;101m[38;2;127;127;127m▅▅▅   [48;2;127;127;127m[38;2;127;127;127m▌       [48;2;127;127;127m[38;2;101;101;101m▁▂[48;2;127;127;127m[38;2;77;77;77m▃▄[48;2;101;101;101m[38;2;77;77;77m▅▇[48;2;77;77;77m[38;2;101;101;101m▂[48;2;77;77;77m[38;2;77;77;77m▂▃[48;2;101;101;101m[38;2;77;77;77m▅[48;2;101;101;101m[38;2;19;19;19m▅[48;2;77;77;77m[38;2;19;19;19m▆[48;2;19;19;19m[38;2;77;77;77m▃[48;2;77;77;77m[38;2;0;0;0m [48;2;101;101;101m[38;2;77;77;77m▅[48;2;77;77;77m[38;2;54;54;54m▁[48;2;77;77;77m[38;2;19;19;19m▂▟[48;2;0;0;0m[38;2;19;19;19m▌ [48;2;226;226;226m[38;2;188;188;188m▌[48;2;210;210;210m[38;2;226;226;226m▅ [48;2;226;226;226m[38;2;0;0;0m [48;2;101;101;101m[38;2;188;188;188m▃[48;2;116;58;0m[38;2;77;77;77m▖[48;2;181;99;0m[38;2;116;58;0m▝    [48;2;116;58;0m[38;2;181;99;0m▅[48;2;71;33;0m[38;2;116;58;0m▃ [48;2;116;58;0m[38;2;0;0;0m  [48;2;71;33;0m[38;2;116;58;0m▅[48;2;181;99;0m[38;2;116;58;0m▌[48;2;101;101;101m[38;2;77;77;77m▅[48;2;159;159;159m[38;2;210;210;210m▅[48;2;0;0;0m[38;2;54;54;54m▌    [48;2;0;0;0m[38;2;19;19;19m▃[48;2;40;40;40m[38;2;19;19;19m▇▄▂   [48;2;54;54;54m[38;2;40;40;40m▃[48;2;101;101;101m[38;2;54;54;54m▇[0m
[48;2;101;101;101m[38;2;0;0;0m           [48;2;127;127;127m[38;2;0;0;0m      [48;2;101;101;101m[38;2;0;0;0m  [48;2;127;127;127m[38;2;101;101;101m▖   [48;2;127;127;127m[38;2;77;77;77m▃▅[48;2;101;101;101m[38;2;77;77;77m▅[48;2;77;77;77m[38;2;101;101;101m▅[48;2;77;77;77m[38;2;77;77;77m▅▆[48;2;77;77;77m[38;2;19;19;19m▁▂▅▅▅[48;2;19;19;19m[38;2;0;0;0m   [48;2;40;40;40m[38;2;19;19;19m▇[48;2;19;19;19m[38;2;0;0;0m [48;2;77;77;77m[38;2;19;19;19m▆[48;2;19;19;19m[38;2;0;0;0m     [48;2;0;0;0m[38;2;0;0;0m [48;2;255;255;255m[38;2;226;226;226m▌[48;2;226;226;226m[38;2;0;0;0m  [48;2;226;226;226m[38;2;210;210;210m▝▅[48;2;210;210;210m[38;2;101;101;101m▝[48;2;116;58;0m[38;2;159;159;159m▁ [48;2;181;99;0m[38;2;116;58;0m▎    [48;2;116;58;0m[38;2;181;99;0m▄▃▃▟[48;2;116;58;0m[38;2;77;77;77m▗[48;2;159;159;159m[38;2;54;54;54m▘[48;2;255;255;255m[38;2;0;0;0m [48;2;0;0;0m[38;2;159;159;159m▌   [48;2;19;19;19m[38;2;0;0;0m▌     [48;2;40;40;40m[38;2;19;19;19m▅▅▆ [0m
[48;2;101;101;101m[38;2;0;0;0m  [48;2;101;101;101m[38;2;0;255;255m▄▄ ▄▄  [48;2;101;101;101m[38;2;127;127;127m▅[48;2;127;127;127m[38;2;0;0;0m      [48;2;127;127;127m[38;2;101;101;101m▅ [48;2;101;101;101m[38;2;77;77;77m▂▅[48;2;127;127;127m[38;2;77;77;77m▆[48;2;101;101;101m[38;2;77;77;77m▇ ▃▅[48;2;101;101;101m[38;2;19;19;19m▅[48;2;77;77;77m[38;2;19;19;19m▆[48;2;19;19;19m[38;2;0;0;0m                  [48;2;0;0;0m[38;2;0;0;0m [48;2;226;226;226m[38;2;188;188;188m▌ [48;2;226;226;226m[38;2;101;101;101m ▂[48;2;226;226;226m[38;2;210;210;210m▄[48;2;210;210;210m[38;2;226;226;226m▃ [48;2;116;58;0m[38;2;188;188;188m▅[48;2;116;58;0m[38;2;54;54;54m▂[48;2;181;99;0m[38;2;19;19;19m▂      [48;2;77;77;77m[38;2;0;0;0m [48;2;101;101;101m[38;2;188;188;188m▄[48;2;188;188;188m[38;2;0;0;0m [48;2;226;226;226m[38;2;101;101;101m▂[48;2;19;19;19m[38;2;188;188;188m▎[48;2;0;0;0m[38;2;0;0;0m   [48;2;19;19;19m[38;2;0;0;0m   [48;2;19;19;19m[38;2;0;255;255m▄▄[48;2;40;40;40m[38;2;19;19;19m▌[48;2;40;40;40m[38;2;0;255;255m▄▄[48;2;40;40;40m[38;2;19;19;19m▖ [0m
[48;2;101;101;101m[38;2;0;0;0m  [48;2;0;255;255m[38;2;0;0;0m  [48;2;101;101;101m[38;2;0;0;0m [48;2;0;255;255m[38;2;0;0;0m  [48;2;101;101;101m[38;2;0;0;0m [48;2;127;127;127m[38;2;101;101;101m▘ [48;2;101;101;101m[38;2;0;255;255m▄[48;2;0;255;255m[38;2;0;0;0m [48;2;0;255;255m[38;2;101;101;101m▄[48;2;0;255;255m[38;2;127;127;127m▄ [48;2;101;101;101m[38;2;0;255;255m▄[48;2;101;101;101m[38;2;77;77;77m▅[48;2;101;101;101m[38;2;0;255;255m▄[48;2;0;255;255m[38;2;0;0;0m [48;2;0;255;255m[38;2;77;77;77m▃▃[48;2;0;255;255m[38;2;19;19;19m▃ ▀[48;2;19;19;19m[38;2;0;0;0m [48;2;0;255;255m[38;2;0;0;0m  [48;2;19;19;19m[38;2;0;255;255m▄  [48;2;0;255;255m[38;2;0;0;0m  [48;2;19;19;19m[38;2;0;0;0m [48;2;19;19;19m[38;2;0;255;255m▄[48;2;0;255;255m[38;2;0;0;0m [48;2;0;255;255m[38;2;19;19;19m▃▃▃ ▀[48;2;19;19;19m[38;2;0;0;0m [48;2;0;255;255m[38;2;19;19;19m▃  ▃▃  [48;2;101;101;101m[38;2;226;226;226m▌[48;2;0;255;255m[38;2;0;0;0m  [48;2;101;101;101m[38;2;0;255;255m▃[48;2;226;226;226m[38;2;101;101;101m▂[48;2;77;77;77m[38;2;210;210;210m▌[48;2;0;255;255m[38;2;0;0;0m  [48;2;19;19;19m[38;2;77;77;77m▂[48;2;0;255;255m[38;2;0;0;0m      [48;2;101;101;101m[38;2;188;188;188m▝[48;2;101;101;101m[38;2;0;255;255m▃[48;2;0;255;255m[38;2;0;0;0m [48;2;0;255;255m[38;2;0;0;0m▃▄▄ ▀[48;2;19;19;19m[38;2;0;0;0m▖ [48;2;0;255;255m[38;2;0;0;0m  [48;2;19;19;19m[38;2;0;0;0m [48;2;0;255;255m[38;2;0;0;0m [48;2;0;255;255m[38;2;0;147;147m▁[48;2;40;40;40m[38;2;19;19;19m▌ [0m
[48;2;101;101;101m[38;2;0;0;0m   [48;2;0;255;255m[38;2;101;101;101m▃[48;2;101;101;101m[38;2;0;0;0m [48;2;0;255;255m[38;2;101;101;101m▃[48;2;101;101;101m[38;2;0;0;0m  [48;2;127;127;127m[38;2;101;101;101m▁[48;2;0;255;255m[38;2;0;0;0m  [48;2;101;101;101m[38;2;0;0;0m [48;2;127;127;127m[38;2;0;0;0m [48;2;129;129;129m[38;2;0;0;0m [48;2;19;19;19m[38;2;0;0;0m [48;2;0;255;255m[38;2;0;0;0m▅[48;2;77;77;77m[38;2;19;19;19m▆[48;2;0;255;255m[38;2;0;0;0m  [48;2;19;19;19m[38;2;0;0;0m   [48;2;0;255;255m[38;2;0;0;0m  [48;2;19;19;19m[38;2;0;0;0m [48;2;0;255;255m[38;2;0;0;0m    [48;2;19;19;19m[38;2;0;255;255m▄[48;2;0;255;255m[38;2;0;0;0m  [48;2;19;19;19m[38;2;0;0;0m [48;2;0;255;255m[38;2;19;19;19m▄ ▀[48;2;19;19;19m[38;2;0;255;255m  ▀▀  [48;2;0;255;255m[38;2;0;0;0m  [48;2;19;19;19m[38;2;0;255;255m ▄[48;2;226;226;226m[38;2;77;77;77m▌[48;2;0;255;255m[38;2;226;226;226m▗[48;2;101;101;101m[38;2;226;226;226m▌[48;2;0;255;255m[38;2;101;101;101m    ▀  [48;2;101;101;101m[38;2;255;255;255m▗[48;2;0;255;255m[38;2;77;77;77m▄[48;2;19;19;19m[38;2;101;101;101m▅[48;2;0;255;255m[38;2;0;0;0m  [48;2;101;101;101m[38;2;226;226;226m▗[48;2;0;255;255m[38;2;255;255;255m▂[48;2;101;101;101m[38;2;226;226;226m▂[48;2;0;255;255m[38;2;226;226;226m▄[48;2;0;255;255m[38;2;255;255;255m▂[48;2;0;0;0m[38;2;54;54;54m▎ [48;2;0;0;0m[38;2;0;255;255m▄[48;2;0;255;255m[38;2;0;0;0m [48;2;0;255;255m[38;2;0;0;0m▄[48;2;19;19;19m[38;2;0;0;0m▘  [48;2;0;255;255m[38;2;19;19;19m▄[48;2;19;19;19m[38;2;0;0;0m [48;2;0;255;255m[38;2;19;19;19m▄[48;2;40;40;40m[38;2;19;19;19m▃▃ [0m
[48;2;101;101;101m[38;2;0;0;0m         [48;2;0;255;255m[38;2;0;0;0m  [48;2;101;101;101m[38;2;0;0;0m [48;2;129;129;129m[38;2;127;127;127m▂[48;2;19;19;19m[38;2;101;101;101m▌[48;2;0;0;0m[38;2;0;0;0m   [48;2;0;255;255m[38;2;0;0;0m  [48;2;40;40;40m[38;2;0;0;0m [48;2;19;19;19m[38;2;40;40;40m▅ [48;2;0;255;255m[38;2;0;0;0m  [48;2;19;19;19m[38;2;0;0;0m [48;2;0;255;255m[38;2;0;0;0m  [48;2;19;19;19m[38;2;0;0;0m [48;2;0;255;255m[38;2;19;19;19m▃   [48;2;19;19;19m[38;2;0;0;0m   [48;2;0;255;255m[38;2;19;19;19m▃▃ ▀[48;2;19;19;19m[38;2;0;0;0m   [48;2;0;255;255m[38;2;0;0;0m  [48;2;0;255;255m[38;2;19;19;19m▃ [48;2;188;188;188m[38;2;19;19;19m▌[48;2;255;255;255m[38;2;0;0;0m [48;2;101;101;101m[38;2;226;226;226m▌[48;2;0;255;255m[38;2;0;0;0m  [48;2;101;101;101m[38;2;0;0;0m [48;2;0;255;255m[38;2;101;101;101m▄   [48;2;54;54;54m[38;2;19;19;19m▌[48;2;159;159;159m[38;2;71;0;71m▅[48;2;0;0;0m[38;2;19;19;19m▌[48;2;0;255;255m[38;2;0;0;0m  [48;2;40;40;40m[38;2;0;0;0m▌[48;2;188;188;188m[38;2;19;19;19m▃[48;2;226;226;226m[38;2;0;0;0m [48;2;255;255;255m[38;2;226;226;226m▘▐[48;2;0;0;0m[38;2;101;101;101m▌[48;2;0;255;255m[38;2;0;0;0m  [48;2;19;19;19m[38;2;0;0;0m▌         [48;2;40;40;40m[38;2;19;19;19m▌[0m
[48;2;127;127;127m[38;2;0;0;0m    [48;2;101;101;101m[38;2;0;0;0m     [48;2;0;255;255m[38;2;0;0;0m  [48;2;101;101;101m[38;2;127;127;127m▃[48;2;101;101;101m[38;2;40;40;40m▗[48;2;19;19;19m[38;2;0;0;0m [48;2;0;0;0m[38;2;0;0;0m [48;2;0;0;0m[38;2;0;255;255m▄ [48;2;0;255;255m[38;2;0;0;0m  [48;2;40;40;40m[38;2;19;19;19m▌ [48;2;19;19;19m[38;2;0;0;0m [48;2;0;255;255m[38;2;0;0;0m  [48;2;19;19;19m[38;2;0;0;0m [48;2;0;255;255m[38;2;0;0;0m  [48;2;19;19;19m[38;2;0;0;0m   [48;2;0;255;255m[38;2;0;0;0m  [48;2;19;19;19m[38;2;0;0;0m [48;2;19;19;19m[38;2;0;255;255m▄▄   [48;2;0;255;255m[38;2;0;0;0m  [48;2;19;19;19m[38;2;0;0;0m  [48;2;0;255;255m[38;2;0;0;0m  [48;2;19;19;19m[38;2;40;40;40m▄[48;2;0;0;0m[38;2;19;19;19m▌▐[48;2;0;255;255m[38;2;19;19;19m▝[48;2;101;101;101m[38;2;255;255;255m▌[48;2;0;255;255m[38;2;0;0;0m  [48;2;226;226;226m[38;2;101;101;101m▌[48;2;210;210;210m[38;2;19;19;19m▁[48;2;77;77;77m[38;2;19;19;19m▅[48;2;0;255;255m[38;2;0;0;0m  [48;2;181;0;107m[38;2;19;19;19m▌[48;2;255;0;152m[38;2;181;0;107m▝[48;2;0;0;0m[38;2;116;0;69m▌[48;2;0;255;255m[38;2;0;0;0m  [48;2;0;0;0m[38;2;159;159;159m▗[48;2;19;19;19m[38;2;210;210;210m▆[48;2;54;54;54m[38;2;188;188;188m▂[48;2;226;226;226m[38;2;101;101;101m▖[48;2;188;188;188m[38;2;226;226;226m▌[48;2;40;40;40m[38;2;129;129;129m▌[48;2;0;255;255m[38;2;0;0;0m▄▄[48;2;0;0;0m[38;2;0;0;0m [48;2;19;19;19m[38;2;0;0;0m         [48;2;19;19;19m[38;2;40;40;40m▗[0m
[48;2;127;127;127m[38;2;127;127;127m    ▌[48;2;101;101;101m[38;2;0;0;0m     [48;2;0;255;255m[38;2;101;101;101m▄ [48;2;129;129;129m[38;2;0;255;255m▄▄[48;2;0;255;255m[38;2;0;0;0m [48;2;0;255;255m[38;2;0;0;0m▄[48;2;0;0;0m[38;2;0;0;0m [48;2;0;255;255m[38;2;19;19;19m▄ [48;2;40;40;40m[38;2;0;255;255m▄▄[48;2;19;19;19m[38;2;0;255;255m▄[48;2;0;255;255m[38;2;0;0;0m [48;2;0;255;255m[38;2;40;40;40m▄[48;2;19;19;19m[38;2;40;40;40m▃[48;2;0;255;255m[38;2;0;0;0m  [48;2;19;19;19m[38;2;0;0;0m   [48;2;0;255;255m[38;2;0;0;0m  [48;2;19;19;19m[38;2;0;0;0m [48;2;0;255;255m[38;2;19;19;19m▄ ▀▀[48;2;40;40;40m[38;2;0;255;255m▄[48;2;0;255;255m[38;2;0;0;0m [48;2;0;255;255m[38;2;40;40;40m▄[48;2;19;19;19m[38;2;40;40;40m▄[48;2;19;19;19m[38;2;0;255;255m▄[48;2;0;255;255m[38;2;0;0;0m  [48;2;40;40;40m[38;2;0;255;255m▄[48;2;19;19;19m[38;2;0;255;255m▄[48;2;0;255;255m[38;2;0;0;0m  [48;2;101;101;101m[38;2;255;255;255m▌[48;2;0;255;255m[38;2;0;0;0m  [48;2;77;77;77m[38;2;210;210;210m▗[48;2;77;77;77m[38;2;226;226;226m▆[48;2;101;101;101m[38;2;255;255;255m▌[48;2;0;255;255m[38;2;0;0;0m  [48;2;19;19;19m[38;2;0;0;0m▌[48;2;181;0;107m[38;2;71;0;42m▗[48;2;19;19;19m[38;2;0;255;255m▄[48;2;0;255;255m[38;2;0;0;0m  [48;2;40;40;40m[38;2;0;255;255m▄[48;2;226;226;226m[38;2;255;255;255m▗[48;2;255;255;255m[38;2;0;0;0m [48;2;159;159;159m[38;2;255;255;255m▆[48;2;159;159;159m[38;2;101;101;101m▗[48;2;77;77;77m[38;2;159;159;159m▌[48;2;0;255;255m[38;2;0;0;0m  [48;2;0;0;0m[38;2;0;0;0m [48;2;19;19;19m[38;2;0;0;0m         [48;2;40;40;40m[38;2;19;19;19m▖[0m
[48;2;127;127;127m[38;2;0;0;0m   [48;2;101;101;101m[38;2;0;0;0m       [48;2;129;129;129m[38;2;127;127;127m▌[48;2;101;101;101m[38;2;127;127;127m▌[48;2;0;0;0m[38;2;0;0;0m [48;2;19;19;19m[38;2;0;0;0m       [48;2;40;40;40m[38;2;0;0;0m       [48;2;19;19;19m[38;2;0;0;0m       [48;2;40;40;40m[38;2;0;0;0m           [48;2;19;19;19m[38;2;0;0;0m [48;2;0;0;0m[38;2;0;0;0m [48;2;210;210;210m[38;2;0;0;0m [48;2;226;226;226m[38;2;0;0;0m [48;2;101;101;101m[38;2;226;226;226m▆▆[48;2;210;210;210m[38;2;0;0;0m  [48;2;226;226;226m[38;2;0;0;0m [48;2;77;77;77m[38;2;188;188;188m▆[48;2;0;0;0m[38;2;40;40;40m▆ [48;2;71;0;42m[38;2;181;0;107m▗[48;2;116;0;69m[38;2;181;0;107m▖[48;2;0;0;0m[38;2;19;19;19m▆[48;2;210;210;210m[38;2;101;101;101m▌[48;2;101;101;101m[38;2;226;226;226m▆[48;2;255;255;255m[38;2;0;0;0m [48;2;226;226;226m[38;2;0;0;0m [48;2;210;210;210m[38;2;0;0;0m [48;2;188;188;188m[38;2;0;0;0m [48;2;226;226;226m[38;2;0;0;0m [48;2;77;77;77m[38;2;210;210;210m▌[48;2;0;0;0m[38;2;19;19;19m▆[48;2;19;19;19m[38;2;0;0;0m          [48;2;40;40;40m[38;2;19;19;19m▊[0m
[48;2;54;54;54m[38;2;0;0;0m   [48;2;77;77;77m[38;2;0;0;0m [48;2;77;77;77m[38;2;54;54;54m▂[48;2;54;54;54m[38;2;77;77;77m▁▁▁ [48;2;77;77;77m[38;2;54;54;54m▃  [48;2;54;54;54m[38;2;77;77;77m▆[48;2;77;77;77m[38;2;0;0;0m   [48;2;77;77;77m[38;2;54;54;54m▗▖[48;2;54;54;54m[38;2;77;77;77m▇▆  ▁▁▁  [48;2;77;77;77m[38;2;101;101;101m ▁▁▁▁▁▁▁[48;2;54;54;54m[38;2;77;77;77m▇▆▆▖        ▃▅[48;2;77;77;77m[38;2;77;77;77m▃  [48;2;54;54;54m[38;2;77;77;77m▇[48;2;77;77;77m[38;2;0;0;0m   [48;2;77;77;77m[38;2;54;54;54m▃▆[48;2;54;54;54m[38;2;0;0;0m                      [0m
[48;2;77;77;77m[38;2;101;101;101m▃▂[48;2;77;77;77m[38;2;77;77;77m   ▁[48;2;77;77;77m[38;2;101;101;101m▁▁▁ [48;2;101;101;101m[38;2;77;77;77m▃▁ [48;2;101;101;101m[38;2;101;101;101m▌[48;2;77;77;77m[38;2;0;0;0m  [48;2;101;101;101m[38;2;77;77;77m▖ [48;2;77;77;77m[38;2;101;101;101m▌ ▁[48;2;77;77;77m[38;2;77;77;77m▄▄▆▄▆ [48;2;101;101;101m[38;2;101;101;101m▁   [48;2;101;101;101m[38;2;127;127;127m▁▁▁▁▁[48;2;101;101;101m[38;2;101;101;101m▁ [48;2;77;77;77m[38;2;101;101;101m▅[48;2;54;54;54m[38;2;77;77;77m▆▆▆▆▆▇[48;2;77;77;77m[38;2;101;101;101m▁▃▅[48;2;101;101;101m[38;2;127;127;127m▁▁▁     [48;2;101;101;101m[38;2;77;77;77m▗[48;2;77;77;77m[38;2;101;101;101m      ▂▁▁▁   ▂▅▇▇▇▇▇[48;2;54;54;54m[38;2;101;101;101m▇▆▆[0m
[48;2;127;127;127m[38;2;101;101;101m▅▅▃▂[48;2;101;101;101m[38;2;127;127;127m▆▅      [48;2;127;127;127m[38;2;101;101;101m▃▅[48;2;101;101;101m[38;2;0;0;0m  [48;2;127;127;127m[38;2;127;127;127m▌  [48;2;101;101;101m[38;2;127;127;127m▆▅         [48;2;127;127;127m[38;2;127;127;127m      ▇[48;2;101;101;101m[38;2;127;127;127m▆[48;2;77;77;77m[38;2;101;101;101m▇▇▆▆▇[48;2;101;101;101m[38;2;101;101;101m▇[48;2;101;101;101m[38;2;127;127;127m▆[48;2;127;127;127m[38;2;0;0;0m   [48;2;127;127;127m[38;2;129;129;129m▖[48;2;127;127;127m[38;2;54;54;54m▂[48;2;127;127;127m[38;2;40;40;40m▂[48;2;127;127;127m[38;2;77;77;77m▅▇[48;2;54;54;54m[38;2;77;77;77m▄[48;2;101;101;101m[38;2;0;0;0m [48;2;40;40;40m[38;2;77;77;77m▌▝[48;2;77;77;77m[38;2;101;101;101m▘ [48;2;101;101;101m[38;2;77;77;77m▆[48;2;40;40;40m[38;2;77;77;77m▄[48;2;101;101;101m[38;2;77;77;77m▆[48;2;54;54;54m[38;2;0;0;0m▝[48;2;19;19;19m[38;2;77;77;77m▝[48;2;101;101;101m[38;2;0;0;0m    [48;2;101;101;101m[38;2;127;127;127m▅[48;2;127;127;127m[38;2;127;127;127m    ▇▇▇▇[48;2;101;101;101m[38;2;127;127;127m▇▆▄[0m
[48;2;101;101;101m[38;2;0;0;0m [48;2;0;255;255m[38;2;0;0;0m  [48;2;101;101;101m[38;2;0;0;0m  [48;2;0;255;255m[38;2;0;0;0m  [48;2;101;101;101m[38;2;0;0;0m       [48;2;101;101;101m[38;2;127;127;127m▗▆[48;2;127;127;127m[38;2;127;127;127m     ▌[48;2;101;101;101m[38;2;0;0;0m  [48;2;0;255;255m[38;2;101;101;101m▃  [48;2;129;129;129m[38;2;101;101;101m▝[48;2;101;101;101m[38;2;0;0;0m  [48;2;127;127;127m[38;2;0;0;0m         [48;2;101;101;101m[38;2;0;0;0m     [48;2;127;127;127m[38;2;0;0;0m  [48;2;127;127;127m[38;2;54;54;54m▃[48;2;127;127;127m[38;2;101;101;101m▅[48;2;127;127;127m[38;2;19;19;19m▅[48;2;19;19;19m[38;2;77;77;77m▗[48;2;40;40;40m[38;2;101;101;101m━[48;2;40;40;40m[38;2;19;19;19m▂[48;2;77;77;77m[38;2;54;54;54m▅[48;2;101;101;101m[38;2;77;77;77m▅[48;2;77;77;77m[38;2;54;54;54m▅[48;2;101;101;101m[38;2;40;40;40m▅[48;2;40;40;40m[38;2;54;54;54m▘ ▝[48;2;77;77;77m[38;2;54;54;54m▌ [48;2;77;77;77m[38;2;40;40;40m▆[48;2;54;54;54m[38;2;40;40;40m▝[48;2;19;19;19m[38;2;54;54;54m▄[48;2;19;19;19m[38;2;77;77;77m▇▅[48;2;101;101;101m[38;2;19;19;19m▅ [48;2;127;127;127m[38;2;0;0;0m            [0m
[48;2;101;101;101m[38;2;0;0;0m [48;2;0;255;255m[38;2;0;0;0m  [48;2;101;101;101m[38;2;0;0;0m  [48;2;0;255;255m[38;2;0;0;0m  [48;2;101;101;101m[38;2;0;0;0m  [48;2;101;101;101m[38;2;0;255;255m▄▄▄▄▄ [48;2;127;127;127m[38;2;0;0;0m  [48;2;127;127;127m[38;2;0;255;255m▄▄▄▄[48;2;101;101;101m[38;2;0;0;0m    [48;2;0;255;255m[38;2;0;0;0m  [48;2;127;127;127m[38;2;101;101;101m▌[48;2;127;127;127m[38;2;0;255;255m▄▄          [48;2;101;101;101m[38;2;127;127;127m▇▅ ▟[48;2;127;127;127m[38;2;0;0;0m [48;2;40;40;40m[38;2;127;127;127m▘[48;2;101;101;101m[38;2;54;54;54m▅[48;2;19;19;19m[38;2;0;0;0m [48;2;19;19;19m[38;2;40;40;40m▝[48;2;54;54;54m[38;2;19;19;19m▅[48;2;19;19;19m[38;2;40;40;40m▚▄[48;2;40;40;40m[38;2;0;0;0m [48;2;54;54;54m[38;2;19;19;19m▃[48;2;40;40;40m[38;2;19;19;19m▅[48;2;54;54;54m[38;2;19;19;19m▅▅▅[48;2;40;40;40m[38;2;19;19;19m▅[48;2;77;77;77m[38;2;19;19;19m▅[48;2;19;19;19m[38;2;54;54;54m▘[48;2;19;19;19m[38;2;40;40;40m▅▁[48;2;40;40;40m[38;2;0;0;0m [48;2;54;54;54m[38;2;40;40;40m▃[48;2;77;77;77m[38;2;40;40;40m▃[48;2;19;19;19m[38;2;54;54;54m▇▁[48;2;101;101;101m[38;2;19;19;19m▅[48;2;127;127;127m[38;2;0;0;0m          [48;2;101;101;101m[38;2;0;0;0m [0m
[48;2;101;101;101m[38;2;0;0;0m  [48;2;0;255;255m[38;2;101;101;101m▃  ▃[48;2;101;101;101m[38;2;0;0;0m  [48;2;0;255;255m[38;2;0;0;0m  [48;2;101;101;101m[38;2;0;255;255m▄▄▄[48;2;0;255;255m[38;2;0;0;0m  [48;2;127;127;127m[38;2;0;0;0m  [48;2;127;127;127m[38;2;0;255;255m▄▄▄[48;2;0;255;255m[38;2;0;0;0m  [48;2;127;127;127m[38;2;0;0;0m [48;2;101;101;101m[38;2;127;127;127m▆▅[48;2;0;255;255m[38;2;0;0;0m  [48;2;0;255;255m[38;2;101;101;101m▃[48;2;127;127;127m[38;2;101;101;101m▁[48;2;0;255;255m[38;2;0;0;0m  [48;2;127;127;127m[38;2;0;0;0m            [48;2;127;127;127m[38;2;77;77;77m▁[48;2;19;19;19m[38;2;0;0;0m [48;2;77;77;77m[38;2;19;19;19m▅[48;2;40;40;40m[38;2;77;77;77m▘ [48;2;19;19;19m[38;2;0;0;0m   [48;2;54;54;54m[38;2;19;19;19m▃[48;2;19;19;19m[38;2;40;40;40m▘ ▁▂▂[48;2;40;40;40m[38;2;0;0;0m [48;2;19;19;19m[38;2;116;58;0m▃▂ [48;2;40;40;40m[38;2;19;19;19m▅▃▟[48;2;19;19;19m[38;2;40;40;40m ▜[48;2;54;54;54m[38;2;40;40;40m▅[48;2;54;54;54m[38;2;77;77;77m▝[48;2;40;40;40m[38;2;54;54;54m▌[48;2;0;0;0m[38;2;0;0;0m [48;2;127;127;127m[38;2;0;0;0m [48;2;127;127;127m[38;2;129;129;129m▃▅      [48;2;101;101;101m[38;2;127;127;127m▆[0m
[48;2;101;101;101m[38;2;0;0;0m   [48;2;0;255;255m[38;2;0;0;0m  [48;2;101;101;101m[38;2;0;0;0m   [48;2;0;255;255m[38;2;0;0;0m  [48;2;101;101;101m[38;2;0;0;0m [48;2;101;101;101m[38;2;127;127;127m▗[48;2;127;127;127m[38;2;129;129;129m▆[48;2;129;129;129m[38;2;0;0;0m [48;2;129;129;129m[38;2;127;127;127m▗[48;2;127;127;127m[38;2;0;0;0m [48;2;0;255;255m[38;2;0;0;0m  [48;2;127;127;127m[38;2;0;0;0m  [48;2;0;255;255m[38;2;0;0;0m  [48;2;127;127;127m[38;2;0;0;0m   [48;2;0;255;255m[38;2;0;0;0m  [48;2;101;101;101m[38;2;127;127;127m▅▅[48;2;0;255;255m[38;2;0;0;0m  [48;2;127;127;127m[38;2;0;0;0m  [48;2;127;127;127m[38;2;0;255;255m▗▄▖[48;2;127;127;127m[38;2;129;129;129m▇▆  ▂▆[48;2;40;40;40m[38;2;129;129;129m▌[48;2;77;77;77m[38;2;19;19;19m▊[48;2;40;40;40m[38;2;0;0;0m [48;2;40;40;40m[38;2;19;19;19m▆[48;2;19;19;19m[38;2;0;0;0m   [48;2;19;19;19m[38;2;116;58;0m▂[48;2;40;40;40m[38;2;116;58;0m▅[48;2;19;19;19m[38;2;181;99;0m▅[48;2;19;19;19m[38;2;252;127;0m▅[48;2;40;40;40m[38;2;181;99;0m▆[48;2;40;40;40m[38;2;252;127;0m▅[48;2;40;40;40m[38;2;181;99;0m▅[48;2;71;33;0m[38;2;252;127;0m▅▅[48;2;116;58;0m[38;2;255;180;89m▄[48;2;181;99;0m[38;2;255;180;89m▄[48;2;54;54;54m[38;2;252;127;0m▅[48;2;40;40;40m[38;2;181;99;0m▄▄[48;2;19;19;19m[38;2;252;127;0m▄[48;2;19;19;19m[38;2;101;101;101m▁[48;2;19;19;19m[38;2;0;0;0m▂[48;2;40;40;40m[38;2;19;19;19m▃[48;2;54;54;54m[38;2;40;40;40m▅▅[48;2;0;0;0m[38;2;40;40;40m▌[48;2;127;127;127m[38;2;19;19;19m▌[48;2;129;129;129m[38;2;0;0;0m [48;2;129;129;129m[38;2;127;127;127m▗▅[48;2;127;127;127m[38;2;0;0;0m     [48;2;129;129;129m[38;2;127;127;127m▘[0m
[48;2;101;101;101m[38;2;0;0;0m  [48;2;101;101;101m[38;2;0;255;255m▅[48;2;0;255;255m[38;2;0;0;0m  [48;2;101;101;101m[38;2;0;255;255m▅  ▀[48;2;0;255;255m[38;2;0;0;0m [48;2;127;127;127m[38;2;0;255;255m▄[48;2;129;129;129m[38;2;0;255;255m▅▅[48;2;0;255;255m[38;2;0;0;0m [48;2;0;255;255m[38;2;129;129;129m▄[48;2;127;127;127m[38;2;129;129;129m▎[48;2;0;255;255m[38;2;129;129;129m▄ [48;2;127;127;127m[38;2;0;255;255m▅▄[48;2;0;255;255m[38;2;101;101;101m▄ [48;2;127;127;127m[38;2;0;255;255m▅[48;2;127;127;127m[38;2;101;101;101m▃[48;2;127;127;127m[38;2;0;255;255m▅[48;2;0;255;255m[38;2;0;0;0m  [48;2;127;127;127m[38;2;0;0;0m [48;2;129;129;129m[38;2;0;0;0m [48;2;0;255;255m[38;2;0;0;0m  [48;2;127;127;127m[38;2;129;129;129m▆▆[48;2;0;255;255m[38;2;129;129;129m▌ ▐[48;2;129;129;129m[38;2;0;0;0m   [48;2;129;129;129m[38;2;127;127;127m▊▐[48;2;40;40;40m[38;2;129;129;129m▌[48;2;0;0;0m[38;2;40;40;40m▗[48;2;19;19;19m[38;2;0;0;0m [48;2;40;40;40m[38;2;19;19;19m▅[48;2;19;19;19m[38;2;0;0;0m  [48;2;40;40;40m[38;2;116;58;0m▃[48;2;116;58;0m[38;2;0;0;0m [48;2;252;127;0m[38;2;116;58;0m▘[48;2;252;127;0m[38;2;255;180;89m▁ [48;2;255;180;89m[38;2;0;0;0m [48;2;255;180;89m[38;2;255;211;156m ▂▃▃▁       [48;2;54;54;54m[38;2;255;180;89m▅[48;2;19;19;19m[38;2;0;0;0m [48;2;40;40;40m[38;2;19;19;19m▊ ▐[48;2;0;0;0m[38;2;0;0;0m [48;2;127;127;127m[38;2;0;0;0m [48;2;129;129;129m[38;2;0;0;0m [48;2;127;127;127m[38;2;129;129;129m▎     [48;2;127;127;127m[38;2;127;127;127m▌[0m
[48;2;101;101;101m[38;2;0;0;0m         [48;2;101;101;101m[38;2;127;127;127m▅[48;2;127;127;127m[38;2;0;0;0m [48;2;129;129;129m[38;2;0;0;0m  [48;2;127;127;127m[38;2;129;129;129m▁   [48;2;129;129;129m[38;2;127;127;127m▅[48;2;127;127;127m[38;2;0;0;0m [48;2;101;101;101m[38;2;129;129;129m▆[48;2;101;101;101m[38;2;127;127;127m▖    [48;2;127;127;127m[38;2;127;127;127m▌[48;2;129;129;129m[38;2;0;0;0m [48;2;127;127;127m[38;2;129;129;129m▖▅[48;2;129;129;129m[38;2;0;0;0m [48;2;129;129;129m[38;2;127;127;127m▖▅[48;2;129;129;129m[38;2;0;255;255m▝▀▘   [48;2;129;129;129m[38;2;127;127;127m▗▅▐[48;2;19;19;19m[38;2;127;127;127m▌[48;2;19;19;19m[38;2;0;0;0m▂[48;2;0;0;0m[38;2;19;19;19m▎[48;2;19;19;19m[38;2;0;0;0m▊ [48;2;77;77;77m[38;2;19;19;19m▌[48;2;181;99;0m[38;2;0;0;0m [48;2;252;127;0m[38;2;181;99;0m▌ [48;2;255;180;89m[38;2;252;127;0m▅  [48;2;255;211;156m[38;2;255;180;89m▅▂ ▃▂▁[48;2;255;180;89m[38;2;255;211;156m▆[48;2;255;211;156m[38;2;255;180;89m▂  [48;2;255;180;89m[38;2;0;0;0m  [48;2;255;211;156m[38;2;255;180;89m▂[48;2;252;127;0m[38;2;40;40;40m▝[48;2;19;19;19m[38;2;0;0;0m [48;2;40;40;40m[38;2;19;19;19m▆[48;2;19;19;19m[38;2;0;0;0m  [48;2;101;101;101m[38;2;19;19;19m▊[48;2;129;129;129m[38;2;101;101;101m▁ [48;2;127;127;127m[38;2;129;129;129m▁     [0m
[48;2;101;101;101m[38;2;0;0;0m         [48;2;129;129;129m[38;2;101;101;101m▌    [48;2;127;127;127m[38;2;129;129;129m▅   ▘[48;2;129;129;129m[38;2;127;127;127m▊▐[48;2;101;101;101m[38;2;0;0;0m     [48;2;129;129;129m[38;2;101;101;101m▅[48;2;127;127;127m[38;2;101;101;101m▅[48;2;101;101;101m[38;2;0;0;0m  [48;2;127;127;127m[38;2;101;101;101m▊[48;2;129;129;129m[38;2;0;0;0m       [48;2;129;129;129m[38;2;127;127;127m▝▙▌[48;2;77;77;77m[38;2;19;19;19m▆▟[48;2;0;0;0m[38;2;0;0;0m  [48;2;19;19;19m[38;2;0;0;0m [48;2;116;58;0m[38;2;19;19;19m▌[48;2;181;99;0m[38;2;0;0;0m [48;2;252;127;0m[38;2;181;99;0m▌ [48;2;255;180;89m[38;2;252;127;0m▌[48;2;255;180;89m[38;2;255;140;0m▎         [48;2;255;211;156m[38;2;255;180;89m▅[48;2;255;180;89m[38;2;0;0;0m    [48;2;255;140;0m[38;2;255;180;89m▌[48;2;19;19;19m[38;2;116;58;0m▎   [48;2;101;101;101m[38;2;19;19;19m▊[48;2;101;101;101m[38;2;127;127;127m▎[48;2;127;127;127m[38;2;101;101;101m▃[48;2;129;129;129m[38;2;0;0;0m  [48;2;127;127;127m[38;2;0;0;0m    [0m
[48;2;101;101;101m[38;2;0;0;0m   [48;2;101;101;101m[38;2;0;255;255m▄[48;2;0;255;255m[38;2;0;0;0m [48;2;101;101;101m[38;2;0;0;0m    [48;2;0;255;255m[38;2;101;101;101m▄  [48;2;129;129;129m[38;2;0;0;0m  [48;2;129;129;129m[38;2;127;127;127m▝[48;2;127;127;127m[38;2;0;0;0m    [48;2;127;127;127m[38;2;129;129;129m▁▁[48;2;101;101;101m[38;2;127;127;127m▆    [48;2;101;101;101m[38;2;0;255;255m▄[48;2;0;255;255m[38;2;0;0;0m [48;2;101;101;101m[38;2;0;0;0m   [48;2;127;127;127m[38;2;101;101;101m▃[48;2;129;129;129m[38;2;0;0;0m         [48;2;0;0;0m[38;2;127;127;127m▎[48;2;19;19;19m[38;2;0;0;0m▅[48;2;0;0;0m[38;2;0;0;0m  [48;2;19;19;19m[38;2;0;0;0m [48;2;181;99;0m[38;2;40;40;40m▘ [48;2;252;127;0m[38;2;181;99;0m▌  [48;2;255;180;89m[38;2;0;0;0m  [48;2;255;180;89m[38;2;255;211;156m▂▄▂[48;2;255;180;89m[38;2;255;180;89m▁  [48;2;255;180;89m[38;2;255;211;156m▁▃▄▅▄▂ [48;2;252;127;0m[38;2;255;180;89m▌[48;2;19;19;19m[38;2;116;58;0m▘[48;2;19;19;19m[38;2;40;40;40m▌ [48;2;0;0;0m[38;2;0;0;0m [48;2;129;129;129m[38;2;40;40;40m▌[48;2;101;101;101m[38;2;129;129;129m▌ [48;2;127;127;127m[38;2;101;101;101m▅[48;2;129;129;129m[38;2;0;0;0m [48;2;127;127;127m[38;2;129;129;129m▅▖[48;2;127;127;127m[38;2;101;101;101m▁ [0m
[48;2;101;101;101m[38;2;0;0;0m [48;2;101;101;101m[38;2;0;255;255m▗▄[48;2;0;255;255m[38;2;0;0;0m  [48;2;101;101;101m[38;2;0;255;255m▄▖   [48;2;0;255;255m[38;2;0;0;0m  [48;2;101;101;101m[38;2;0;0;0m [48;2;129;129;129m[38;2;0;255;255m▄▄[48;2;129;129;129m[38;2;101;101;101m▁[48;2;127;127;127m[38;2;129;129;129m▅[48;2;129;129;129m[38;2;0;0;0m [48;2;127;127;127m[38;2;0;255;255m▄[48;2;129;129;129m[38;2;0;255;255m▄▄[48;2;127;127;127m[38;2;0;255;255m▄[48;2;101;101;101m[38;2;127;127;127m▖ [48;2;101;101;101m[38;2;0;255;255m▗▄[48;2;0;255;255m[38;2;0;0;0m  [48;2;101;101;101m[38;2;0;255;255m▄▖   [48;2;127;127;127m[38;2;101;101;101m▅[48;2;129;129;129m[38;2;0;0;0m     [48;2;129;129;129m[38;2;127;127;127m▗ [48;2;127;127;127m[38;2;0;0;0m▝[48;2;19;19;19m[38;2;0;0;0m [48;2;19;19;19m[38;2;0;0;0m▅▐[48;2;116;58;0m[38;2;71;33;0m▌[48;2;181;99;0m[38;2;116;58;0m▌ [48;2;252;127;0m[38;2;116;58;0m▅[48;2;181;99;0m[38;2;116;58;0m▅▅[48;2;252;127;0m[38;2;71;33;0m▃[48;2;255;180;89m[38;2;71;33;0m▃▂[48;2;255;180;89m[38;2;255;180;89m▇[48;2;255;211;156m[38;2;255;180;89m▇▇[48;2;255;180;89m[38;2;0;0;0m [48;2;255;180;89m[38;2;255;211;156m▘  [48;2;255;180;89m[38;2;181;99;0m▂[48;2;255;180;89m[38;2;252;127;0m▂▂▂▁[48;2;255;180;89m[38;2;181;99;0m▝[48;2;19;19;19m[38;2;0;0;0m  [48;2;19;19;19m[38;2;0;0;0m▅[48;2;0;0;0m[38;2;0;0;0m [48;2;129;129;129m[38;2;77;77;77m▘[48;2;101;101;101m[38;2;129;129;129m▌   [48;2;127;127;127m[38;2;101;101;101m▂▃[48;2;101;101;101m[38;2;0;0;0m  [0m
[48;2;101;101;101m[38;2;0;0;0m   [48;2;0;255;255m[38;2;0;0;0m  [48;2;101;101;101m[38;2;0;0;0m     [48;2;0;255;255m[38;2;0;0;0m  [48;2;0;255;255m[38;2;101;101;101m▃[48;2;101;101;101m[38;2;0;0;0m [48;2;0;255;255m[38;2;0;0;0m  [48;2;101;101;101m[38;2;0;0;0m [48;2;127;127;127m[38;2;101;101;101m▖[48;2;129;129;129m[38;2;0;255;255m▄▃[48;2;127;127;127m[38;2;0;255;255m▃[48;2;0;255;255m[38;2;0;0;0m  [48;2;101;101;101m[38;2;127;127;127m▅  [48;2;0;255;255m[38;2;0;0;0m  [48;2;101;101;101m[38;2;0;0;0m      [48;2;101;101;101m[38;2;127;127;127m▝[48;2;129;129;129m[38;2;127;127;127m▖   [48;2;127;127;127m[38;2;0;0;0m [48;2;129;129;129m[38;2;255;211;156m▗[48;2;101;101;101m[38;2;255;211;156m▆[48;2;40;40;40m[38;2;255;180;89m▃[48;2;19;19;19m[38;2;0;0;0m  [48;2;116;58;0m[38;2;116;58;0m▌[48;2;181;99;0m[38;2;252;127;0m▁[48;2;116;58;0m[38;2;181;99;0m▄▛[48;2;252;127;0m[38;2;71;33;0m▅[48;2;116;58;0m[38;2;71;33;0m━[48;2;71;33;0m[38;2;19;19;19m▅[48;2;71;0;0m[38;2;252;127;0m▃[48;2;71;0;0m[38;2;181;99;0m▃[48;2;116;58;0m[38;2;181;99;0m▂[48;2;181;99;0m[38;2;116;58;0m▅[48;2;255;180;89m[38;2;255;211;156m▗▄[48;2;252;127;0m[38;2;71;0;0m▗[48;2;181;99;0m[38;2;71;33;0m▅▆[48;2;71;0;0m[38;2;116;58;0m▁[48;2;116;58;0m[38;2;71;33;0m▇ [48;2;116;58;0m[38;2;252;127;0m▄[48;2;116;58;0m[38;2;181;99;0m▄[48;2;255;180;89m[38;2;252;127;0m▌[48;2;0;0;0m[38;2;127;127;127m▌[48;2;19;19;19m[38;2;0;0;0m▌▜[48;2;127;127;127m[38;2;40;40;40m▊[48;2;129;129;129m[38;2;0;0;0m [48;2;101;101;101m[38;2;127;127;127m▌ ▂     [0m
[48;2;101;101;101m[38;2;0;0;0m   [48;2;0;255;255m[38;2;0;0;0m  [48;2;101;101;101m[38;2;0;0;0m     [48;2;0;255;255m[38;2;0;0;0m  [48;2;101;101;101m[38;2;0;0;0m  [48;2;0;255;255m[38;2;0;0;0m  [48;2;101;101;101m[38;2;0;0;0m [48;2;0;255;255m[38;2;0;0;0m  [48;2;129;129;129m[38;2;0;0;0m [48;2;101;101;101m[38;2;129;129;129m▖[48;2;0;255;255m[38;2;0;0;0m  [48;2;101;101;101m[38;2;0;0;0m   [48;2;0;255;255m[38;2;0;0;0m  [48;2;101;101;101m[38;2;0;0;0m       [48;2;127;127;127m[38;2;101;101;101m▂[48;2;129;129;129m[38;2;0;0;0m   [48;2;127;127;127m[38;2;0;0;0m [48;2;255;180;89m[38;2;129;129;129m▊[48;2;252;127;0m[38;2;255;180;89m▖[48;2;255;211;156m[38;2;255;180;89m▖[48;2;19;19;19m[38;2;181;99;0m▌▐[48;2;181;99;0m[38;2;252;127;0m▗[48;2;252;127;0m[38;2;0;0;0m  [48;2;181;99;0m[38;2;252;127;0m▅[48;2;116;58;0m[38;2;181;99;0m▆[48;2;181;99;0m[38;2;252;127;0m▝▇[48;2;255;180;89m[38;2;252;127;0m▆[48;2;181;99;0m[38;2;252;127;0m▅[48;2;252;127;0m[38;2;181;99;0m━[48;2;181;99;0m[38;2;0;0;0m [48;2;255;211;156m[38;2;252;127;0m▌[48;2;255;180;89m[38;2;255;211;156m▌[48;2;116;58;0m[38;2;255;180;89m▄[48;2;181;99;0m[38;2;255;180;89m▂[48;2;252;127;0m[38;2;181;99;0m▘[48;2;252;127;0m[38;2;116;58;0m▝[48;2;19;19;19m[38;2;255;180;89m▃[48;2;71;0;0m[38;2;252;127;0m▅[48;2;116;58;0m[38;2;0;0;0m [48;2;252;127;0m[38;2;181;99;0m▖[48;2;255;180;89m[38;2;252;127;0m▌[48;2;19;19;19m[38;2;252;127;0m▌[48;2;19;19;19m[38;2;181;99;0m▂[48;2;19;19;19m[38;2;101;101;101m▗[48;2;129;129;129m[38;2;127;127;127m▌ [48;2;127;127;127m[38;2;101;101;101m▁▁▆[48;2;101;101;101m[38;2;0;0;0m     [0m
[48;2;101;101;101m[38;2;0;0;0m   [48;2;0;255;255m[38;2;101;101;101m▄ ▀ ▄[48;2;101;101;101m[38;2;0;0;0m [48;2;101;101;101m[38;2;0;255;255m▄[48;2;0;255;255m[38;2;0;0;0m  [48;2;101;101;101m[38;2;0;0;0m  [48;2;0;255;255m[38;2;0;0;0m  [48;2;101;101;101m[38;2;0;0;0m [48;2;0;255;255m[38;2;101;101;101m▄ ▀[48;2;129;129;129m[38;2;0;255;255m▄[48;2;0;255;255m[38;2;127;127;127m▄ [48;2;101;101;101m[38;2;0;255;255m▄  ▀[48;2;0;255;255m[38;2;101;101;101m ▀ ▄[48;2;101;101;101m[38;2;127;127;127m▂[48;2;101;101;101m[38;2;129;129;129m▂[48;2;101;101;101m[38;2;127;127;127m▁  [48;2;127;127;127m[38;2;101;101;101m▃[48;2;129;129;129m[38;2;101;101;101m▁ [48;2;127;127;127m[38;2;129;129;129m▁[48;2;129;129;129m[38;2;0;0;0m [48;2;255;211;156m[38;2;255;180;89m▅[48;2;255;180;89m[38;2;252;127;0m▘[48;2;19;19;19m[38;2;181;99;0m▌[48;2;116;58;0m[38;2;19;19;19m▌[48;2;181;99;0m[38;2;252;127;0m▝▜[48;2;252;127;0m[38;2;0;0;0m  [48;2;252;127;0m[38;2;255;140;0m▅[48;2;255;140;0m[38;2;255;180;89m▅▁▃▂[48;2;252;127;0m[38;2;255;140;0m▌[48;2;181;99;0m[38;2;252;127;0m▘[48;2;255;211;156m[38;2;255;140;0m▌[48;2;255;180;89m[38;2;255;211;156m▌   [48;2;181;99;0m[38;2;255;180;89m▆[48;2;252;127;0m[38;2;255;180;89m▅▅[48;2;255;180;89m[38;2;0;0;0m   [48;2;0;0;0m[38;2;181;99;0m▌[48;2;252;127;0m[38;2;19;19;19m▌[48;2;127;127;127m[38;2;255;211;156m▌[48;2;127;127;127m[38;2;129;129;129m▖ [48;2;101;101;101m[38;2;127;127;127m▆▅      [0m
[48;2;101;101;101m[38;2;0;0;0m                     [48;2;127;127;127m[38;2;101;101;101m▅▅▅[48;2;101;101;101m[38;2;0;0;0m [48;2;101;101;101m[38;2;127;127;127m▅  [48;2;101;101;101m[38;2;129;129;129m▝[48;2;129;129;129m[38;2;101;101;101m▅[48;2;127;127;127m[38;2;101;101;101m▅[48;2;129;129;129m[38;2;101;101;101m▁  [48;2;101;101;101m[38;2;127;127;127m▅▂▂▂[48;2;127;127;127m[38;2;127;127;127m▌[48;2;129;129;129m[38;2;0;0;0m  [48;2;127;127;127m[38;2;129;129;129m▂[48;2;255;180;89m[38;2;129;129;129m▁[48;2;181;99;0m[38;2;255;211;156m▖[48;2;116;58;0m[38;2;0;0;0m  [48;2;181;99;0m[38;2;0;0;0m [48;2;252;127;0m[38;2;181;99;0m▂ [48;2;255;180;89m[38;2;255;211;156m▝[48;2;255;211;156m[38;2;255;180;89m▂▄[48;2;255;180;89m[38;2;0;0;0m [48;2;252;127;0m[38;2;255;180;89m▘[48;2;181;99;0m[38;2;0;0;0m [48;2;252;127;0m[38;2;181;99;0m▊[48;2;255;211;156m[38;2;255;180;89m▘▝[48;2;255;180;89m[38;2;0;0;0m [48;2;255;180;89m[38;2;252;127;0m▅▂[48;2;255;211;156m[38;2;255;180;89m▅[48;2;255;180;89m[38;2;255;211;156m▅▅▛ [48;2;252;127;0m[38;2;0;0;0m [48;2;116;58;0m[38;2;19;19;19m▝[48;2;252;127;0m[38;2;0;0;0m [48;2;127;127;127m[38;2;255;180;89m▎    [48;2;127;127;127m[38;2;101;101;101m▁[48;2;101;101;101m[38;2;0;0;0m     [0m
[48;2;101;101;101m[38;2;0;0;0m                        [48;2;101;101;101m[38;2;127;127;127m▝▘ ▂▁   [48;2;127;127;127m[38;2;0;0;0m [48;2;129;129;129m[38;2;0;0;0m      [48;2;127;127;127m[38;2;0;0;0m  [48;2;129;129;129m[38;2;0;0;0m [48;2;127;127;127m[38;2;0;0;0m [48;2;255;180;89m[38;2;127;127;127m▄[48;2;116;58;0m[38;2;19;19;19m▆[48;2;181;99;0m[38;2;116;58;0m▊  [48;2;181;99;0m[38;2;252;127;0m▝[48;2;255;180;89m[38;2;252;127;0m▂▂▆▀▜[48;2;181;99;0m[38;2;116;58;0m▅[48;2;181;99;0m[38;2;116;0;0m▅[48;2;255;180;89m[38;2;116;58;0m▃▃[48;2;252;127;0m[38;2;116;0;0m▃[48;2;252;127;0m[38;2;255;180;89m▂ [48;2;255;180;89m[38;2;252;127;0m▃   [48;2;252;127;0m[38;2;0;0;0m [48;2;116;58;0m[38;2;181;99;0m▃[48;2;252;127;0m[38;2;181;99;0m▘[48;2;255;180;89m[38;2;127;127;127m▅[48;2;127;127;127m[38;2;0;0;0m [48;2;127;127;127m[38;2;101;101;101m▁▁▂▃[48;2;101;101;101m[38;2;0;0;0m      [0m
[48;2;101;101;101m[38;2;0;0;0m  [48;2;101;101;101m[38;2;0;255;255m▄▄   ▄▄  ▄▄▄▄    ▄▄▄▄▄    [48;2;127;127;127m[38;2;0;0;0m [48;2;101;101;101m[38;2;127;127;127m▆[48;2;101;101;101m[38;2;129;129;129m▆[48;2;129;129;129m[38;2;127;127;127m▅▅▅▟▟▙▟▌▐[48;2;127;127;127m[38;2;0;0;0m  [48;2;129;129;129m[38;2;127;127;127m▇[48;2;127;127;127m[38;2;129;129;129m▇[48;2;0;0;0m[38;2;127;127;127m▖[48;2;116;58;0m[38;2;71;33;0m▖[48;2;181;99;0m[38;2;0;0;0m [48;2;252;127;0m[38;2;181;99;0m▖[48;2;181;99;0m[38;2;0;0;0m [48;2;252;127;0m[38;2;181;99;0m▌[48;2;252;127;0m[38;2;255;180;89m▌ [48;2;255;180;89m[38;2;252;127;0m▆[48;2;252;127;0m[38;2;0;0;0m  [48;2;252;127;0m[38;2;255;180;89m▇[48;2;116;58;0m[38;2;255;180;89m▅▅[48;2;181;99;0m[38;2;255;180;89m▆[48;2;255;211;156m[38;2;255;180;89m▃[48;2;255;180;89m[38;2;0;0;0m [48;2;252;127;0m[38;2;255;140;0m▄[48;2;255;140;0m[38;2;252;127;0m▅[48;2;252;127;0m[38;2;0;0;0m  [48;2;181;99;0m[38;2;0;0;0m [48;2;116;58;0m[38;2;101;101;101m▅[48;2;101;101;101m[38;2;0;0;0m [48;2;127;127;127m[38;2;101;101;101m▃▃[48;2;101;101;101m[38;2;0;0;0m        [48;2;127;127;127m[38;2;0;0;0m  [0m
[48;2;101;101;101m[38;2;0;0;0m  [48;2;0;255;255m[38;2;0;0;0m  [48;2;101;101;101m[38;2;0;0;0m [48;2;101;101;101m[38;2;0;255;255m▄ [48;2;0;255;255m[38;2;0;0;0m  [48;2;101;101;101m[38;2;0;0;0m  [48;2;101;101;101m[38;2;0;255;255m▄▄▄[48;2;0;255;255m[38;2;0;0;0m  [48;2;101;101;101m[38;2;0;0;0m  [48;2;0;255;255m[38;2;101;101;101m▃ ▀[48;2;101;101;101m[38;2;0;0;0m  [48;2;0;255;255m[38;2;101;101;101m▃▃[48;2;101;101;101m[38;2;0;0;0m  [48;2;127;127;127m[38;2;127;127;127m▌[48;2;129;129;129m[38;2;127;127;127m▅▅▆[48;2;127;127;127m[38;2;0;0;0m              [48;2;71;33;0m[38;2;0;0;0m [48;2;116;58;0m[38;2;0;0;0m [48;2;181;99;0m[38;2;0;0;0m  [48;2;255;180;89m[38;2;252;127;0m▌▐[48;2;252;127;0m[38;2;0;0;0m [48;2;181;99;0m[38;2;71;0;0m━[48;2;181;99;0m[38;2;116;0;0m▅[48;2;127;0;0m[38;2;116;58;0m▆[48;2;127;0;0m[38;2;181;99;0m▄[48;2;255;180;89m[38;2;181;99;0m▆[48;2;255;180;89m[38;2;127;0;0m▆▅▃[48;2;252;127;0m[38;2;0;0;0m [48;2;255;180;89m[38;2;255;140;0m▌[48;2;252;127;0m[38;2;255;180;89m▌▄[48;2;252;127;0m[38;2;181;99;0m▗[48;2;101;101;101m[38;2;0;0;0m           [48;2;127;127;127m[38;2;0;0;0m    [0m
[48;2;101;101;101m[38;2;0;0;0m  [48;2;0;255;255m[38;2;0;0;0m  [48;2;101;101;101m[38;2;0;0;0m [48;2;0;255;255m[38;2;0;0;0m [48;2;101;101;101m[38;2;0;0;0m [48;2;0;255;255m[38;2;0;0;0m  [48;2;101;101;101m[38;2;0;0;0m [48;2;0;255;255m[38;2;0;0;0m  [48;2;101;101;101m[38;2;0;0;0m  [48;2;0;255;255m[38;2;0;0;0m  [48;2;101;101;101m[38;2;0;0;0m    [48;2;0;255;255m[38;2;101;101;101m▄▄ ▀[48;2;101;101;101m[38;2;127;127;127m▃▅▅▟[48;2;127;127;127m[38;2;0;0;0m              [48;2;127;127;127m[38;2;129;129;129m▁[48;2;127;127;127m[38;2;19;19;19m▂[48;2;19;19;19m[38;2;0;0;0m [48;2;71;0;0m[38;2;71;33;0m▌[48;2;71;0;0m[38;2;116;58;0m▝[48;2;181;99;0m[38;2;116;58;0m▖ [48;2;252;127;0m[38;2;181;99;0m▌[48;2;255;180;89m[38;2;252;127;0m▅▟[48;2;252;127;0m[38;2;0;0;0m [48;2;252;127;0m[38;2;181;99;0m▃[48;2;252;127;0m[38;2;116;58;0m▂▁[48;2;252;127;0m[38;2;181;99;0m▁  [48;2;255;180;89m[38;2;252;127;0m▘  [48;2;252;127;0m[38;2;0;0;0m [48;2;255;180;89m[38;2;181;99;0m▗[48;2;101;101;101m[38;2;181;99;0m▌ [48;2;127;127;127m[38;2;101;101;101m▅▆[48;2;101;101;101m[38;2;0;0;0m        [48;2;127;127;127m[38;2;101;101;101m▌▗[48;2;101;101;101m[38;2;0;0;0m  [0m
[48;2;101;101;101m[38;2;0;0;0m  [48;2;0;255;255m[38;2;101;101;101m▄  ▄  ▄[48;2;101;101;101m[38;2;0;0;0m [48;2;0;255;255m[38;2;101;101;101m▄ ▀▀▄ ▀[48;2;101;101;101m[38;2;0;255;255m ▀[48;2;0;255;255m[38;2;101;101;101m ▀▀▀ [48;2;0;255;255m[38;2;127;127;127m▄[48;2;127;127;127m[38;2;0;0;0m                [48;2;127;127;127m[38;2;54;54;54m▃▟[48;2;0;0;0m[38;2;0;0;0m [48;2;159;159;159m[38;2;101;101;101m▌[48;2;116;58;0m[38;2;159;159;159m▌[48;2;71;0;0m[38;2;116;58;0m▅[48;2;0;0;0m[38;2;71;33;0m▝[48;2;116;58;0m[38;2;71;0;0m▃[48;2;181;99;0m[38;2;116;58;0m▖[48;2;252;127;0m[38;2;0;0;0m  [48;2;252;127;0m[38;2;255;180;89m▝[48;2;255;180;89m[38;2;0;0;0m [48;2;252;127;0m[38;2;255;180;89m▇[48;2;181;99;0m[38;2;255;180;89m▆▆[48;2;252;127;0m[38;2;255;180;89m▆[48;2;255;180;89m[38;2;0;0;0m   [48;2;252;127;0m[38;2;0;0;0m [48;2;252;127;0m[38;2;101;101;101m▗[48;2;181;99;0m[38;2;40;40;40m▅[48;2;101;101;101m[38;2;19;19;19m▅[48;2;127;127;127m[38;2;19;19;19m▅[48;2;101;101;101m[38;2;0;0;0m▂▁            [0m
[48;2;101;101;101m[38;2;0;0;0m                      [48;2;101;101;101m[38;2;127;127;127m▆[48;2;127;127;127m[38;2;0;0;0m             [48;2;127;127;127m[38;2;54;54;54m▃▅▅[48;2;127;127;127m[38;2;77;77;77m▆[48;2;77;77;77m[38;2;0;0;0m [48;2;54;54;54m[38;2;40;40;40m▗[48;2;0;0;0m[38;2;40;40;40m▘[48;2;19;19;19m[38;2;159;159;159m▗[48;2;255;255;255m[38;2;0;0;0m [48;2;54;54;54m[38;2;188;188;188m▎[48;2;116;58;0m[38;2;71;33;0m▖[48;2;116;58;0m[38;2;19;19;19m▝[48;2;71;0;0m[38;2;0;0;0m [48;2;116;58;0m[38;2;71;0;0m▆[48;2;181;99;0m[38;2;71;0;0m▅[48;2;252;127;0m[38;2;0;0;0m  [48;2;255;180;89m[38;2;252;127;0m▆      [48;2;252;127;0m[38;2;116;58;0m▃[48;2;127;127;127m[38;2;116;58;0m▌[48;2;101;101;101m[38;2;159;159;159m▌[48;2;0;0;0m[38;2;0;0;0m [48;2;19;19;19m[38;2;0;0;0m▃▁ [48;2;0;0;0m[38;2;19;19;19m▅▆[48;2;19;19;19m[38;2;40;40;40m▄[48;2;101;101;101m[38;2;40;40;40m▅▅▃[48;2;101;101;101m[38;2;54;54;54m▃[48;2;101;101;101m[38;2;40;40;40m▁[48;2;101;101;101m[38;2;77;77;77m▁    [0m
[48;2;101;101;101m[38;2;0;0;0m                   [48;2;101;101;101m[38;2;127;127;127m▗▆[48;2;127;127;127m[38;2;0;0;0m        [48;2;127;127;127m[38;2;101;101;101m▁[48;2;127;127;127m[38;2;77;77;77m▂▅▅▇[48;2;77;77;77m[38;2;54;54;54m▃[48;2;54;54;54m[38;2;0;255;255m▗▟▌ [48;2;77;77;77m[38;2;54;54;54m▃[48;2;54;54;54m[38;2;40;40;40m▅[48;2;19;19;19m[38;2;40;40;40m▘[48;2;0;0;0m[38;2;19;19;19m▌[48;2;188;188;188m[38;2;19;19;19m▌[48;2;255;255;255m[38;2;210;210;210m▃[48;2;210;210;210m[38;2;77;77;77m▝[48;2;116;58;0m[38;2;71;33;0m▌[48;2;181;99;0m[38;2;0;0;0m [48;2;181;99;0m[38;2;116;58;0m▝[48;2;71;0;0m[38;2;116;58;0m▖  [48;2;181;99;0m[38;2;71;33;0m▅▅[48;2;252;127;0m[38;2;116;58;0m▅▃▃[48;2;255;180;89m[38;2;116;58;0m▅[48;2;252;127;0m[38;2;116;58;0m▅[48;2;116;58;0m[38;2;181;99;0m▃[48;2;181;99;0m[38;2;0;0;0m [48;2;101;101;101m[38;2;116;58;0m▌[48;2;226;226;226m[38;2;210;210;210m▌[48;2;0;0;0m[38;2;0;0;0m    [48;2;19;19;19m[38;2;0;0;0m▖[48;2;19;19;19m[38;2;40;40;40m▁▅▖[48;2;40;40;40m[38;2;19;19;19m▅▃▁[48;2;54;54;54m[38;2;40;40;40m▅▃ [48;2;101;101;101m[38;2;54;54;54m▆▅▃[0m
[48;2;101;101;101m[38;2;0;0;0m   [48;2;101;101;101m[38;2;0;255;255m▄▄▄ ▄▄ ▄▄[48;2;101;101;101m[38;2;127;127;127m▗[48;2;101;101;101m[38;2;0;255;255m▄[48;2;127;127;127m[38;2;0;255;255m▄▄[48;2;101;101;101m[38;2;127;127;127m▅  [48;2;101;101;101m[38;2;0;255;255m▄[48;2;127;127;127m[38;2;0;255;255m▃▄▄▄ [48;2;127;127;127m[38;2;101;101;101m▂▅[48;2;127;127;127m[38;2;0;255;255m▃[48;2;77;77;77m[38;2;0;255;255m▄▄▄[48;2;77;77;77m[38;2;40;40;40m▃▃[48;2;54;54;54m[38;2;19;19;19m▖[48;2;40;40;40m[38;2;0;255;255m▄[48;2;0;255;255m[38;2;19;19;19m▘ [48;2;0;255;255m[38;2;40;40;40m▝▀[48;2;19;19;19m[38;2;40;40;40m▄  [48;2;0;0;0m[38;2;19;19;19m▌[48;2;188;188;188m[38;2;19;19;19m▊[48;2;226;226;226m[38;2;188;188;188m▝▖[48;2;101;101;101m[38;2;210;210;210m▄[48;2;116;58;0m[38;2;0;0;0m [48;2;181;99;0m[38;2;0;0;0m [48;2;116;58;0m[38;2;181;99;0m▆[48;2;116;58;0m[38;2;71;0;0m▝[48;2;71;0;0m[38;2;0;0;0m [48;2;71;33;0m[38;2;0;0;0m [48;2;116;58;0m[38;2;0;0;0m    [48;2;116;58;0m[38;2;181;99;0m▆[48;2;181;99;0m[38;2;0;0;0m  [48;2;116;58;0m[38;2;181;99;0m▌[48;2;159;159;159m[38;2;77;77;77m▊[48;2;255;255;255m[38;2;226;226;226m▌[48;2;40;40;40m[38;2;188;188;188m▌[48;2;0;0;0m[38;2;0;0;0m   [48;2;19;19;19m[38;2;0;0;0m▌[48;2;19;19;19m[38;2;40;40;40m▝[48;2;40;40;40m[38;2;0;0;0m    [48;2;19;19;19m[38;2;40;40;40m▅▂[48;2;40;40;40m[38;2;19;19;19m▆▄▃▁ [0m
[48;2;101;101;101m[38;2;0;0;0m  [48;2;0;255;255m[38;2;0;0;0m  [48;2;101;101;101m[38;2;0;0;0m  [48;2;0;255;255m[38;2;0;0;0m  [48;2;101;101;101m[38;2;0;0;0m   [48;2;0;255;255m[38;2;0;0;0m  [48;2;0;255;255m[38;2;127;127;127m▃[48;2;127;127;127m[38;2;0;0;0m [48;2;0;255;255m[38;2;0;0;0m  [48;2;127;127;127m[38;2;0;0;0m [48;2;0;255;255m[38;2;0;0;0m  [48;2;127;127;127m[38;2;0;255;255m▄▄▄[48;2;0;255;255m[38;2;0;0;0m  [48;2;77;77;77m[38;2;54;54;54m▅[48;2;77;77;77m[38;2;40;40;40m▅[48;2;54;54;54m[38;2;0;255;255m▃▃[48;2;40;40;40m[38;2;0;255;255m▃[48;2;0;255;255m[38;2;0;0;0m  [48;2;19;19;19m[38;2;0;0;0m   [48;2;0;255;255m[38;2;19;19;19m▌ ▐[48;2;19;19;19m[38;2;0;0;0m    [48;2;0;0;0m[38;2;19;19;19m▌[48;2;101;101;101m[38;2;0;0;0m▊[48;2;226;226;226m[38;2;210;210;210m▌▜▙[48;2;226;226;226m[38;2;127;127;127m▝[48;2;101;101;101m[38;2;210;210;210m▂[48;2;181;99;0m[38;2;101;101;101m▁ [48;2;116;58;0m[38;2;181;99;0m▆▃   ▄[48;2;181;99;0m[38;2;0;0;0m  [48;2;181;99;0m[38;2;116;58;0m▗[48;2;77;77;77m[38;2;159;159;159m▗[48;2;210;210;210m[38;2;129;129;129m▘[48;2;255;255;255m[38;2;226;226;226m▖[48;2;127;127;127m[38;2;210;210;210m▌[48;2;0;0;0m[38;2;0;0;0m   [48;2;19;19;19m[38;2;0;0;0m▌ [48;2;40;40;40m[38;2;19;19;19m▅ [48;2;19;19;19m[38;2;0;0;0m [48;2;40;40;40m[38;2;19;19;19m▃   [48;2;19;19;19m[38;2;40;40;40m▆[48;2;19;19;19m[38;2;19;19;19m▁ [48;2;40;40;40m[38;2;19;19;19m▆[0m
[48;2;101;101;101m[38;2;0;0;0m  [48;2;0;255;255m[38;2;0;0;0m  [48;2;101;101;101m[38;2;0;0;0m  [48;2;0;255;255m[38;2;0;0;0m  [48;2;101;101;101m[38;2;0;0;0m  [48;2;127;127;127m[38;2;101;101;101m▘[48;2;0;255;255m[38;2;0;0;0m  [48;2;127;127;127m[38;2;0;0;0m     [48;2;0;255;255m[38;2;0;0;0m  [48;2;101;101;101m[38;2;77;77;77m▇[48;2;77;77;77m[38;2;54;54;54m▃[48;2;54;54;54m[38;2;40;40;40m▅▅[48;2;40;40;40m[38;2;19;19;19m▅▅[48;2;0;255;255m[38;2;0;0;0m  [48;2;19;19;19m[38;2;0;0;0m  [48;2;0;255;255m[38;2;0;0;0m  [48;2;19;19;19m[38;2;0;0;0m   [48;2;0;255;255m[38;2;19;19;19m▌ ▐[48;2;19;19;19m[38;2;0;0;0m     [48;2;0;0;0m[38;2;0;0;0m [48;2;226;226;226m[38;2;159;159;159m▌ [48;2;210;210;210m[38;2;226;226;226m▆▅[48;2;226;226;226m[38;2;210;210;210m▅[48;2;129;129;129m[38;2;210;210;210m▆[48;2;181;99;0m[38;2;188;188;188m▃    [48;2;116;58;0m[38;2;181;99;0m▆[48;2;181;99;0m[38;2;0;0;0m  [48;2;181;99;0m[38;2;54;54;54m▗[48;2;77;77;77m[38;2;188;188;188m▃[48;2;210;210;210m[38;2;0;0;0m  [48;2;255;255;255m[38;2;226;226;226m▌[48;2;159;159;159m[38;2;226;226;226m▌[48;2;0;0;0m[38;2;0;0;0m   [48;2;19;19;19m[38;2;0;0;0m▎     [48;2;40;40;40m[38;2;19;19;19m  ▃  [48;2;19;19;19m[38;2;40;40;40m▃ [0m
[48;2;101;101;101m[38;2;0;0;0m  [48;2;0;255;255m[38;2;101;101;101m▄ [48;2;101;101;101m[38;2;0;255;255m▅▅[48;2;0;255;255m[38;2;0;0;0m  [48;2;101;101;101m[38;2;0;0;0m [48;2;127;127;127m[38;2;101;101;101m▌[48;2;127;127;127m[38;2;0;255;255m▅[48;2;0;255;255m[38;2;0;0;0m  [48;2;127;127;127m[38;2;0;255;255m▅[48;2;127;127;127m[38;2;54;54;54m▁[48;2;127;127;127m[38;2;77;77;77m▂▅[48;2;77;77;77m[38;2;0;0;0m [48;2;0;255;255m[38;2;54;54;54m▄ ▀▀[48;2;40;40;40m[38;2;0;255;255m▄[48;2;0;255;255m[38;2;0;0;0m [48;2;0;255;255m[38;2;19;19;19m▄[48;2;19;19;19m[38;2;0;0;0m [48;2;0;255;255m[38;2;19;19;19m▄ [48;2;19;19;19m[38;2;0;255;255m▅▅▀[48;2;0;255;255m[38;2;0;0;0m [48;2;19;19;19m[38;2;0;255;255m▅  ▝▜▙▟▛▘  [48;2;0;0;0m[38;2;19;19;19m▌[48;2;188;188;188m[38;2;19;19;19m▌[48;2;226;226;226m[38;2;255;255;255m▌   [48;2;210;210;210m[38;2;226;226;226m▅[48;2;226;226;226m[38;2;210;210;210m━[48;2;210;210;210m[38;2;0;0;0m [48;2;101;101;101m[38;2;226;226;226m▄[48;2;181;99;0m[38;2;226;226;226m▂[48;2;181;99;0m[38;2;77;77;77m▂[48;2;181;99;0m[38;2;19;19;19m▂[48;2;116;58;0m[38;2;0;0;0m [48;2;116;58;0m[38;2;210;210;210m▃[48;2;127;127;127m[38;2;226;226;226m▆[48;2;210;210;210m[38;2;226;226;226m▂▃[48;2;226;226;226m[38;2;0;0;0m [48;2;255;255;255m[38;2;0;0;0m [48;2;188;188;188m[38;2;255;255;255m▌[48;2;0;0;0m[38;2;40;40;40m▎  [48;2;19;19;19m[38;2;0;0;0m      [48;2;40;40;40m[38;2;19;19;19m▌ ▜▙ ▗▄[0m
[48;2;101;101;101m[38;2;0;0;0m  [48;2;101;101;101m[38;2;0;255;255m▗▄  [48;2;0;255;255m[38;2;0;0;0m  [48;2;101;101;101m[38;2;0;0;0m   [48;2;127;127;127m[38;2;129;129;129m▗[48;2;129;129;129m[38;2;0;0;0m [48;2;0;0;0m[38;2;77;77;77m▘[48;2;19;19;19m[38;2;0;0;0m▊[48;2;54;54;54m[38;2;19;19;19m▅[48;2;54;54;54m[38;2;40;40;40m▅[48;2;40;40;40m[38;2;0;0;0m [48;2;40;40;40m[38;2;19;19;19m▆▆[48;2;19;19;19m[38;2;0;0;0m                      [48;2;19;19;19m[38;2;40;40;40m▗[48;2;0;0;0m[38;2;19;19;19m▌[48;2;188;188;188m[38;2;0;0;0m▊[48;2;255;255;255m[38;2;0;0;0m [48;2;226;226;226m[38;2;0;0;0m      [48;2;210;210;210m[38;2;226;226;226m▅[48;2;226;226;226m[38;2;0;0;0m [48;2;210;210;210m[38;2;101;101;101m▖[48;2;54;54;54m[38;2;210;210;210m▇[48;2;188;188;188m[38;2;19;19;19m▃[48;2;226;226;226m[38;2;19;19;19m▅[48;2;226;226;226m[38;2;54;54;54m▁[48;2;226;226;226m[38;2;255;255;255m▃▁ [48;2;255;255;255m[38;2;226;226;226m▊[48;2;210;210;210m[38;2;255;255;255m▌[48;2;0;0;0m[38;2;54;54;54m▎  [48;2;19;19;19m[38;2;0;0;0m       [48;2;40;40;40m[38;2;19;19;19m▂▐[48;2;19;19;19m[38;2;19;19;19m▖[48;2;19;19;19m[38;2;40;40;40m ▘ [0m
[48;2;127;127;127m[38;2;0;0;0m  [48;2;101;101;101m[38;2;0;0;0m [48;2;0;255;255m[38;2;101;101;101m▄▄▄▄[48;2;101;101;101m[38;2;0;0;0m    [48;2;127;127;127m[38;2;101;101;101m▖[48;2;40;40;40m[38;2;127;127;127m▌[48;2;0;0;0m[38;2;0;147;147m R[48;2;19;19;19m[38;2;0;147;147m.I.P.  Norm Macdonald  [48;2;19;19;19m[38;2;40;40;40m ▁▖ [48;2;40;40;40m[38;2;0;0;0m [48;2;19;19;19m[38;2;0;0;0m [48;2;0;0;0m[38;2;0;0;0m [48;2;226;226;226m[38;2;159;159;159m▌    [48;2;226;226;226m[38;2;255;255;255m▄[48;2;210;210;210m[38;2;0;0;0m [48;2;210;210;210m[38;2;40;40;40m▅[48;2;54;54;54m[38;2;181;0;107m▗[48;2;181;0;107m[38;2;0;0;0m [48;2;19;19;19m[38;2;116;0;69m▖[48;2;116;0;69m[38;2;71;0;42m▌[48;2;71;0;42m[38;2;181;0;107m▆[48;2;19;19;19m[38;2;116;0;69m▖[48;2;159;159;159m[38;2;19;19;19m▆[48;2;210;210;210m[38;2;19;19;19m▂[48;2;255;255;255m[38;2;0;0;0m  [48;2;226;226;226m[38;2;255;255;255m▌[48;2;19;19;19m[38;2;129;129;129m▌[48;2;0;0;0m[38;2;0;0;0m  [48;2;19;19;19m[38;2;0;0;0m   [48;2;19;19;19m[38;2;0;0;0m▖▗[48;2;19;19;19m[38;2;19;19;19m     ▖  [0m
[48;2;127;127;127m[38;2;127;127;127m    ▌[48;2;101;101;101m[38;2;0;0;0m     [48;2;101;101;101m[38;2;127;127;127m▗[48;2;127;127;127m[38;2;0;0;0m [48;2;19;19;19m[38;2;77;77;77m▘[48;2;0;0;0m[38;2;0;0;0m   [48;2;19;19;19m[38;2;0;147;147m  (1959 - 2021)     [48;2;19;19;19m[38;2;40;40;40m▂▄[48;2;40;40;40m[38;2;40;40;40m▆ [48;2;40;40;40m[38;2;19;19;19m ▂ ▐[48;2;0;0;0m[38;2;19;19;19m▎[48;2;210;210;210m[38;2;40;40;40m▌[48;2;226;226;226m[38;2;255;255;255m▌ ▄[48;2;226;226;226m[38;2;54;54;54m▁[48;2;188;188;188m[38;2;40;40;40m▅[48;2;0;0;0m[38;2;0;0;0m [48;2;19;19;19m[38;2;0;0;0m [48;2;116;0;69m[38;2;71;0;42m▖[48;2;181;0;107m[38;2;0;0;0m [48;2;116;0;69m[38;2;181;0;107m▎[48;2;116;0;69m[38;2;71;0;42m▊[48;2;181;0;107m[38;2;71;0;42m▁[48;2;127;127;127m[38;2;19;19;19m▊[48;2;226;226;226m[38;2;0;0;0m [48;2;77;77;77m[38;2;210;210;210m▅[48;2;77;77;77m[38;2;226;226;226m▃[48;2;210;210;210m[38;2;127;127;127m▖[48;2;226;226;226m[38;2;159;159;159m▂[48;2;188;188;188m[38;2;77;77;77m▝[48;2;0;0;0m[38;2;0;0;0m  [48;2;0;0;0m[38;2;19;19;19m▝[48;2;19;19;19m[38;2;0;0;0m  [48;2;0;0;0m[38;2;0;0;0m [48;2;0;0;0m[38;2;19;19;19m▌▌▝ [48;2;19;19;19m[38;2;0;0;0m     [0m
[48;2;101;101;101m[38;2;0;0;0m          [48;2;159;159;159m[38;2;127;127;127m▌[48;2;40;40;40m[38;2;127;127;127m▌[48;2;0;0;0m[38;2;0;0;0m    [48;2;19;19;19m[38;2;0;0;0m▌                 [48;2;19;19;19m[38;2;40;40;40m▃▆[48;2;40;40;40m[38;2;0;0;0m    [48;2;19;19;19m[38;2;40;40;40m▌ [48;2;40;40;40m[38;2;19;19;19m▎▝[48;2;0;0;0m[38;2;19;19;19m▌[48;2;188;188;188m[38;2;19;19;19m▊[48;2;255;255;255m[38;2;0;0;0m [48;2;226;226;226m[38;2;188;188;188m▗[48;2;210;210;210m[38;2;77;77;77m▝[48;2;101;101;101m[38;2;210;210;210m▆[48;2;255;255;255m[38;2;0;0;0m [48;2;226;226;226m[38;2;40;40;40m▝[48;2;0;0;0m[38;2;0;0;0m  [48;2;181;0;107m[38;2;19;19;19m▖[48;2;255;0;152m[38;2;116;0;69m▝[48;2;71;0;42m[38;2;116;0;69m▖[48;2;40;40;40m[38;2;0;0;0m [48;2;226;226;226m[38;2;77;77;77m▘[48;2;226;226;226m[38;2;255;255;255m▇▄  [48;2;129;129;129m[38;2;210;210;210m▄[48;2;226;226;226m[38;2;0;0;0m [48;2;40;40;40m[38;2;159;159;159m▎[48;2;0;0;0m[38;2;0;0;0m  [48;2;19;19;19m[38;2;0;0;0m      [48;2;19;19;19m[38;2;0;0;0m▘   [48;2;19;19;19m[38;2;40;40;40m┃ [0m
