[?25l[0m[38;2;211;195;128;48;2;240;231;218m▏                       [38;2;44;41;38m▁[38;2;42;40;37m▂[38;2;44;41;40m▂[38;2;37;34;31m▂[38;2;36;36;34m▃▃[38;2;33;33;31m▂[38;2;41;44;39m▂[38;2;42;44;40m▂[38;2;42;44;39m▁                        [0m
[38;2;210;195;128;48;2;240;231;218m▏                 [38;2;58;55;53m▂[38;2;240;231;218;48;2;49;46;44m▀[48;2;49;46;43m▀[38;2;45;43;40;48;2;240;231;218m▆[38;2;34;34;32;48;2;44;44;40m▔[38;2;47;47;45;48;2;44;40;40m▅[48;2;44;41;40m▆[38;2;49;49;47;48;2;45;42;39m▅[38;2;38;38;36;48;2;47;47;45m▁[38;2;39;39;37m▃[38;2;44;45;41;48;2;51;51;49m▔[38;2;54;56;51;48;2;45;47;43m▅[38;2;31;31;29;48;2;49;50;46m▂[38;2;45;45;41;48;2;50;50;48m▔[38;2;51;53;48;48;2;45;45;41m▅[38;2;48;48;46;48;2;44;44;40m▅[48;2;40;41;38m▆[38;2;43;45;40;48;2;240;231;218m▆[38;2;43;45;41m▆[38;2;240;231;218;48;2;48;48;43m▀[48;2;47;49;44m▀[38;2;62;62;58;48;2;240;231;218m▂                  [0m
[38;2;210;194;128;48;2;240;231;218m▏              [38;2;46;46;41m▂[38;2;58;59;52m▆[38;2;65;62;55;48;2;42;42;40m▔[38;2;45;45;41;48;2;40;40;38m▅[38;2;48;49;45;48;2;47;49;44m▖[38;2;49;51;47;48;2;50;50;48m▀[38;2;51;51;49;48;2;48;50;45m▆[38;2;55;55;53;48;2;53;53;51m▁[38;2;52;52;50;48;2;54;54;52m▀[38;2;50;51;47;48;2;52;54;50m▗[38;2;30;32;27;48;2;52;52;49m▖[38;2;47;47;45;48;2;34;34;30m▃[48;2;27;27;25m▀[38;2;50;50;48;48;2;39;39;34m▞[38;2;36;37;32;48;2;50;50;48m▖[38;2;18;18;16;48;2;46;46;45m▗[38;2;28;28;24;48;2;47;47;45m▊[38;2;45;45;43;48;2;51;51;49m▗[38;2;33;33;30;48;2;54;56;51m▖[38;2;52;52;50;48;2;57;59;54m▀[38;2;55;56;52;48;2;51;51;49m▂[38;2;53;53;50;48;2;50;50;48m▂[38;2;49;51;46;48;2;52;52;50m▀[38;2;50;50;48;48;2;48;48;44m▅[38;2;45;47;43;48;2;41;41;39m▅[38;2;62;62;60;48;2;43;45;41m▔[38;2;54;54;51;48;2;240;231;218m▆[38;2;53;53;51m▖               [0m
[38;2;210;194;128;48;2;240;231;218m▏             [38;2;240;231;218;48;2;43;43;43m▘[38;2;52;52;47;48;2;62;62;58m▆[38;2;42;42;40;48;2;44;44;42m▝[38;2;46;46;42;48;2;47;47;42m▊[38;2;48;49;45;48;2;46;48;43m▐[38;2;49;49;46;48;2;50;50;48m▍[38;2;51;51;49;48;2;53;53;51m▊[38;2;53;53;51;48;2;52;52;50m▔[38;2;53;55;50;48;2;55;57;53m▔[38;2;55;56;52;48;2;58;59;55m▁[38;2;52;52;50;48;2;54;54;52m▐[38;2;22;23;20;48;2;43;43;42m▊[38;2;24;24;22;48;2;45;45;43m▐[38;2;20;20;18;48;2;46;46;44m▅[38;2;45;47;42;48;2;46;47;43m▖[38;2;31;33;27;48;2;48;49;46m▕[38;2;46;46;44;48;2;21;22;19m▐[38;2;45;45;43;48;2;25;27;22m▐[38;2;45;45;44;48;2;24;24;22m▍[38;2;16;16;14;48;2;53;55;51m▘[38;2;57;59;54;48;2;56;58;54m▐[38;2;56;56;54;48;2;55;56;51m▃[38;2;54;54;52;48;2;52;52;50m▖[38;2;51;51;49;48;2;50;50;48m▝[38;2;51;51;48;48;2;49;49;47m▍[38;2;46;46;44;48;2;48;48;46m▗[38;2;46;48;43;48;2;45;47;42m▏[38;2;46;48;44;48;2;44;45;42m▏[38;2;47;47;45;48;2;59;59;57m▞[38;2;240;231;218;48;2;41;41;38m▝[48;2;240;231;218m              [0m
[38;2;210;193;127;48;2;240;231;218m▏            [38;2;38;37;37m▐[38;2;56;56;56;48;2;33;33;33m▐[38;2;45;45;43;48;2;41;41;39m▏[38;2;46;46;41;48;2;44;44;42m▐[38;2;48;50;44;48;2;46;46;42m▝[38;2;48;49;45;48;2;46;48;42m▝[38;2;50;50;48;48;2;46;46;44m▝[38;2;46;46;44;48;2;50;50;48m▖[38;2;51;52;48;48;2;52;52;50m▖[38;2;55;57;53;48;2;52;54;50m▝[38;2;51;51;49;48;2;54;56;51m▖[38;2;52;54;49;48;2;55;57;52m▐[38;2;41;41;41;48;2;27;27;25m▐[38;2;40;40;39;48;2;21;21;20m▍[38;2;39;39;37;48;2;48;50;46m▕[38;2;21;21;19;48;2;43;43;39m▍[38;2;18;18;16;48;2;43;43;41m▗[38;2;17;17;15;48;2;42;42;40m▃[38;2;18;18;16;48;2;40;40;38m▘[38;2;41;41;40;48;2;27;28;25m▍[38;2;52;54;50;48;2;54;56;52m▍[38;2;56;57;55;48;2;54;56;51m▀[38;2;55;56;52;48;2;53;53;51m▔[38;2;51;51;49;48;2;52;52;50m▍[38;2;50;50;48;48;2;51;52;48m▗[48;2;48;48;46m [38;2;48;48;46;48;2;47;47;45m▊[38;2;47;47;43;48;2;47;48;44m▐[38;2;43;43;41;48;2;46;46;42m▐[38;2;46;46;44;48;2;43;43;41m▔[38;2;53;54;53;48;2;30;30;28m▊[38;2;240;231;218;48;2;37;37;36m▝[48;2;240;231;218m             [0m
[38;2;209;193;127;48;2;240;231;218m▏           [38;2;42;42;39m▗[38;2;29;29;29;48;2;32;32;32m▐[38;2;42;42;42;48;2;43;43;43m▆[38;2;40;40;40;48;2;36;36;36m▝[38;2;41;41;39;48;2;41;41;40m▐[38;2;43;43;41;48;2;41;41;39m▝[38;2;39;39;37;48;2;44;45;41m▖[38;2;45;47;42;48;2;43;45;41m▝[38;2;44;45;41;48;2;45;45;43m▖[38;2;49;49;47;48;2;47;47;45m▐[38;2;46;46;44;48;2;49;51;47m▃[38;2;50;50;48;48;2;47;47;45m▀[38;2;45;47;43;48;2;24;24;22m▍[38;2;15;15;13;48;2;39;41;36m▃[38;2;46;47;43;48;2;20;20;19m▐[38;2;49;51;46;48;2;20;20;18m▊[38;2;17;17;15;48;2;39;39;35m▃[38;2;40;40;38;48;2;19;19;18m▘[38;2;48;48;46;48;2;30;30;27m▆[38;2;49;51;47;48;2;21;21;20m▖[38;2;42;43;40;48;2;17;18;15m▀[38;2;17;17;15;48;2;40;41;37m▖[38;2;48;48;46;48;2;53;55;51m▅[38;2;53;53;51;48;2;50;50;48m▘[38;2;51;51;49;48;2;49;49;47m▔[38;2;47;47;45;48;2;46;46;44m▘[38;2;48;48;46;48;2;45;47;42m▘[38;2;44;46;40;48;2;47;49;44m▆[38;2;44;44;40;48;2;45;45;41m▊[48;2;43;43;41m [38;2;42;42;39;48;2;40;40;38m▘[38;2;39;39;37;48;2;47;49;44m▍[38;2;30;31;27;48;2;40;40;36m▊[38;2;41;41;37;48;2;240;231;218m▍            [0m
[38;2;209;193;127;48;2;240;231;218m▏           [38;2;240;231;218;48;2;35;35;35m▍[38;2;37;37;37;48;2;31;31;31m▕[38;2;31;31;31;48;2;41;41;41m▐[38;2;33;33;33;48;2;36;36;36m▊[38;2;34;34;34m▗[38;2;38;38;36;48;2;36;36;33m▀[38;2;39;39;37;48;2;40;42;37m▍[38;2;40;40;37;48;2;42;42;38m▃[38;2;43;45;40;48;2;41;43;39m▝[38;2;46;46;44;48;2;42;43;40m▕[38;2;47;47;44;48;2;45;45;43m▀[38;2;19;19;17;48;2;47;47;45m▁[38;2;21;21;19;48;2;49;49;47m▂[38;2;26;27;23;48;2;47;47;45m▔[38;2;51;51;49;48;2;45;45;43m▀[48;2;40;42;38m▀[38;2;40;40;38;48;2;55;55;53m▔[38;2;43;44;42;48;2;53;53;51m▔[38;2;51;51;49;48;2;40;41;38m▀[38;2;53;53;51;48;2;46;48;43m▀[38;2;38;38;33;48;2;54;54;49m▃[38;2;20;20;19;48;2;48;48;46m▂[38;2;28;28;24;48;2;47;47;45m▁[38;2;45;45;43m▂[38;2;45;46;43;48;2;44;45;42m▔[38;2;42;44;40;48;2;41;42;38m▊[38;2;41;41;38;48;2;44;44;42m▅[38;2;43;43;40;48;2;37;37;34m▀[38;2;41;41;39m▘[38;2;37;37;34;48;2;39;39;37m▆[38;2;39;39;37;48;2;36;37;32m▘[38;2;46;46;43;48;2;32;33;29m▐[38;2;45;47;42;48;2;32;32;29m▏[38;2;40;40;39;48;2;240;231;218m▊            [0m
[38;2;208;192;127;48;2;240;231;218m▏           [38;2;216;211;201;48;2;31;31;31m▏[38;2;37;37;37;48;2;26;26;26m▕[48;2;28;28;28m▍[38;2;32;32;32;48;2;31;31;31m▕[38;2;34;34;34;48;2;33;33;33m▕[38;2;34;34;32;48;2;36;36;33m▐[38;2;20;20;18;48;2;34;34;32m▂[38;2;39;39;36m▀[38;2;46;46;44;48;2;44;44;42m▘[38;2;56;56;54;48;2;28;28;27m▅[38;2;56;58;53;48;2;22;22;20m▆[38;2;23;23;21;48;2;59;59;57m▔[38;2;91;91;88;48;2;58;58;56m▂[38;2;81;81;79;48;2;62;62;60m▃[38;2;83;86;81;48;2;65;67;63m▃[38;2;76;76;75;48;2;69;69;66m▗[38;2;69;69;67;48;2;70;70;67m▅[38;2;70;72;67;48;2;80;80;77m▀[48;2;69;71;67m▏[38;2;72;72;69;48;2;66;68;64m▅[38;2;91;91;89;48;2;64;64;62m▂[38;2;93;93;91;48;2;60;60;58m▁[38;2;18;18;16;48;2;58;58;56m▔[38;2;57;57;55;48;2;20;20;18m▆[38;2;32;32;27;48;2;56;58;53m▀[48;2;43;43;41m [38;2;39;39;37;48;2;33;33;29m▀[38;2;20;20;18;48;2;34;36;33m▂[38;2;37;37;31;48;2;33;33;31m▃[38;2;32;34;29;48;2;33;34;30m▊[38;2;30;30;29;48;2;32;33;29m▆[38;2;31;33;30;48;2;41;41;39m▊[38;2;39;39;37;48;2;30;32;27m▏[38;2;33;35;30;48;2;240;231;218m▊            [0m
[38;2;208;193;126;48;2;240;231;218m▏           [38;2;58;56;51;48;2;26;26;26m▏[38;2;29;29;29;48;2;23;23;23m▕[38;2;23;23;23;48;2;29;29;29m▁[38;2;26;26;26m▖[38;2;30;30;30;48;2;47;47;47m▀[38;2;48;48;46;48;2;18;20;17m▆[38;2;50;50;48;48;2;48;48;46m▅[38;2;63;64;62;48;2;53;54;50m▁[38;2;37;39;33;48;2;57;57;55m▁[38;2;33;33;31;48;2;59;59;57m▃[38;2;139;79;53;48;2;40;41;36m▁[38;2;156;85;57;48;2;37;37;32m▂[38;2;160;87;61;48;2;36;37;33m▃[38;2;40;40;38;48;2;164;89;61m▀[38;2;167;92;63;48;2;30;32;27m▅[38;2;172;95;66;48;2;41;41;37m▅[38;2;182;101;67;48;2;39;40;35m▆[38;2;184;103;69;48;2;42;43;38m▆[38;2;177;100;68;48;2;38;38;36m▅[38;2;170;95;63;48;2;35;35;32m▅[38;2;39;41;36;48;2;170;98;67m▀[38;2;165;91;61;48;2;41;43;38m▃[38;2;160;89;58;48;2;38;22;19m▂[38;2;86;56;39;48;2;46;46;44m▁[38;2;34;36;31;48;2;59;59;55m▃[38;2;41;41;37;48;2;55;55;53m▁[38;2;60;60;58;48;2;54;55;51m▁[38;2;51;51;49;48;2;49;49;47m▅[38;2;50;50;49;48;2;20;20;18m▆[38;2;32;33;30;48;2;48;48;46m▀[38;2;44;45;41;48;2;28;28;26m▁[38;2;25;25;23;48;2;31;31;29m▁[38;2;31;31;29;48;2;26;27;24m▍[38;2;25;27;23;48;2;28;29;25m▆[48;2;240;231;218m            [0m
[38;2;208;193;126;48;2;240;231;218m▏          [38;2;40;40;38m▕[38;2;21;21;21;48;2;24;24;24m▁[38;2;42;42;42;48;2;23;23;23m▗[38;2;44;44;44;48;2;24;24;24m▆[38;2;41;41;41;48;2;45;45;45m▂[38;2;48;48;48;48;2;47;47;47m▂[38;2;32;32;32;48;2;50;50;49m▂[38;2;67;46;32;48;2;47;47;45m▁[38;2;170;94;63;48;2;36;36;33m▂[38;2;161;90;63;48;2;27;27;25m▅[38;2;27;27;25;48;2;164;89;61m▔[38;2;182;103;69;48;2;166;91;63m▁[38;2;165;90;62;48;2;179;102;68m▀[38;2;183;105;72;48;2;170;96;66m▃[38;2;189;110;75;48;2;176;100;66m▂[38;2;189;110;74;48;2;176;100;67m▃[38;2;191;110;74;48;2;183;105;70m▃[38;2;198;113;78;48;2;182;104;69m▃[38;2;200;116;79;48;2;185;107;72m▃[38;2;183;105;70;48;2;201;115;78m▀[38;2;178;102;69;48;2;198;113;78m▀[38;2;192;110;76;48;2;179;102;69m▃[38;2;186;105;72;48;2;175;100;67m▃[38;2;167;94;62;48;2;185;104;69m▀[38;2;165;92;61;48;2;174;98;67m▔[38;2;28;26;23;48;2;169;93;63m▔[38;2;30;30;28;48;2;172;95;63m▀[38;2;173;94;63;48;2;33;33;32m▂[38;2;49;49;47;48;2;42;42;37m▔[38;2;34;36;31;48;2;50;50;48m▁[38;2;49;50;46;48;2;47;49;45m▖[38;2;45;46;42;48;2;47;47;45m▃[38;2;45;46;41;48;2;24;24;22m▆[38;2;44;44;40;48;2;28;28;26m▖[38;2;27;29;24;48;2;24;24;23m▘[38;2;23;19;19;48;2;240;231;218m▏           [0m
[38;2;208;193;126;48;2;240;231;218m▏           [38;2;144;115;90;48;2;32;37;34m▂[38;2;41;41;38;48;2;44;44;44m▁[38;2;31;33;29;48;2;43;43;43m▁[38;2;42;42;42;48;2;33;33;33m▔[38;2;135;66;46;48;2;30;30;30m▂[38;2;130;65;41;48;2;24;24;24m▅[38;2;69;32;20;48;2;156;87;57m▃[38;2;86;44;22;48;2;172;98;65m▃[38;2;98;60;34;48;2;179;104;68m▂[38;2;144;87;58;48;2;193;110;74m▁[38;2;211;137;95;48;2;191;112;75m▂[38;2;220;150;104;48;2;190;112;75m▃[38;2;194;114;77;48;2;240;168;121m▀[38;2;211;126;86;48;2;244;189;148m▀[38;2;244;187;146;48;2;208;126;85m▅[38;2;243;177;130;48;2;218;134;93m▅[38;2;247;208;169;48;2;227;143;102m▅[38;2;247;211;170;48;2;233;147;104m▅[38;2;245;181;138;48;2;233;148;103m▅[38;2;246;197;156;48;2;218;136;92m▅[38;2;224;142;97;48;2;247;203;162m▀[38;2;200;120;80;48;2;245;181;138m▀[38;2;193;115;74;48;2;233;160;117m▀[38;2;211;138;99;48;2;193;112;75m▃[38;2;88;53;41;48;2;195;113;75m▁[38;2;97;58;37;48;2;185;104;70m▂[38;2;80;41;20;48;2;175;96;65m▃[38;2;74;36;10;48;2;144;82;57m▂[38;2;141;70;41;48;2;26;26;24m▅[38;2;141;71;46;48;2;32;32;30m▂[38;2;37;37;34;48;2;35;35;32m▂[38;2;30;30;28;48;2;46;47;43m▂[38;2;48;48;43;48;2;45;45;41m▗[38;2;131;102;85;48;2;37;37;32m▂[48;2;240;231;218m            [0m
[38;2;208;193;126;48;2;240;231;218m▏           [38;2;240;231;218;48;2;125;97;70m▍[38;2;100;75;56;48;2;30;31;27m▅[38;2;189;104;68;48;2;24;24;22m▆[38;2;129;71;48;48;2;180;98;65m▔[38;2;47;49;48;48;2;159;81;53m▂[38;2;41;39;36;48;2;65;31;17m▂[38;2;51;47;46;48;2;74;34;19m▂[38;2;76;77;75;48;2;80;41;25m▂[38;2;72;68;63;48;2;90;49;28m▂[38;2;76;74;67m▂[38;2;89;51;32;48;2;188;143;106m▆[38;2;241;185;135;48;2;88;51;37m▀[38;2;85;50;32;48;2;245;186;142m▃[38;2;87;59;47;48;2;246;187;145m▂[38;2;58;60;55;48;2;249;194;150m▁[38;2;56;53;49;48;2;233;163;118m▁[38;2;58;56;49;48;2;249;209;170m▁[38;2;57;53;52;48;2;249;207;168m▁[38;2;48;43;46;48;2;236;170;124m▁[38;2;48;44;45;48;2;247;189;142m▁[38;2;45;45;45;48;2;247;189;144m▂[38;2;249;193;147;48;2;92;54;39m▀[38;2;86;52;37;48;2;243;185;140m▆[38;2;192;145;107;48;2;86;46;21m▔[38;2;73;71;68;48;2;88;48;23m▂[38;2;54;54;50;48;2;83;42;25m▂[38;2;45;47;43;48;2;79;41;20m▃[38;2;48;49;46;48;2;69;32;11m▂[38;2;101;49;20;48;2;66;31;16m▔[38;2;47;47;45;48;2;168;93;62m▁[38;2;120;67;46;48;2;186;104;66m▔[38;2;184;103;68;48;2;24;24;19m▆[38;2;103;77;55;48;2;29;31;26m▅[38;2;127;98;75;48;2;240;231;218m▊            [0m
[38;2;208;193;127;48;2;240;231;218m▏        [38;2;199;135;95m▗[38;2;200;136;96m▆[38;2;240;231;218;48;2;206;139;102m▔[38;2;213;146;104;48;2;134;102;80m▍[38;2;155;100;69;48;2;99;74;55m▕[38;2;197;118;81;48;2;38;36;32m▘[38;2;53;47;38;48;2;54;47;39m▆[38;2;71;60;48;48;2;27;23;20m▆[38;2;37;30;26;48;2;69;60;50m▔[38;2;46;38;28;48;2;70;62;53m▂[38;2;57;49;40;48;2;74;67;57m▃[38;2;46;39;29;48;2;77;69;60m▃[38;2;36;31;25;48;2;75;67;58m▃[38;2;22;16;11;48;2;64;57;48m▔[38;2;37;30;24;48;2;65;59;53m▂[38;2;38;32;26;48;2;58;54;46m▁[38;2;60;56;48;48;2;34;34;30m▖[38;2;30;30;27;48;2;108;64;38m▅[38;2;28;28;23;48;2;158;89;52m▃[38;2;29;29;24;48;2;154;84;47m▔[38;2;38;38;30;48;2;165;88;52m▃[38;2;24;21;19;48;2;148;80;49m▃[38;2;25;25;23;48;2;91;55;24m▅[38;2;33;31;28;48;2;41;38;29m▊[38;2;66;63;55;48;2;45;45;44m▝[38;2;32;27;23;48;2;64;60;51m▂[48;2;67;60;52m▃[38;2;38;32;27;48;2;74;68;62m▃[38;2;40;34;29;48;2;77;69;61m▃[38;2;40;33;29;48;2;73;67;61m▃[38;2;50;43;37;48;2;73;66;58m▃[38;2;17;14;12;48;2;70;62;53m▔[38;2;69;62;49;48;2;33;30;28m▆[38;2;53;43;36;48;2;47;39;31m▀[38;2;28;27;27;48;2;195;111;72m▖[38;2;57;47;37;48;2;109;83;64m▁[38;2;206;128;84;48;2;129;100;77m▐[38;2;240;231;218;48;2;207;140;98m▔[38;2;198;134;94;48;2;240;231;218m▆[38;2;170;92;58m▖         [0m
[38;2;210;194;127;48;2;240;231;218m▏        [38;2;240;231;218;48;2;168;98;65m▍[38;2;170;97;64;48;2;192;126;88m▐[38;2;204;141;102;48;2;158;85;54m▝[38;2;22;24;19;48;2;188;135;96m▝[38;2;108;84;67;48;2;22;22;21m▃[38;2;55;44;36;48;2;21;21;19m▐[38;2;58;45;33;48;2;63;50;38m▁[38;2;65;55;41m▝[38;2;62;51;40;48;2;64;53;44m▂[38;2;64;56;46;48;2;66;59;49m▃[38;2;40;37;29;48;2;63;55;46m▕[38;2;31;27;18;48;2;18;16;14m▔[38;2;17;15;10;48;2;17;14;12m▔[38;2;30;27;26;48;2;17;14;14m▝[38;2;20;18;15;48;2;34;31;26m▃[38;2;46;41;36;48;2;56;50;44m▔[38;2;43;36;31;48;2;58;51;44m▔[38;2;53;49;40;48;2;29;30;25m▍[38;2;28;30;25;48;2;172;102;65m▍[38;2;195;118;75;48;2;244;180;133m▀[38;2;172;100;64;48;2;229;163;116m▀[38;2;23;24;22;48;2;152;87;54m▐[38;2;52;46;39;48;2;26;28;23m▐[38;2;29;25;21;48;2;55;50;42m▔[38;2;36;30;25;48;2;56;52;45m▔[38;2;30;23;19;48;2;19;14;11m▏[38;2;17;13;9;48;2;17;14;9m▗[38;2;34;29;24;48;2;18;14;11m▝[38;2;20;15;12;48;2;42;36;31m▂[38;2;49;44;37;48;2;66;61;50m▍[38;2;51;45;37;48;2;67;58;51m▔[38;2;61;53;44;48;2;54;46;37m▆[38;2;58;51;40;48;2;71;62;49m▅[38;2;57;47;33;48;2;61;53;39m▗[38;2;49;41;31;48;2;23;21;18m▍[38;2;105;81;62;48;2;24;24;24m▃[38;2;27;27;27;48;2;187;119;81m▘[38;2;206;140;98;48;2;164;89;57m▘[38;2;195;124;88;48;2;169;95;62m▐[38;2;173;102;69;48;2;240;231;218m▊         [0m
[38;2;210;195;128;48;2;240;231;218m▏        [38;2;162;89;57m▐[38;2;187;118;81;48;2;205;139;98m▞[38;2;182;103;67;48;2;218;150;107m▐[38;2;186;103;68;48;2;154;73;40m▖[38;2;24;18;17;48;2;109;82;63m▕[38;2;59;43;33;48;2;23;24;20m▐[38;2;66;47;34;48;2;60;45;34m▂[38;2;56;42;31;48;2;61;45;32m▝[38;2;55;45;36;48;2;59;45;34m▝[38;2;60;50;42;48;2;57;42;33m▀[38;2;55;48;39;48;2;58;52;41m▝[38;2;57;51;40;48;2;20;17;14m▅[38;2;56;48;38;48;2;17;15;13m▂[38;2;57;49;39;48;2;17;15;12m▃[38;2;18;15;13;48;2;57;49;42m▘[38;2;59;50;43;48;2;57;49;40m▀[38;2;31;31;30;48;2;58;50;41m▗[38;2;208;136;92;48;2;34;34;28m▗[38;2;194;125;83;48;2;219;146;100m▏[38;2;247;189;144;48;2;249;209;170m▍[38;2;246;186;141;48;2;248;211;171m▐[38;2;177;105;68;48;2;213;141;94m▔[38;2;211;141;92;48;2;32;32;29m▖[38;2;39;30;22;48;2;56;51;43m▖[38;2;54;47;41;48;2;58;51;46m▖[38;2;17;13;10;48;2;56;48;42m▝[38;2;54;46;41;48;2;17;14;10m▃[38;2;53;46;41m▂[38;2;23;20;16;48;2;56;51;44m▀[38;2;58;54;45;48;2;56;52;43m▂[38;2;61;54;47;48;2;57;47;38m▀[38;2;59;49;41;48;2;55;44;34m▘[38;2;59;46;38;48;2;58;46;38m▏[38;2;54;42;30;48;2;57;43;32m▝[38;2;33;30;27;48;2;27;24;21m▁[38;2;150;101;69;48;2;105;80;60m▍[38;2;121;95;73;48;2;170;87;54m▍[38;2;202;129;90;48;2;177;95;61m▐[38;2;185;116;78;48;2;204;134;94m▕[38;2;240;231;218;48;2;164;89;59m▐[48;2;240;231;218m         [0m
[38;2;212;196;129;48;2;240;231;218m▏         [38;2;182;132;112;48;2;187;113;76m▏[38;2;196;120;80;48;2;225;158;115m▐[38;2;139;98;69;48;2;193;111;70m▕[38;2;112;86;64;48;2;208;128;84m▊[38;2;186;111;71;48;2;32;32;30m▖[38;2;47;32;24;48;2;66;48;36m▖[38;2;65;46;33;48;2;63;45;32m▆[38;2;61;42;30;48;2;59;45;34m▅[38;2;58;41;29;48;2;56;41;31m▅[38;2;56;39;27;48;2;52;39;30m▅[38;2;51;41;31;48;2;55;39;29m▀[38;2;60;42;31;48;2;58;49;41m▅[38;2;59;41;30;48;2;59;51;41m▆[38;2;61;44;34;48;2;60;43;34m▂[38;2;61;49;38;48;2;56;46;35m▗[38;2;34;32;28;48;2;220;147;98m▀[38;2;221;141;97;48;2;227;152;107m▁[38;2;244;183;140;48;2;235;156;107m▐[38;2;247;203;161;48;2;248;215;175m▍[38;2;247;203;163;48;2;248;216;175m▐[38;2;246;185;145;48;2;231;154;105m▍[38;2;208;136;91;48;2;226;153;106m▔[38;2;205;132;88;48;2;33;30;28m▃[38;2;30;31;27;48;2;57;47;38m▁[38;2;59;41;31;48;2;55;45;36m▁[38;2;56;42;31;48;2;57;50;42m▅[38;2;55;41;31;48;2;59;52;45m▆[38;2;53;40;29;48;2;58;49;42m▆[38;2;55;39;28;48;2;52;41;30m▂[38;2;57;41;30;48;2;52;40;32m▅[38;2;58;42;32;48;2;57;44;36m▅[38;2;60;42;33;48;2;66;49;36m▊[38;2;39;28;18;48;2;65;48;37m▗[38;2;197;120;81;48;2;35;37;32m▗[38;2;208;137;94;48;2;112;86;65m▏[38;2;130;88;62;48;2;202;126;84m▏[38;2;225;156;111;48;2;184;103;68m▐[38;2;188;117;79;48;2;184;115;77m▖[38;2;168;92;58;48;2;240;231;218m▘         [0m
[38;2;214;197;129;48;2;240;231;218m▏         [38;2;175;97;66m▝[38;2;181;121;103;48;2;215;138;97m▁[38;2;220;143;97;48;2;211;126;82m▊[38;2;210;119;77;48;2;113;85;64m▏[38;2;189;115;74;48;2;205;129;86m▕[38;2;184;113;72;48;2;49;50;48m▃[38;2;122;77;52;48;2;61;41;30m▁[38;2;36;20;14;48;2;60;41;29m▂[38;2;37;21;16;48;2;64;43;31m▁[38;2;42;23;18;48;2;62;42;31m▁[38;2;22;20;18;48;2;57;37;26m▁[38;2;37;33;31;48;2;64;46;33m▂[38;2;173;115;76;48;2;58;40;32m▁[38;2;37;37;35;48;2;199;132;89m▀[38;2;250;205;166;48;2;184;123;83m▆[38;2;249;212;171;48;2;231;142;96m▘[38;2;225;137;91;48;2;239;155;105m▊[38;2;246;206;161;48;2;242;175;132m▐[38;2;251;233;204;48;2;249;220;180m▃[38;2;250;234;210;48;2;248;222;180m▃[38;2;242;166;120;48;2;245;196;156m▐[38;2;232;147;100;48;2;242;162;117m▀[38;2;247;181;136;48;2;235;150;105m▝[38;2;245;185;139;48;2;100;71;54m▆[38;2;187;125;85;48;2;38;34;32m▃[38;2;149;96;64;48;2;55;37;27m▁[38;2;30;30;28;48;2;56;37;29m▂[38;2;22;23;20;48;2;59;40;30m▁[38;2;41;26;17;48;2;59;40;29m▁[38;2;25;19;14;48;2;58;40;29m▁[38;2;40;39;38;48;2;58;40;31m▂[38;2;155;99;60;48;2;59;56;52m▁[38;2;46;47;45;48;2;192;116;76m▀[38;2;219;140;95;48;2;154;104;73m▊[38;2;113;88;69;48;2;184;110;76m▊[38;2;224;142;95;48;2;210;126;83m▐[38;2;233;162;115;48;2;203;127;85m▔[38;2;173;94;60;48;2;240;231;218m▘          [0m
[38;2;216;200;131;48;2;240;231;218m▏          [38;2;236;228;211m▔[38;2;186;98;63m▀[38;2;198;141;120;48;2;115;86;66m▏[38;2;220;145;102;48;2;129;100;74m▐[38;2;215;141;98;48;2;229;156;110m▔[38;2;187;112;73;48;2;232;158;115m▔[38;2;201;135;94;48;2;53;52;49m▆[38;2;184;121;84;48;2;41;40;39m▅[38;2;187;125;87;48;2;36;37;31m▅[38;2;201;139;100;48;2;45;45;43m▆[38;2;237;181;135;48;2;136;88;60m▆[38;2;241;184;140;48;2;191;128;88m▆[38;2;246;189;144;48;2;243;187;142m▆[38;2;248;189;145;48;2;250;200;157m▕[38;2;229;135;88;48;2;208;117;77m▕[38;2;226;136;88;48;2;187;98;61m▀[38;2;162;78;49;48;2;221;133;86m▃[38;2;243;182;140;48;2;199;111;71m▀[38;2;200;112;72;48;2;244;187;146m▅[38;2;217;130;82;48;2;153;73;44m▀[38;2;229;135;90;48;2;180;92;61m▀[38;2;206;116;75;48;2;228;138;91m▆[38;2;240;185;136;48;2;249;193;147m▏[38;2;239;183;139;48;2;243;187;142m▝[38;2;237;180;137;48;2;187;121;79m▆[38;2;233;177;135;48;2;114;77;53m▆[38;2;194;132;93;48;2;41;42;37m▆[38;2;181;118;81;48;2;29;30;27m▅[38;2;185;121;83;48;2;49;45;44m▅[38;2;213;145;104;48;2;70;51;34m▆[38;2;186;116;75;48;2;236;166;120m▘[38;2;224;151;104;48;2;231;159;114m▔[38;2;218;146;102;48;2;128;98;74m▍[38;2;196;132;106;48;2;113;82;64m▕[38;2;180;95;60;48;2;240;231;218m▀[38;2;206;129;86m▘           [0m
[38;2;218;201;133;48;2;240;231;218m▏            [38;2;240;231;218;48;2;114;86;66m▏[38;2;140;108;83;48;2;128;98;75m▔[38;2;140;108;81;48;2;229;159;112m▍[38;2;230;159;113;48;2;233;162;117m▏[38;2;240;173;125;48;2;237;169;122m▗[38;2;240;176;128;48;2;236;174;126m▂[38;2;242;181;132;48;2;237;178;130m▅[38;2;245;184;137;48;2;242;183;136m▅[38;2;242;184;137;48;2;239;182;137m▆[38;2;236;182;134;48;2;243;185;138m▁[38;2;155;107;74;48;2;244;186;139m▃[38;2;250;194;148;48;2;151;103;74m▀[38;2;139;93;64;48;2;224;147;101m▆[38;2;204;106;68;48;2;123;80;57m▔[38;2;178;88;54;48;2;107;67;46m▔[38;2;105;67;47;48;2;153;76;50m▆[38;2;107;70;49;48;2;155;78;50m▆[38;2;172;84;53;48;2;108;69;50m▔[38;2;185;97;60;48;2;122;81;59m▔[38;2;133;90;68;48;2;212;135;94m▅[38;2;245;187;143;48;2;144;99;70m▀[38;2;146;100;74;48;2;240;182;139m▂[38;2;242;184;140;48;2;240;182;138m▆[38;2;244;186;141;48;2;242;184;140m▗[38;2;246;187;140;48;2;243;184;141m▃[38;2;238;178;135;48;2;243;181;137m▀[38;2;238;178;133;48;2;234;172;128m▞[38;2;236;171;124;48;2;237;175;127m▐[38;2;232;164;118;48;2;236;167;119m▍[38;2;147;111;86;48;2;232;161;114m▐[38;2;119;94;70;48;2;129;98;76m▁[38;2;240;231;218;48;2;112;87;66m▕[48;2;240;231;218m             [0m
[38;2;220;203;134;48;2;240;231;218m▏            [38;2;240;231;218;48;2;103;79;59m▍[38;2;102;78;59;48;2;112;86;68m▏[38;2;130;102;79;48;2;135;103;79m▍[38;2;232;161;116;48;2;152;114;86m▝[38;2;156;115;87;48;2;237;169;121m▖[38;2;246;180;130;48;2;239;173;126m▗[38;2;247;184;136;48;2;244;180;131m▅[38;2;248;189;144;48;2;244;182;135m▖[38;2;244;186;139;48;2;136;94;68m▀[38;2;164;116;84;48;2;139;96;70m▔[38;2;125;84;60;48;2;138;95;69m▃[38;2;111;71;51;48;2;132;89;63m▃[38;2;98;58;40;48;2;124;82;60m▁[38;2;93;56;36;48;2;121;79;57m▂[38;2;97;59;38;48;2;128;85;63m▂[38;2;73;39;19;48;2;111;71;49m▁[38;2;80;43;25;48;2;120;79;58m▁[38;2;95;56;37;48;2;125;83;60m▂[38;2;82;47;28;48;2;116;77;55m▁[38;2;125;83;61;48;2;100;62;44m▀[38;2;115;74;52;48;2;129;87;65m▃[38;2;120;80;57;48;2;135;92;69m▂[38;2;195;146;107;48;2;140;96;70m▔[38;2;138;95;68;48;2;244;185;138m▖[38;2;242;183;137;48;2;244;184;138m▍[38;2;247;184;136;48;2;242;178;135m▅[38;2;240;174;125;48;2;241;175;129m▂[38;2;155;116;86;48;2;234;168;122m▗[38;2;230;162;116;48;2;154;117;91m▘[38;2;130;98;78;48;2;141;107;80m▐[38;2;120;92;71;48;2;110;86;65m▏[38;2;105;81;61;48;2;240;231;218m▊             [0m
[38;2;222;205;135;48;2;240;231;218m▏             [38;2;240;231;218;48;2;110;85;66m▖[38;2;128;100;77;48;2;119;91;69m▀[38;2;130;99;78;48;2;140;107;84m▍[38;2;161;120;92;48;2;142;107;81m▔[38;2;150;110;81;48;2;237;170;124m▆[38;2;170;130;100;48;2;245;175;126m▃[38;2;246;182;135;48;2;162;118;87m▘[38;2;124;87;62;48;2;129;90;67m▗[38;2;81;45;27;48;2;116;77;54m▗[38;2;192;124;82;48;2;97;59;39m▂[38;2;81;46;28;48;2;202;136;91m▀[38;2;237;178;131;48;2;80;45;27m▅[38;2;237;177;129;48;2;77;40;22m▆[38;2;75;39;22;48;2;220;155;114m▔[38;2;65;32;12;48;2;222;159;117m▔[38;2;68;34;13;48;2;220;157;115m▔[38;2;74;40;21;48;2;221;160;114m▔[38;2;231;175;130;48;2;75;40;19m▆[38;2;223;162;118;48;2;72;38;18m▅[38;2;199;133;93;48;2;80;45;28m▃[38;2;192;127;86;48;2;93;55;37m▁[38;2;91;58;41;48;2;119;79;60m▖[38;2;133;93;69;48;2;128;87;66m▔[38;2;124;88;66;48;2;242;175;126m▖[38;2;176;130;98;48;2;246;182;132m▃[38;2;142;107;83;48;2;232;165;117m▆[38;2;164;123;95;48;2;142;108;81m▔[38;2;129;100;75;48;2;142;108;83m▗[38;2;120;90;67;48;2;127;96;75m▃[38;2;240;231;218;48;2;111;85;63m▗[48;2;240;231;218m              [0m
[38;2;224;206;135;48;2;240;231;218m▏             [38;2;110;85;66m▝[38;2;122;93;73;48;2;103;77;58m▕[38;2;131;103;81;48;2;112;83;62m▐[38;2;113;88;68;48;2;132;102;80m▖[38;2;115;86;67;48;2;130;98;75m▗[38;2;120;93;70;48;2;136;105;80m▏[38;2;137;106;85;48;2;119;88;66m▍[38;2;112;76;56;48;2;124;86;65m▝[38;2;107;71;51;48;2;215;142;95m▘[38;2;245;176;125;48;2;231;165;117m▆[38;2;239;169;121;48;2;247;187;141m▅[38;2;170;130;100;48;2;232;165;118m▂[38;2;214;137;93;48;2;162;125;97m▀[38;2;153;118;92;48;2;191;109;71m▅[38;2;145;113;88;48;2;192;111;72m▆[38;2;142;110;87;48;2;184;105;66m▆[38;2;152;118;93;48;2;194;115;75m▅[38;2;214;141;95;48;2;154;118;93m▀[38;2;164;125;98;48;2;224;155;110m▂[38;2;239;171;122;48;2;248;182;138m▅[38;2;199;134;92;48;2;240;170;122m▔[38;2;237;169;121;48;2;120;86;67m▖[38;2;112;78;58;48;2;118;83;64m▘[38;2;137;108;81;48;2;122;91;68m▕[38;2;136;107;80;48;2;146;112;86m▅[38;2;119;91;71;48;2;133;102;76m▖[38;2;122;94;71;48;2;136;104;82m▐[38;2;112;87;62;48;2;134;104;81m▐[38;2;113;84;63;48;2;106;78;58m▗[38;2;125;98;76;48;2;240;231;218m▘              [0m
[38;2;225;208;136;48;2;240;231;218m▏              [38;2;113;87;67m▝[38;2;240;231;218;48;2;94;71;53m▖[38;2;92;68;50;48;2;110;84;65m▍[38;2;100;77;57;48;2;126;100;79m▐[38;2;113;86;67;48;2;133;106;83m▍[38;2;133;105;83;48;2;110;85;65m▏[38;2;122;88;66;48;2;147;120;98m▀[38;2;155;120;92;48;2;211;154;117m▆[38;2;240;171;129;48;2;159;123;97m▝[38;2;244;174;125;48;2;155;119;95m▘[38;2;172;135;108;48;2;150;118;95m▖[38;2;159;126;100;48;2;183;149;121m▀[38;2;170;134;107;48;2;158;126;100m▍[38;2;151;118;93;48;2;161;128;102m▘[38;2;155;121;98;48;2;163;131;104m▝[38;2;148;117;93;48;2;160;128;102m▍[38;2;156;121;98;48;2;176;141;114m▀[38;2;153;119;94;48;2;167;131;105m▊[38;2;150;116;91;48;2;218;158;117m▅[38;2;244;175;129;48;2;161;125;97m▘[38;2;160;124;97;48;2;194;141;105m▅[38;2;115;82;63;48;2;141;112;88m▀[38;2;114;86;64;48;2;126;98;75m▊[38;2;131;102;78;48;2;113;85;65m▊[38;2;130;103;80;48;2;105;79;60m▝[38;2;119;90;70;48;2;100;76;55m▘[38;2;233;221;214;48;2;91;68;52m▗[38;2;107;80;61;48;2;240;231;218m▘               [0m
[38;2;226;209;137;48;2;240;231;218m▏                [38;2;240;231;218;48;2;99;72;54m▍[38;2;168;98;58;48;2;84;62;44m▁[38;2;106;82;65;48;2;89;67;50m▀[38;2;91;69;52;48;2;115;91;70m▍[38;2;124;98;78;48;2;143;117;95m▗[38;2;148;118;94;48;2;163;134;112m▝[38;2;172;140;115;48;2;147;118;93m▗[38;2;158;126;102;48;2;192;157;131m▍[38;2;198;164;136;48;2;172;140;114m▅[38;2;200;163;133;48;2;168;134;108m▏[38;2;205;170;142;48;2;172;138;110m▖[38;2;169;136;108;48;2;160;127;102m▐[38;2;176;142;114;48;2;167;134;107m▖[38;2;201;166;138;48;2;168;136;110m▗[38;2;167;135;106;48;2;197;161;131m▊[38;2;198;162;132;48;2;175;141;114m▆[38;2;164;131;104;48;2;192;159;128m▐[38;2;167;137;112;48;2;142;113;90m▖[38;2;145;115;92;48;2;166;137;114m▘[38;2;126;100;81;48;2;144;117;92m▖[38;2;94;72;54;48;2;115;90;69m▐[38;2;103;79;63;48;2;85;63;47m▀[38;2;144;93;67;48;2;86;64;45m▁[38;2;236;225;210;48;2;100;74;55m▗[48;2;240;231;218m                 [0m
[38;2;227;210;138;48;2;240;231;218m▏           [38;2;236;218;205m▁[38;2;196;90;10m▂[38;2;240;231;218;48;2;185;82;10m▀[48;2;171;77;10m▀[38;2;170;76;9;48;2;240;231;218m▆[38;2;142;63;5;48;2;184;85;9m▐[38;2;136;60;6;48;2;189;117;76m▏[38;2;185;113;74;48;2;92;69;49m▆[38;2;181;111;74;48;2;94;72;55m▖[38;2;98;76;59;48;2;116;91;73m▃[38;2;117;93;74;48;2;150;124;103m▖[38;2;132;107;89;48;2;154;128;107m▗[38;2;164;139;114;48;2;178;149;122m▃[38;2;184;155;127;48;2;153;124;102m▐[38;2;180;150;123;48;2;166;135;109m▆[38;2;176;146;119;48;2;195;164;135m▁[38;2;173;144;117;48;2;166;135;109m▕[38;2;164;133;107;48;2;175;145;118m▝[38;2;178;148;121;48;2;197;164;137m▂[38;2;163;131;105;48;2;181;151;123m▘[38;2;149;120;98;48;2;182;149;123m▗[38;2;160;133;109;48;2;177;147;120m▁[38;2;136;111;91;48;2;155;127;106m▖[38;2;103;81;62;48;2;150;124;100m▗[38;2;126;101;80;48;2;101;79;61m▝[38;2;177;106;73;48;2;98;76;57m▗[38;2;179;108;74;48;2;91;71;54m▆[38;2;185;113;75;48;2;133;54;6m▊[38;2;146;62;6;48;2;174;79;8m▍[38;2;191;89;8;48;2;240;231;218m▆[38;2;240;231;218;48;2;178;83;10m▀[48;2;188;88;9m▀[38;2;186;86;8;48;2;240;231;218m▂             [0m
[38;2;227;210;138;48;2;240;231;218m▏        [38;2;186;87;9m▂[38;2;240;231;218;48;2;200;96;10m▀[38;2;187;86;11;48;2;240;231;218m▆[38;2;214;103;12;48;2;207;100;11m▁[38;2;222;109;15;48;2;201;97;8m▆[38;2;214;103;14;48;2;222;108;13m▀[38;2;217;105;15;48;2;194;93;10m▆[38;2;188;88;10;48;2;208;100;14m▍[38;2;188;87;8;48;2;204;96;11m▔[38;2;208;131;86;48;2;184;86;10m▝[38;2;193;118;77;48;2;216;137;93m▀[38;2;187;114;77;48;2;190;116;78m▝[38;2;185;111;77;48;2;94;72;54m▅[38;2;180;108;74;48;2;100;77;61m▂[38;2;90;69;53;48;2;114;90;72m▅[38;2;89;68;52;48;2;131;107;88m▃[38;2;107;84;67;48;2;141;116;94m▅[38;2;162;135;111;48;2;129;104;84m▀[38;2;158;131;107;48;2;114;90;71m▀[38;2;128;102;82;48;2;163;136;112m▂[38;2;130;104;84;48;2;159;133;108m▃[38;2;154;128;106;48;2;113;88;72m▀[38;2;122;98;76;48;2;155;128;104m▃[38;2;105;83;65;48;2;132;106;86m▃[38;2;137;112;89;48;2;90;69;53m▀[38;2;88;69;52;48;2;118;96;77m▅[38;2;175;106;74;48;2;95;72;54m▃[38;2;178;107;73;48;2;92;73;55m▅[38;2;183;110;75;48;2;180;109;74m▆[38;2;189;115;77;48;2;209;132;90m▘[38;2;205;129;84;48;2;174;78;10m▘[38;2;191;90;10;48;2;208;100;13m▔[38;2;182;84;7;48;2;211;101;12m▐[38;2;219;106;16;48;2;194;90;11m▆[38;2;206;98;13;48;2;219;106;13m▀[38;2;223;112;17;48;2;195;93;10m▆[38;2;201;97;11;48;2;209;100;12m▅[38;2;199;94;11;48;2;240;231;218m▆[38;2;240;231;218;48;2;203;99;10m▀[38;2;187;86;9;48;2;240;231;218m▂         [0m
[38;2;227;210;138;48;2;240;231;218m▏     [38;2;186;85;9m▂[38;2;182;83;10m▆[38;2;196;92;11;48;2;194;91;11m▘[38;2;189;89;10;48;2;213;103;15m▔[38;2;212;104;13;48;2;216;106;14m▝[38;2;203;100;11;48;2;217;106;14m▔[38;2;219;107;16;48;2;221;109;15m▅[38;2;218;106;15;48;2;220;108;14m▅[38;2;222;109;16;48;2;224;110;15m▆[48;2;221;108;15m▖[38;2;202;96;11;48;2;220;110;16m▐[38;2;214;104;15;48;2;218;105;16m▖[38;2;208;100;12;48;2;216;104;15m▔[38;2;236;159;109;48;2;218;104;16m▝[38;2;222;140;78;48;2;236;157;110m▁[38;2;242;167;121;48;2;195;120;80m▃[38;2;216;140;98;48;2;187;115;76m▂[38;2;129;88;63;48;2;186;113;76m▔[38;2;184;113;77;48;2;95;71;52m▆[38;2;180;109;73;48;2;85;67;49m▅[38;2;94;72;54;48;2;179;109;73m▀[38;2;92;69;52;48;2;177;107;72m▀[38;2;177;108;72;48;2;95;68;49m▃[38;2;174;105;71;48;2;89;64;45m▃[38;2;92;71;53;48;2;175;106;72m▀[38;2;86;65;48;48;2;178;108;72m▀[38;2;179;109;73;48;2;87;67;50m▅[38;2;180;110;74;48;2;99;75;59m▆[38;2;171;104;73;48;2;179;108;73m▔[38;2;216;138;96;48;2;182;111;74m▂[38;2;236;160;111;48;2;194;120;81m▃[38;2;202;124;75;48;2;228;150;105m▗[38;2;236;159;109;48;2;206;100;15m▘[38;2;207;100;11;48;2;215;103;12m▔[38;2;198;93;11;48;2;219;107;13m▗[38;2;189;90;8;48;2;221;110;15m▘[38;2;223;109;17;48;2;220;107;14m▖[38;2;221;109;15;48;2;224;110;15m▆[38;2;220;108;15;48;2;222;109;16m▅[38;2;218;107;15;48;2;221;108;15m▆[48;2;203;97;11m▆[38;2;221;112;17;48;2;216;107;14m▔[38;2;191;89;10;48;2;214;106;14m▔[38;2;194;91;10;48;2;191;89;10m▝[38;2;189;89;10;48;2;240;231;218m▆[38;2;191;89;11m▂      [0m
[38;2;226;209;137;48;2;240;231;218m▏   [38;2;179;82;12m▗[38;2;178;82;9m▆[38;2;186;89;9;48;2;201;98;12m▘[38;2;207;101;15;48;2;178;81;10m▞[38;2;208;102;14;48;2;216;106;14m▏[38;2;217;106;15;48;2;216;105;14m▂[38;2;215;105;14;48;2;218;107;15m▁[38;2;218;107;15;48;2;218;108;15m▊[38;2;218;108;15;48;2;219;107;16m▘[38;2;221;108;16;48;2;217;107;14m▅[38;2;220;109;14;48;2;221;109;15m▔[38;2;220;107;15;48;2;223;109;16m▆[38;2;221;107;15;48;2;221;108;15m▁[38;2;221;109;15;48;2;202;98;12m▅[38;2;193;90;10;48;2;220;108;13m▃[38;2;224;110;15;48;2;222;109;16m▝[38;2;183;89;18;48;2;221;108;15m▔[38;2;245;186;146;48;2;223;110;16m▀[38;2;224;110;17;48;2;245;186;145m▂[38;2;218;138;82;48;2;243;173;127m▁[38;2;205;131;89;48;2;244;185;144m▀[38;2;192;121;81;48;2;242;170;121m▀[38;2;233;158;111;48;2;186;114;76m▃[38;2;226;150;105;48;2;185;113;75m▃[38;2;228;154;106;48;2;184;113;75m▂[38;2;214;140;95;48;2;180;110;73m▃[38;2;217;144;100;48;2;182;112;72m▃[38;2;225;151;105;48;2;184;114;77m▃[38;2;186;114;76;48;2;233;156;111m▀[38;2;199;124;85;48;2;243;175;130m▀[38;2;211;127;76;48;2;234;159;111m▁[38;2;191;94;21;48;2;243;171;124m▃[38;2;184;92;18;48;2;244;183;139m▅[38;2;219;107;14;48;2;220;108;16m▆[38;2;220;107;14;48;2;220;108;14m▏[38;2;199;94;11;48;2;221;109;15m▂[38;2;189;89;9;48;2;221;109;16m▘[38;2;221;109;14;48;2;222;109;16m▖[38;2;221;108;15;48;2;221;109;15m▁[38;2;218;106;15;48;2;220;108;15m▔[38;2;222;109;16;48;2;219;107;16m▔[38;2;218;108;15;48;2;220;108;17m▆[38;2;221;108;17;48;2;218;107;15m▖[38;2;220;108;17m▘[38;2;218;107;15;48;2;215;105;14m▝[38;2;208;102;13m▕[38;2;198;94;11;48;2;200;95;11m▆[38;2;192;90;10;48;2;201;98;12m▝[38;2;237;224;209;48;2;189;88;10m▝[38;2;172;77;25;48;2;240;231;218m▖    [0m
[38;2;225;208;136;48;2;240;231;218m▏  [38;2;174;78;27m▗[38;2;184;86;10;48;2;180;84;10m▘[38;2;188;89;9;48;2;204;98;13m▘[38;2;208;100;14;48;2;211;102;16m▘[38;2;207;102;15;48;2;212;104;16m▕[38;2;214;105;15;48;2;176;81;10m▐[38;2;216;106;15;48;2;214;105;14m▖[38;2;218;107;15;48;2;217;106;15m▐[48;2;219;107;17m▊[38;2;218;108;15;48;2;219;107;16m▍[38;2;220;108;15m▝[48;2;222;108;16m▀[48;2;221;108;15m [38;2;221;109;15;48;2;222;110;16m▆[38;2;222;109;16;48;2;221;109;16m▗[38;2;218;106;13;48;2;222;109;16m▔[38;2;200;97;12m▀[38;2;222;109;16;48;2;209;102;14m▀[38;2;182;85;10;48;2;220;108;14m▂[38;2;220;108;14;48;2;222;109;16m▏[38;2;189;93;16;48;2;221;108;15m▔[38;2;224;110;15;48;2;247;187;146m▆[48;2;246;188;148m▆[38;2;246;192;151;48;2;227;113;18m▀[38;2;245;186;145;48;2;224;109;15m▀[38;2;246;189;149;48;2;220;108;14m▀[38;2;245;187;146;48;2;226;116;25m▀[38;2;245;181;138;48;2;223;110;14m▀[38;2;245;189;148;48;2;221;108;15m▀[38;2;223;110;16;48;2;245;186;145m▆[38;2;223;108;16;48;2;245;183;137m▆[38;2;192;100;23;48;2;220;108;14m▔[38;2;220;108;15;48;2;222;109;15m▗[38;2;176;77;10;48;2;222;109;16m▂[38;2;194;92;10;48;2;220;107;14m▖[38;2;192;91;10;48;2;222;109;16m▀[38;2;219;107;14;48;2;221;109;16m▏[38;2;222;110;16m▂[38;2;221;109;15;48;2;223;110;17m▏[38;2;223;110;14;48;2;221;109;13m▝[38;2;222;110;14;48;2;220;109;13m▁[38;2;219;108;13;48;2;219;107;16m▆[38;2;221;109;16;48;2;219;108;13m▝[38;2;218;107;15;48;2;218;107;13m▀[38;2;217;107;15;48;2;215;105;14m▀[38;2;218;107;16;48;2;216;106;15m▂[38;2;174;80;10;48;2;209;102;13m▝[38;2;210;103;16;48;2;212;103;16m▏[38;2;212;105;14;48;2;210;102;13m▊[38;2;192;91;10;48;2;203;97;11m▝[38;2;170;79;28;48;2;184;86;10m▕[38;2;173;83;42;48;2;240;231;218m▖   [0m
[38;2;222;205;135;48;2;240;231;218m▏  [38;2;240;231;218;48;2;177;81;9m▘[38;2;201;98;11;48;2;189;88;11m▐[38;2;210;102;14;48;2;206;100;13m▐[38;2;216;106;15;48;2;213;104;14m▖[38;2;214;105;15;48;2;216;107;16m▆[38;2;179;85;10;48;2;213;105;16m▐[38;2;211;102;14;48;2;212;103;14m▏[38;2;219;108;16;48;2;217;106;15m▘[38;2;215;105;14;48;2;218;107;15m▞[38;2;216;105;14m▖[38;2;217;106;14;48;2;219;107;16m▂[38;2;222;110;16;48;2;220;108;15m▁[38;2;221;108;15;48;2;218;106;15m▔[38;2;221;109;15;48;2;223;110;17m▆[38;2;220;109;14;48;2;221;109;15m▗[38;2;220;107;14;48;2;222;109;16m▁  [38;2;209;103;15m▔[38;2;224;110;15;48;2;183;82;10m▅[38;2;195;92;13;48;2;224;110;19m▀[38;2;221;107;15;48;2;220;107;15m▆[38;2;224;110;15;48;2;196;92;10m▀[38;2;178;82;10;48;2;224;110;15m▃[38;2;187;84;10;48;2;224;110;16m▃[38;2;192;89;10;48;2;224;110;15m▃[38;2;190;91;9m▃[38;2;184;85;14m▃[38;2;179;80;10;48;2;222;109;17m▃[38;2;221;110;15;48;2;200;95;13m▀[38;2;219;106;13;48;2;223;109;16m▖[38;2;189;90;8;48;2;222;109;16m▀[38;2;222;109;16;48;2;184;86;9m▅[38;2;205;102;14;48;2;222;109;16m▔[38;2;222;109;16;48;2;220;107;14m▀[48;2;222;109;16m [38;2;221;108;15;48;2;221;108;16m▆[38;2;223;110;17;48;2;221;109;15m▝[38;2;221;108;15;48;2;223;110;17m▆[38;2;217;107;14;48;2;220;109;13m▂[38;2;219;108;13;48;2;222;110;14m▆[38;2;219;107;13;48;2;219;108;13m▕[38;2;220;109;14;48;2;219;107;13m▝[38;2;217;107;13;48;2;219;108;13m▂[38;2;216;106;15;48;2;217;107;13m▐[38;2;202;100;11;48;2;215;105;14m▕[38;2;173;79;9;48;2;211;103;14m▍[38;2;213;105;15m▀[38;2;214;105;15;48;2;212;104;14m▘[38;2;211;103;13;48;2;208;100;13m▍[38;2;186;87;10;48;2;199;95;11m▝[38;2;240;231;218;48;2;185;84;9m▝[48;2;240;231;218m   [0m
[?25h