[48;2;0;64;116m[38;2;255;0;0m  ▁▁▁▂▃▃▄▃▃▂▁▁▁   ▁▁▂▃▃▄▄▃▃▂▁▁   ▁▁▁▂▃▃▄▃▃▂▁[48;2;0;64;116m[38;2;0;0;0m▄▄▄▄▄▄▄▄▄▄▄▄▄▄▄▄▄          [48;2;0;64;116m[38;2;255;255;255m▄        [0m
[48;2;255;0;0m[38;2;0;0;0m                                          [48;2;255;0;0m[38;2;0;0;0m▄[48;2;0;0;0m[38;2;255;211;156m▄[48;2;255;211;156m[38;2;0;0;0m  [48;2;255;211;156m[38;2;255;156;255m▄▄▄▄▄▄▄▄▄▄▄▄  [48;2;0;0;0m[38;2;255;211;156m▄[48;2;0;64;116m[38;2;0;0;0m▄                  [0m
[48;2;255;0;0m[38;2;255;140;0m▄▄▅▅▆▆▇▇[48;2;255;140;0m[38;2;0;0;0m [48;2;255;0;0m[38;2;255;140;0m▇▇▆▆▅▅▄▄▄▅▅▆▆▇[48;2;255;140;0m[38;2;0;0;0m  [48;2;255;0;0m[38;2;255;140;0m▇▆▆▅▅▄▄▄▅▅▆▆▇▇[48;2;255;140;0m[38;2;0;0;0m [48;2;255;0;0m[38;2;255;140;0m▇▇[48;2;0;0;0m[38;2;0;0;0m [48;2;255;211;156m[38;2;0;0;0m [48;2;255;211;156m[38;2;255;156;255m▄[48;2;255;156;255m[38;2;0;0;0m [48;2;255;156;255m[38;2;255;0;152m▄   ▀▀ [48;2;255;89;188m[38;2;255;156;255m▄▄[48;2;255;156;255m[38;2;0;0;0m    [48;2;255;211;156m[38;2;255;156;255m▄ [48;2;0;0;0m[38;2;0;0;0m [48;2;0;64;116m[38;2;0;0;0m      [48;2;255;255;255m[38;2;0;64;116m▄[48;2;0;64;116m[38;2;0;0;0m     [48;2;255;255;255m[38;2;0;64;116m▄[48;2;0;64;116m[38;2;0;0;0m     [0m
[48;2;255;140;0m[38;2;0;0;0m   [48;2;255;140;0m[38;2;255;255;0m▁▁▂▃▃▄▃▃▂▁▁    ▁▁▂▃▃▄▄▃▃▂▁▁    ▁▁▂▃▃▄▃▃[48;2;0;0;0m[38;2;0;0;0m [48;2;255;211;156m[38;2;0;0;0m [48;2;255;156;255m[38;2;0;0;0m         [48;2;0;0;0m[38;2;40;40;40m▄[48;2;0;0;0m[38;2;159;159;159m▄[48;2;255;156;255m[38;2;0;0;0m▄ [48;2;255;89;188m[38;2;255;156;255m▄[48;2;255;156;255m[38;2;0;0;0m  [48;2;255;211;156m[38;2;0;0;0m [48;2;0;0;0m[38;2;0;0;0m [48;2;0;64;116m[38;2;0;0;0m▄[48;2;0;0;0m[38;2;159;159;159m▄▄[48;2;0;64;116m[38;2;0;0;0m▄     [48;2;0;64;116m[38;2;255;255;255m▄        [0m
[48;2;255;255;0m[38;2;0;0;0m                                    ▄▄▄▄  [48;2;0;0;0m[38;2;0;0;0m [48;2;255;211;156m[38;2;0;0;0m [48;2;255;156;255m[38;2;0;0;0m         [48;2;40;40;40m[38;2;0;0;0m [48;2;159;159;159m[38;2;0;0;0m  [48;2;0;0;0m[38;2;159;159;159m▄[48;2;255;156;255m[38;2;0;0;0m▄▄▄[48;2;255;211;156m[38;2;0;0;0m▄[48;2;0;0;0m[38;2;159;159;159m▄[48;2;159;159;159m[38;2;0;0;0m   [48;2;0;0;0m[38;2;0;0;0m [48;2;0;64;116m[38;2;0;0;0m              [0m
[48;2;255;255;0m[38;2;0;252;0m▄▄▅▅▆▆▇[48;2;0;252;0m[38;2;0;0;0m   [48;2;255;255;0m[38;2;0;252;0m▇▆▆▅▅▄▄▄▅▅▆▇▇[48;2;0;252;0m[38;2;0;0;0m  [48;2;255;255;0m[38;2;0;252;0m▇▇▆▅▅▄▄▄▅▅[48;2;0;0;0m[38;2;0;0;0m [48;2;159;159;159m[38;2;0;0;0m▄  ▀▀[48;2;0;0;0m[38;2;0;0;0m  [48;2;255;211;156m[38;2;0;0;0m [48;2;255;156;255m[38;2;0;0;0m   [48;2;255;0;152m[38;2;255;156;255m▄[48;2;255;156;255m[38;2;0;0;0m  [48;2;255;156;255m[38;2;255;0;152m▄ [48;2;255;156;255m[38;2;40;40;40m▄[48;2;40;40;40m[38;2;159;159;159m▄[48;2;159;159;159m[38;2;0;0;0m           [48;2;0;0;0m[38;2;159;159;159m▄[48;2;0;64;116m[38;2;0;0;0m▄             [0m
[48;2;0;252;0m[38;2;0;140;255m  ▁▁▁▂▃▃▄▃▃▂▁▁▁  ▁▁▁▂▃▃▄▄▃▃▂▁▁▁  ▁▁▁▂[48;2;0;0;0m[38;2;0;140;255m▄▄▄ [48;2;159;159;159m[38;2;0;0;0m▄[48;2;0;0;0m[38;2;0;0;0m [48;2;255;211;156m[38;2;0;0;0m [48;2;255;156;255m[38;2;0;0;0m [48;2;255;0;152m[38;2;255;156;255m▄[48;2;255;156;255m[38;2;0;0;0m      [48;2;40;40;40m[38;2;0;0;0m [48;2;159;159;159m[38;2;0;0;0m  [48;2;226;226;226m[38;2;0;0;0m▄[48;2;0;0;0m[38;2;0;0;0m [48;2;159;159;159m[38;2;0;0;0m   [48;2;159;159;159m[38;2;0;0;0m▄ [48;2;255;255;255m[38;2;0;0;0m▄[48;2;0;0;0m[38;2;0;0;0m [48;2;159;159;159m[38;2;0;0;0m  [48;2;0;0;0m[38;2;0;0;0m [48;2;0;64;116m[38;2;0;0;0m       [48;2;0;64;116m[38;2;255;255;255m▄     [0m
[48;2;0;140;255m[38;2;0;0;0m                                          [48;2;0;0;0m[38;2;0;0;0m [48;2;255;211;156m[38;2;0;0;0m [48;2;255;156;255m[38;2;255;211;156m▄ [48;2;255;156;255m[38;2;255;0;152m▄  ▀  [48;2;40;40;40m[38;2;0;0;0m [48;2;255;156;156m[38;2;0;0;0m  [48;2;159;159;159m[38;2;0;0;0m [48;2;159;159;159m[38;2;0;0;0m▄  ▄  ▄ [48;2;255;156;156m[38;2;0;0;0m  [48;2;0;0;0m[38;2;0;0;0m [48;2;0;64;116m[38;2;0;0;0m       [48;2;255;255;255m[38;2;0;64;116m▄[48;2;0;64;116m[38;2;0;0;0m     [0m
[48;2;0;140;255m[38;2;0;0;252m▄▄▅▅▆▆▇[48;2;0;0;252m[38;2;0;0;0m   [48;2;0;140;255m[38;2;0;0;252m▇▆▆▅▅▄▄▄▅▅▆▇[48;2;0;0;252m[38;2;0;0;0m    [48;2;0;140;255m[38;2;0;0;252m▇▆▅▅▄▄▄▅▅▆▆▇[48;2;0;0;252m[38;2;0;0;0m  [48;2;0;0;252m[38;2;0;0;0m▄[48;2;0;0;0m[38;2;0;0;0m  [48;2;255;211;156m[38;2;0;0;0m▄  [48;2;255;156;255m[38;2;255;211;156m▄▄▄▄▄▄▄[48;2;0;0;0m[38;2;255;211;156m▄[48;2;159;159;159m[38;2;0;0;0m▄ ▀▀[48;2;0;0;0m[38;2;159;159;159m▄▄▄▄▄[48;2;159;159;159m[38;2;0;0;0m [48;2;159;159;159m[38;2;0;0;0m▄[48;2;0;0;0m[38;2;0;64;116m▄[48;2;0;64;116m[38;2;0;0;0m     [48;2;226;226;226m[38;2;0;64;116m▄▄[48;2;0;64;116m[38;2;0;0;0m [48;2;226;226;226m[38;2;0;64;116m▄[48;2;0;64;116m[38;2;0;0;0m [48;2;226;226;226m[38;2;0;64;116m▄▄[48;2;0;64;116m[38;2;0;0;0m  [0m
[48;2;0;0;252m[38;2;0;0;0m  [48;2;0;0;252m[38;2;0;64;116m▁▁▁▂▃▃▄▃▃▂▁▁▁   ▁▁▂▃▃▄▄▃▃▂▁▁   ▁▁▁▂▃▃[48;2;0;0;0m[38;2;0;0;0m [48;2;159;159;159m[38;2;0;0;0m  [48;2;159;159;159m[38;2;0;0;0m▄[48;2;0;0;0m[38;2;0;0;252m▄ [48;2;0;0;0m[38;2;159;159;159m▄▄ [48;2;0;0;0m[38;2;0;64;116m▄▄▄▄▄ [48;2;0;0;0m[38;2;159;159;159m▄▄ [48;2;0;0;0m[38;2;0;64;116m▄ [48;2;0;0;0m[38;2;159;159;159m▄▄ [48;2;0;0;0m[38;2;0;64;116m▄▄[48;2;0;64;116m[38;2;0;0;0m          [48;2;255;255;255m[38;2;0;0;0m [48;2;0;64;116m[38;2;0;0;0m     [0m
[48;2;0;64;116m[38;2;0;0;0m                                       [48;2;0;0;0m[38;2;0;64;116m▄▄▄[48;2;0;64;116m[38;2;0;0;0m   [48;2;0;0;0m[38;2;0;64;116m▄▄▄[48;2;0;64;116m[38;2;0;0;0m      [48;2;0;0;0m[38;2;0;64;116m▄▄▄[48;2;0;64;116m[38;2;0;0;0m  [48;2;0;0;0m[38;2;0;64;116m▄▄▄[48;2;0;64;116m[38;2;0;0;0m                  [0m
