[48;2;0;0;0m[38;2;0;0;0m [48;2;0;0;127m[38;2;0;0;127m [48;2;0;0;252m[38;2;0;0;252m [48;2;0;0;252m[38;2;0;0;252m [48;2;252;127;0m[38;2;252;127;0m [48;2;252;127;0m[38;2;252;127;0m [48;2;252;127;0m[38;2;252;127;0m [48;2;252;127;0m[38;2;252;127;0m [48;2;252;127;0m[38;2;252;127;0m [48;2;252;127;0m[38;2;252;127;0m [48;2;252;127;0m[38;2;252;127;0m [48;2;252;127;0m[38;2;252;127;0m [48;2;252;127;0m[38;2;252;127;0m [48;2;252;127;0m[38;2;252;127;0m [48;2;252;127;0m[38;2;252;127;0m [48;2;252;127;0m[38;2;252;127;0m [48;2;252;127;0m[38;2;252;127;0m [48;2;252;127;0m[38;2;252;127;0m [48;2;252;127;0m[38;2;252;127;0m [48;2;252;127;0m[38;2;252;127;0m [48;2;210;210;210m[38;2;252;127;0m▘[48;2;210;210;210m[38;2;210;210;210m [48;2;210;210;210m[38;2;210;210;210m [48;2;210;210;210m[38;2;210;210;210m [48;2;210;210;210m[38;2;210;210;210m [48;2;210;210;210m[38;2;210;210;210m [48;2;210;210;210m[38;2;210;210;210m [48;2;210;210;210m[38;2;210;210;210m [48;2;210;210;210m[38;2;210;210;210m [48;2;210;210;210m[38;2;210;210;210m [48;2;210;210;210m[38;2;210;210;210m [48;2;210;210;210m[38;2;210;210;210m [48;2;210;210;210m[38;2;210;210;210m [48;2;210;210;210m[38;2;210;210;210m [48;2;210;210;210m[38;2;210;210;210m [48;2;210;210;210m[38;2;210;210;210m [48;2;210;210;210m[38;2;210;210;210m [48;2;210;210;210m[38;2;210;210;210m [48;2;210;210;210m[38;2;210;210;210m [48;2;210;210;210m[38;2;210;210;210m [48;2;210;210;210m[38;2;210;210;210m [48;2;210;210;210m[38;2;210;210;210m [48;2;210;210;210m[38;2;210;210;210m [0m
[48;2;0;0;0m[38;2;0;0;0m [48;2;0;0;127m[38;2;0;0;127m [48;2;0;0;252m[38;2;0;0;252m [48;2;0;0;252m[38;2;0;0;252m [48;2;127;127;127m[38;2;252;127;0m▌[48;2;252;127;0m[38;2;127;127;127m▚[48;2;252;127;0m[38;2;127;127;127m▗[48;2;252;127;0m[38;2;127;127;127m▚[48;2;127;127;127m[38;2;252;127;0m▌[48;2;252;127;0m[38;2;127;127;127m▖[48;2;252;127;0m[38;2;127;127;127m▌[48;2;252;127;0m[38;2;127;127;127m▌[48;2;127;127;127m[38;2;252;127;0m▖[48;2;252;127;0m[38;2;127;127;127m▘[48;2;252;127;0m[38;2;127;127;127m▗[48;2;252;127;0m[38;2;127;127;127m▚[48;2;127;127;127m[38;2;252;127;0m▌[48;2;127;127;127m[38;2;252;127;0m▌[48;2;252;127;0m[38;2;127;127;127m▗[48;2;210;210;210m[38;2;127;127;127m▚[48;2;127;127;127m[38;2;210;210;210m▌[48;2;210;210;210m[38;2;127;127;127m▚[48;2;127;127;127m[38;2;210;210;210m▌[48;2;127;127;127m[38;2;210;210;210m▄[48;2;210;210;210m[38;2;127;127;127m▗[48;2;210;210;210m[38;2;127;127;127m▚[48;2;210;210;210m[38;2;127;127;127m▝[48;2;127;127;127m[38;2;210;210;210m▗[48;2;210;210;210m[38;2;210;210;210m [48;2;127;127;127m[38;2;210;210;210m▚[48;2;210;210;210m[38;2;127;127;127m▖[48;2;127;127;127m[38;2;210;210;210m▌[48;2;127;127;127m[38;2;210;210;210m▄[48;2;127;127;127m[38;2;210;210;210m▌[48;2;210;210;210m[38;2;127;127;127m▚[48;2;127;127;127m[38;2;210;210;210m▌[48;2;127;127;127m[38;2;210;210;210m▌[48;2;127;127;127m[38;2;210;210;210m▄[48;2;127;127;127m[38;2;210;210;210m▌[48;2;210;210;210m[38;2;127;127;127m▖[48;2;210;210;210m[38;2;127;127;127m▌[48;2;127;127;127m[38;2;210;210;210m▗[48;2;210;210;210m[38;2;127;127;127m▖[0m
[48;2;0;0;0m[38;2;0;0;0m [48;2;0;0;127m[38;2;0;0;127m [48;2;0;0;252m[38;2;0;0;252m [48;2;0;0;252m[38;2;0;0;252m [48;2;127;127;127m[38;2;252;127;0m▌[48;2;127;127;127m[38;2;252;127;0m▌[48;2;127;127;127m[38;2;252;127;0m▌[48;2;127;127;127m[38;2;252;127;0m▌[48;2;127;127;127m[38;2;252;127;0m▌[48;2;127;127;127m[38;2;252;127;0m▖[48;2;252;127;0m[38;2;127;127;127m▌[48;2;252;127;0m[38;2;252;127;0m [48;2;127;127;127m[38;2;252;127;0m▌[48;2;252;127;0m[38;2;252;127;0m [48;2;252;127;0m[38;2;252;127;0m [48;2;252;127;0m[38;2;127;127;127m▚[48;2;127;127;127m[38;2;252;127;0m▌[48;2;127;127;127m[38;2;252;127;0m▌[48;2;210;210;210m[38;2;210;210;210m [48;2;210;210;210m[38;2;127;127;127m▚[48;2;127;127;127m[38;2;210;210;210m▌[48;2;127;127;127m[38;2;210;210;210m▚[48;2;127;127;127m[38;2;210;210;210m▌[48;2;127;127;127m[38;2;210;210;210m▄[48;2;127;127;127m[38;2;210;210;210m▌[48;2;210;210;210m[38;2;210;210;210m [48;2;210;210;210m[38;2;210;210;210m [48;2;210;210;210m[38;2;127;127;127m▌[48;2;210;210;210m[38;2;210;210;210m [48;2;127;127;127m[38;2;210;210;210m▝[48;2;210;210;210m[38;2;127;127;127m▌[48;2;127;127;127m[38;2;210;210;210m▌[48;2;127;127;127m[38;2;210;210;210m▄[48;2;127;127;127m[38;2;210;210;210m▌[48;2;127;127;127m[38;2;210;210;210m▚[48;2;127;127;127m[38;2;210;210;210m▌[48;2;127;127;127m[38;2;210;210;210m▌[48;2;127;127;127m[38;2;210;210;210m▄[48;2;127;127;127m[38;2;210;210;210m▌[48;2;127;127;127m[38;2;210;210;210m▖[48;2;210;210;210m[38;2;127;127;127m▌[48;2;210;210;210m[38;2;127;127;127m▌[48;2;210;210;210m[38;2;127;127;127m▌[0m
[48;2;0;0;0m[38;2;0;0;0m [48;2;0;0;127m[38;2;0;0;127m [48;2;0;0;252m[38;2;0;0;252m [48;2;0;0;252m[38;2;0;0;252m [48;2;127;127;127m[38;2;252;127;0m▌[48;2;127;127;127m[38;2;252;127;0m▚[48;2;252;127;0m[38;2;127;127;127m▝[48;2;127;127;127m[38;2;252;127;0m▚[48;2;127;127;127m[38;2;252;127;0m▌[48;2;252;127;0m[38;2;252;127;0m [48;2;252;127;0m[38;2;127;127;127m▌[48;2;252;127;0m[38;2;252;127;0m [48;2;127;127;127m[38;2;252;127;0m▌[48;2;252;127;0m[38;2;252;127;0m [48;2;252;127;0m[38;2;127;127;127m▝[48;2;127;127;127m[38;2;252;127;0m▚[48;2;127;127;127m[38;2;252;127;0m▌[48;2;127;127;127m[38;2;252;127;0m▘[48;2;210;210;210m[38;2;127;127;127m▝[48;2;127;127;127m[38;2;210;210;210m▚[48;2;127;127;127m[38;2;210;210;210m▌[48;2;210;210;210m[38;2;210;210;210m [48;2;127;127;127m[38;2;210;210;210m▌[48;2;210;210;210m[38;2;127;127;127m▄[48;2;210;210;210m[38;2;127;127;127m▝[48;2;127;127;127m[38;2;210;210;210m▚[48;2;210;210;210m[38;2;210;210;210m [48;2;210;210;210m[38;2;127;127;127m▌[48;2;210;210;210m[38;2;210;210;210m [48;2;210;210;210m[38;2;127;127;127m▌[48;2;210;210;210m[38;2;127;127;127m▌[48;2;127;127;127m[38;2;210;210;210m▌[48;2;210;210;210m[38;2;210;210;210m [48;2;127;127;127m[38;2;210;210;210m▌[48;2;127;127;127m[38;2;210;210;210m▌[48;2;127;127;127m[38;2;210;210;210m▌[48;2;127;127;127m[38;2;210;210;210m▌[48;2;210;210;210m[38;2;127;127;127m▄[48;2;127;127;127m[38;2;210;210;210m▌[48;2;210;210;210m[38;2;210;210;210m [48;2;210;210;210m[38;2;127;127;127m▌[48;2;127;127;127m[38;2;210;210;210m▝[48;2;210;210;210m[38;2;127;127;127m▘[0m
[48;2;0;0;0m[38;2;0;0;0m [48;2;0;0;127m[38;2;0;0;127m [48;2;0;0;252m[38;2;0;0;252m [48;2;0;0;252m[38;2;0;0;252m [48;2;252;127;0m[38;2;252;127;0m [48;2;252;127;0m[38;2;252;127;0m [48;2;252;127;0m[38;2;252;127;0m [48;2;252;127;0m[38;2;252;127;0m [48;2;252;127;0m[38;2;252;127;0m [48;2;252;127;0m[38;2;252;127;0m [48;2;252;127;0m[38;2;252;127;0m [48;2;252;127;0m[38;2;252;127;0m [48;2;252;127;0m[38;2;252;127;0m [48;2;252;127;0m[38;2;252;127;0m [48;2;252;127;0m[38;2;252;127;0m [48;2;252;127;0m[38;2;252;127;0m [48;2;252;127;0m[38;2;210;210;210m▗[48;2;210;210;210m[38;2;210;210;210m [48;2;210;210;210m[38;2;210;210;210m [48;2;210;210;210m[38;2;210;210;210m [48;2;210;210;210m[38;2;210;210;210m [48;2;210;210;210m[38;2;210;210;210m [48;2;210;210;210m[38;2;210;210;210m [48;2;210;210;210m[38;2;210;210;210m [48;2;210;210;210m[38;2;210;210;210m [48;2;210;210;210m[38;2;210;210;210m [48;2;210;210;210m[38;2;210;210;210m [48;2;210;210;210m[38;2;210;210;210m [48;2;210;210;210m[38;2;210;210;210m [48;2;210;210;210m[38;2;210;210;210m [48;2;210;210;210m[38;2;210;210;210m [48;2;210;210;210m[38;2;210;210;210m [48;2;210;210;210m[38;2;210;210;210m [48;2;210;210;210m[38;2;210;210;210m [48;2;210;210;210m[38;2;210;210;210m [48;2;210;210;210m[38;2;210;210;210m [48;2;210;210;210m[38;2;210;210;210m [48;2;210;210;210m[38;2;210;210;210m [48;2;210;210;210m[38;2;210;210;210m [48;2;210;210;210m[38;2;210;210;210m [48;2;210;210;210m[38;2;210;210;210m [48;2;210;210;210m[38;2;210;210;210m [48;2;210;210;210m[38;2;210;210;210m [0m
[48;2;0;0;0m[38;2;0;0;0m [48;2;0;0;127m[38;2;0;0;127m [48;2;0;0;252m[38;2;0;0;252m [48;2;0;0;252m[38;2;0;0;252m [48;2;252;127;0m[38;2;252;127;0m [48;2;252;127;0m[38;2;252;127;0m [48;2;252;127;0m[38;2;252;127;0m [48;2;252;127;0m[38;2;252;127;0m [48;2;252;127;0m[38;2;252;127;0m [48;2;252;127;0m[38;2;252;127;0m [48;2;252;127;0m[38;2;252;127;0m [48;2;252;127;0m[38;2;252;127;0m [48;2;252;127;0m[38;2;252;127;0m [48;2;252;127;0m[38;2;252;127;0m [48;2;252;127;0m[38;2;252;127;0m [48;2;252;127;0m[38;2;252;127;0m [48;2;210;210;210m[38;2;210;210;210m [48;2;210;210;210m[38;2;210;210;210m [48;2;210;210;210m[38;2;210;210;210m [48;2;210;210;210m[38;2;210;210;210m [48;2;210;210;210m[38;2;210;210;210m [48;2;210;210;210m[38;2;210;210;210m [48;2;210;210;210m[38;2;210;210;210m [48;2;210;210;210m[38;2;210;210;210m [48;2;210;210;210m[38;2;210;210;210m [48;2;210;210;210m[38;2;210;210;210m [48;2;210;210;210m[38;2;210;210;210m [48;2;210;210;210m[38;2;210;210;210m [48;2;210;210;210m[38;2;210;210;210m [48;2;210;210;210m[38;2;210;210;210m [48;2;210;210;210m[38;2;210;210;210m [48;2;210;210;210m[38;2;210;210;210m [48;2;210;210;210m[38;2;210;210;210m [48;2;210;210;210m[38;2;210;210;210m [48;2;210;210;210m[38;2;210;210;210m [48;2;210;210;210m[38;2;210;210;210m [48;2;210;210;210m[38;2;210;210;210m [48;2;210;210;210m[38;2;210;210;210m [48;2;210;210;210m[38;2;210;210;210m [48;2;210;210;210m[38;2;210;210;210m [48;2;210;210;210m[38;2;210;210;210m [48;2;210;210;210m[38;2;210;210;210m [48;2;210;210;210m[38;2;210;210;210m [0m
[48;2;0;0;0m[38;2;0;0;0m [48;2;0;0;127m[38;2;0;0;127m [48;2;0;0;252m[38;2;0;0;252m [48;2;0;0;252m[38;2;0;0;252m [48;2;252;127;0m[38;2;252;127;0m [48;2;252;127;0m[38;2;252;127;0m [48;2;252;127;0m[38;2;252;127;0m [48;2;252;127;0m[38;2;252;127;0m [48;2;252;127;0m[38;2;252;127;0m [48;2;252;127;0m[38;2;252;127;0m [48;2;252;127;0m[38;2;252;127;0m [48;2;252;127;0m[38;2;252;127;0m [48;2;252;127;0m[38;2;252;127;0m [48;2;252;127;0m[38;2;252;127;0m [48;2;252;127;0m[38;2;252;127;0m [48;2;252;127;0m[38;2;210;210;210m▗[48;2;210;210;210m[38;2;210;210;210m [48;2;210;210;210m[38;2;210;210;210m [48;2;210;210;210m[38;2;210;210;210m [48;2;210;210;210m[38;2;210;210;210m [48;2;210;210;210m[38;2;210;210;210m [48;2;210;210;210m[38;2;210;210;210m [48;2;210;210;210m[38;2;210;210;210m [48;2;210;210;210m[38;2;210;210;210m [48;2;210;210;210m[38;2;210;210;210m [48;2;210;210;210m[38;2;210;210;210m [48;2;210;210;210m[38;2;210;210;210m [48;2;210;210;210m[38;2;210;210;210m [48;2;210;210;210m[38;2;210;210;210m [48;2;210;210;210m[38;2;210;210;210m [48;2;210;210;210m[38;2;210;210;210m [48;2;210;210;210m[38;2;210;210;210m [48;2;210;210;210m[38;2;210;210;210m [48;2;210;210;210m[38;2;210;210;210m [48;2;210;210;210m[38;2;210;210;210m [48;2;210;210;210m[38;2;210;210;210m [48;2;210;210;210m[38;2;210;210;210m [48;2;210;210;210m[38;2;210;210;210m [48;2;210;210;210m[38;2;210;210;210m [48;2;210;210;210m[38;2;210;210;210m [48;2;210;210;210m[38;2;210;210;210m [48;2;210;210;210m[38;2;210;210;210m [48;2;210;210;210m[38;2;210;210;210m [0m
[48;2;0;0;0m[38;2;0;0;0m [48;2;0;0;127m[38;2;0;0;127m [48;2;0;0;252m[38;2;0;0;252m [48;2;0;0;252m[38;2;0;0;252m [48;2;252;127;0m[38;2;252;127;0m [48;2;252;127;0m[38;2;252;127;0m [48;2;252;127;0m[38;2;252;127;0m [48;2;252;127;0m[38;2;252;127;0m [48;2;252;127;0m[38;2;252;127;0m [48;2;252;127;0m[38;2;252;127;0m [48;2;252;127;0m[38;2;252;127;0m [48;2;252;127;0m[38;2;252;127;0m [48;2;252;127;0m[38;2;252;127;0m [48;2;252;127;0m[38;2;252;127;0m [48;2;231;168;105m[38;2;252;127;0m▊[48;2;210;210;210m[38;2;210;210;210m [48;2;210;210;210m[38;2;210;210;210m [48;2;210;210;210m[38;2;210;210;210m [48;2;210;210;210m[38;2;210;210;210m [48;2;210;210;210m[38;2;210;210;210m [48;2;210;210;210m[38;2;210;210;210m [48;2;210;210;210m[38;2;210;210;210m [48;2;210;210;210m[38;2;210;210;210m [48;2;210;210;210m[38;2;210;210;210m [48;2;210;210;210m[38;2;210;210;210m [48;2;210;210;210m[38;2;210;210;210m [48;2;210;210;210m[38;2;210;210;210m [48;2;210;210;210m[38;2;210;210;210m [48;2;210;210;210m[38;2;210;210;210m [48;2;210;210;210m[38;2;210;210;210m [48;2;210;210;210m[38;2;210;210;210m [48;2;210;210;210m[38;2;210;210;210m [48;2;210;210;210m[38;2;210;210;210m [48;2;210;210;210m[38;2;210;210;210m [48;2;210;210;210m[38;2;210;210;210m [48;2;210;210;210m[38;2;210;210;210m [48;2;210;210;210m[38;2;210;210;210m [48;2;210;210;210m[38;2;210;210;210m [48;2;210;210;210m[38;2;210;210;210m [48;2;210;210;210m[38;2;210;210;210m [48;2;210;210;210m[38;2;210;210;210m [48;2;210;210;210m[38;2;210;210;210m [48;2;210;210;210m[38;2;210;210;210m [0m
[48;2;0;0;127m[38;2;0;0;0m▌[48;2;0;0;127m[38;2;0;0;127m [48;2;0;0;252m[38;2;0;0;252m [48;2;126;63;126m[38;2;0;0;252m▊[48;2;252;127;0m[38;2;252;127;0m [48;2;252;127;0m[38;2;252;127;0m [48;2;252;127;0m[38;2;252;127;0m [48;2;252;127;0m[38;2;252;127;0m [48;2;252;127;0m[38;2;252;127;0m [48;2;252;127;0m[38;2;252;127;0m [48;2;252;127;0m[38;2;252;127;0m [48;2;252;127;0m[38;2;252;127;0m [48;2;252;127;0m[38;2;252;127;0m [48;2;252;127;0m[38;2;252;127;0m [48;2;210;210;210m[38;2;252;127;0m▎[48;2;210;210;210m[38;2;210;210;210m [48;2;210;210;210m[38;2;210;210;210m [48;2;210;210;210m[38;2;210;210;210m [48;2;210;210;210m[38;2;210;210;210m [48;2;210;210;210m[38;2;210;210;210m [48;2;210;210;210m[38;2;210;210;210m [48;2;210;210;210m[38;2;210;210;210m [48;2;210;210;210m[38;2;210;210;210m [48;2;210;210;210m[38;2;210;210;210m [48;2;210;210;210m[38;2;210;210;210m [48;2;210;210;210m[38;2;210;210;210m [48;2;210;210;210m[38;2;210;210;210m [48;2;210;210;210m[38;2;210;210;210m [48;2;210;210;210m[38;2;210;210;210m [48;2;210;210;210m[38;2;210;210;210m [48;2;210;210;210m[38;2;210;210;210m [48;2;210;210;210m[38;2;210;210;210m [48;2;210;210;210m[38;2;210;210;210m [48;2;210;210;210m[38;2;210;210;210m [48;2;210;210;210m[38;2;210;210;210m [48;2;210;210;210m[38;2;210;210;210m [48;2;210;210;210m[38;2;210;210;210m [48;2;210;210;210m[38;2;210;210;210m [48;2;210;210;210m[38;2;210;210;210m [48;2;210;210;210m[38;2;210;210;210m [48;2;210;210;210m[38;2;210;210;210m [48;2;210;210;210m[38;2;210;210;210m [48;2;210;210;210m[38;2;210;210;210m [0m
[48;2;0;0;127m[38;2;0;0;0m▌[48;2;0;0;127m[38;2;0;0;127m [48;2;0;0;252m[38;2;0;0;252m [48;2;126;63;126m[38;2;0;0;252m▊[48;2;252;127;0m[38;2;252;127;0m [48;2;252;127;0m[38;2;252;127;0m [48;2;252;127;0m[38;2;252;127;0m [48;2;252;127;0m[38;2;252;127;0m [48;2;252;127;0m[38;2;252;127;0m [48;2;252;127;0m[38;2;252;127;0m [48;2;252;127;0m[38;2;252;127;0m [48;2;252;127;0m[38;2;252;127;0m [48;2;252;127;0m[38;2;252;127;0m [48;2;210;210;210m[38;2;252;127;0m▊[48;2;210;210;210m[38;2;210;210;210m [48;2;210;210;210m[38;2;210;210;210m [48;2;210;210;210m[38;2;210;210;210m [48;2;210;210;210m[38;2;210;210;210m [48;2;210;210;210m[38;2;210;210;210m [48;2;210;210;210m[38;2;210;210;210m [48;2;210;210;210m[38;2;210;210;210m [48;2;210;210;210m[38;2;210;210;210m [48;2;210;210;210m[38;2;210;210;210m [48;2;210;210;210m[38;2;210;210;210m [48;2;210;210;210m[38;2;210;210;210m [48;2;210;210;210m[38;2;210;210;210m [48;2;210;210;210m[38;2;210;210;210m [48;2;210;210;210m[38;2;210;210;210m [48;2;210;210;210m[38;2;210;210;210m [48;2;210;210;210m[38;2;210;210;210m [48;2;210;210;210m[38;2;210;210;210m [48;2;210;210;210m[38;2;210;210;210m [48;2;210;210;210m[38;2;210;210;210m [48;2;210;210;210m[38;2;210;210;210m [48;2;210;210;210m[38;2;210;210;210m [48;2;210;210;210m[38;2;210;210;210m [48;2;210;210;210m[38;2;210;210;210m [48;2;210;210;210m[38;2;210;210;210m [48;2;210;210;210m[38;2;210;210;210m [48;2;210;210;210m[38;2;210;210;210m [48;2;210;210;210m[38;2;210;210;210m [48;2;210;210;210m[38;2;210;210;210m [48;2;210;210;210m[38;2;210;210;210m [0m
[48;2;0;0;127m[38;2;0;0;0m▌[48;2;0;0;252m[38;2;0;0;127m▌[48;2;0;0;252m[38;2;0;0;252m [48;2;252;127;0m[38;2;0;0;252m▌[48;2;252;127;0m[38;2;252;127;0m [48;2;252;127;0m[38;2;252;127;0m [48;2;252;127;0m[38;2;252;127;0m [48;2;252;127;0m[38;2;252;127;0m [48;2;252;127;0m[38;2;252;127;0m [48;2;252;127;0m[38;2;252;127;0m [48;2;252;127;0m[38;2;252;127;0m [48;2;252;127;0m[38;2;252;127;0m [48;2;252;127;0m[38;2;252;127;0m [48;2;210;210;210m[38;2;252;127;0m▌[48;2;210;210;210m[38;2;210;210;210m [48;2;210;210;210m[38;2;210;210;210m [48;2;210;210;210m[38;2;210;210;210m [48;2;210;210;210m[38;2;210;210;210m [48;2;210;210;210m[38;2;210;210;210m [48;2;210;210;210m[38;2;210;210;210m [48;2;210;210;210m[38;2;210;210;210m [48;2;210;210;210m[38;2;210;210;210m [48;2;210;210;210m[38;2;210;210;210m [48;2;210;210;210m[38;2;210;210;210m [48;2;210;210;210m[38;2;210;210;210m [48;2;210;210;210m[38;2;210;210;210m [48;2;210;210;210m[38;2;210;210;210m [48;2;210;210;210m[38;2;210;210;210m [48;2;210;210;210m[38;2;210;210;210m [48;2;210;210;210m[38;2;210;210;210m [48;2;210;210;210m[38;2;210;210;210m [48;2;210;210;210m[38;2;210;210;210m [48;2;210;210;210m[38;2;210;210;210m [48;2;210;210;210m[38;2;210;210;210m [48;2;210;210;210m[38;2;210;210;210m [48;2;210;210;210m[38;2;210;210;210m [48;2;210;210;210m[38;2;210;210;210m [48;2;210;210;210m[38;2;210;210;210m [48;2;210;210;210m[38;2;210;210;210m [48;2;210;210;210m[38;2;210;210;210m [48;2;210;210;210m[38;2;210;210;210m [48;2;210;210;210m[38;2;210;210;210m [48;2;210;210;210m[38;2;210;210;210m [0m
[48;2;0;0;127m[38;2;0;0;127m [48;2;0;0;252m[38;2;0;0;127m▌[48;2;0;0;252m[38;2;0;0;252m [48;2;252;127;0m[38;2;0;0;252m▌[48;2;252;127;0m[38;2;252;127;0m [48;2;252;127;0m[38;2;252;127;0m [48;2;252;127;0m[38;2;252;127;0m [48;2;252;127;0m[38;2;252;127;0m [48;2;252;127;0m[38;2;252;127;0m [48;2;252;127;0m[38;2;252;127;0m [48;2;252;127;0m[38;2;252;127;0m [48;2;252;127;0m[38;2;252;127;0m [48;2;252;127;0m[38;2;252;127;0m [48;2;210;210;210m[38;2;210;210;210m [48;2;210;210;210m[38;2;210;210;210m [48;2;210;210;210m[38;2;210;210;210m [48;2;210;210;210m[38;2;210;210;210m [48;2;210;210;210m[38;2;210;210;210m [48;2;210;210;210m[38;2;210;210;210m [48;2;210;210;210m[38;2;210;210;210m [48;2;210;210;210m[38;2;210;210;210m [48;2;210;210;210m[38;2;210;210;210m [48;2;210;210;210m[38;2;210;210;210m [48;2;210;210;210m[38;2;210;210;210m [48;2;210;210;210m[38;2;210;210;210m [48;2;210;210;210m[38;2;210;210;210m [48;2;210;210;210m[38;2;210;210;210m [48;2;210;210;210m[38;2;210;210;210m [48;2;210;210;210m[38;2;210;210;210m [48;2;210;210;210m[38;2;210;210;210m [48;2;210;210;210m[38;2;210;210;210m [48;2;210;210;210m[38;2;210;210;210m [48;2;210;210;210m[38;2;210;210;210m [48;2;210;210;210m[38;2;210;210;210m [48;2;210;210;210m[38;2;210;210;210m [48;2;210;210;210m[38;2;210;210;210m [48;2;210;210;210m[38;2;210;210;210m [48;2;210;210;210m[38;2;210;210;210m [48;2;210;210;210m[38;2;210;210;210m [48;2;210;210;210m[38;2;210;210;210m [48;2;210;210;210m[38;2;210;210;210m [48;2;210;210;210m[38;2;210;210;210m [48;2;210;210;210m[38;2;210;210;210m [0m
[48;2;0;0;127m[38;2;0;0;127m [48;2;0;0;252m[38;2;0;0;252m [48;2;0;0;252m[38;2;0;0;252m [48;2;252;127;0m[38;2;0;0;252m▎[48;2;252;127;0m[38;2;252;127;0m [48;2;252;127;0m[38;2;252;127;0m [48;2;252;127;0m[38;2;252;127;0m [48;2;252;127;0m[38;2;252;127;0m [48;2;252;127;0m[38;2;252;127;0m [48;2;252;127;0m[38;2;252;127;0m [48;2;252;127;0m[38;2;252;127;0m [48;2;252;127;0m[38;2;252;127;0m [48;2;252;127;0m[38;2;252;127;0m [48;2;210;210;210m[38;2;210;210;210m [48;2;210;210;210m[38;2;210;210;210m [48;2;210;210;210m[38;2;252;127;0m▂[48;2;210;210;210m[38;2;252;127;0m▄[48;2;210;210;210m[38;2;252;127;0m▄[48;2;210;210;210m[38;2;210;210;210m [48;2;210;210;210m[38;2;210;210;210m [48;2;210;210;210m[38;2;210;210;210m [48;2;210;210;210m[38;2;210;210;210m [48;2;210;210;210m[38;2;210;210;210m [48;2;210;210;210m[38;2;210;210;210m [48;2;210;210;210m[38;2;210;210;210m [48;2;210;210;210m[38;2;210;210;210m [48;2;210;210;210m[38;2;210;210;210m [48;2;210;210;210m[38;2;210;210;210m [48;2;210;210;210m[38;2;210;210;210m [48;2;210;210;210m[38;2;210;210;210m [48;2;210;210;210m[38;2;210;210;210m [48;2;210;210;210m[38;2;210;210;210m [48;2;210;210;210m[38;2;210;210;210m [48;2;210;210;210m[38;2;210;210;210m [48;2;210;210;210m[38;2;210;210;210m [48;2;210;210;210m[38;2;210;210;210m [48;2;210;210;210m[38;2;210;210;210m [48;2;210;210;210m[38;2;210;210;210m [48;2;210;210;210m[38;2;210;210;210m [48;2;210;210;210m[38;2;210;210;210m [48;2;210;210;210m[38;2;210;210;210m [48;2;210;210;210m[38;2;210;210;210m [48;2;210;210;210m[38;2;210;210;210m [0m
[48;2;0;0;127m[38;2;0;0;127m [48;2;0;0;252m[38;2;0;0;252m [48;2;0;0;252m[38;2;0;0;252m [48;2;252;127;0m[38;2;252;127;0m [48;2;252;127;0m[38;2;252;127;0m [48;2;252;127;0m[38;2;252;127;0m [48;2;252;127;0m[38;2;252;127;0m [48;2;252;127;0m[38;2;252;127;0m [48;2;252;127;0m[38;2;252;127;0m [48;2;252;127;0m[38;2;252;127;0m [48;2;252;127;0m[38;2;252;127;0m [48;2;252;127;0m[38;2;252;127;0m [48;2;252;127;0m[38;2;252;127;0m [48;2;210;210;210m[38;2;252;127;0m▆[48;2;210;210;210m[38;2;252;127;0m▇[48;2;252;127;0m[38;2;252;127;0m [48;2;252;127;0m[38;2;252;127;0m [48;2;252;127;0m[38;2;210;210;210m▅[48;2;210;210;210m[38;2;210;210;210m [48;2;210;210;210m[38;2;210;210;210m [48;2;210;210;210m[38;2;210;210;210m [48;2;210;210;210m[38;2;210;210;210m [48;2;210;210;210m[38;2;210;210;210m [48;2;210;210;210m[38;2;210;210;210m [48;2;210;210;210m[38;2;210;210;210m [48;2;210;210;210m[38;2;210;210;210m [48;2;210;210;210m[38;2;210;210;210m [48;2;210;210;210m[38;2;210;210;210m [48;2;210;210;210m[38;2;210;210;210m [48;2;210;210;210m[38;2;210;210;210m [48;2;210;210;210m[38;2;210;210;210m [48;2;210;210;210m[38;2;210;210;210m [48;2;210;210;210m[38;2;210;210;210m [48;2;210;210;210m[38;2;210;210;210m [48;2;210;210;210m[38;2;210;210;210m [48;2;210;210;210m[38;2;210;210;210m [48;2;210;210;210m[38;2;210;210;210m [48;2;210;210;210m[38;2;210;210;210m [48;2;210;210;210m[38;2;210;210;210m [48;2;210;210;210m[38;2;210;210;210m [48;2;210;210;210m[38;2;210;210;210m [48;2;210;210;210m[38;2;210;210;210m [48;2;210;210;210m[38;2;210;210;210m [0m
[48;2;0;0;127m[38;2;0;0;127m [48;2;0;0;252m[38;2;0;0;252m [48;2;126;63;126m[38;2;0;0;252m▊[48;2;252;127;0m[38;2;252;127;0m [48;2;252;127;0m[38;2;252;127;0m [48;2;252;127;0m[38;2;252;127;0m [48;2;252;127;0m[38;2;252;127;0m [48;2;252;127;0m[38;2;252;127;0m [48;2;252;127;0m[38;2;252;127;0m [48;2;252;127;0m[38;2;252;127;0m [48;2;252;127;0m[38;2;252;127;0m [48;2;252;127;0m[38;2;252;127;0m [48;2;252;127;0m[38;2;252;127;0m [48;2;252;127;0m[38;2;252;127;0m [48;2;252;127;0m[38;2;252;127;0m [48;2;252;127;0m[38;2;252;127;0m [48;2;252;127;0m[38;2;252;127;0m [48;2;252;127;0m[38;2;252;127;0m [48;2;210;210;210m[38;2;252;127;0m▇[48;2;255;255;255m[38;2;255;255;255m [48;2;255;255;255m[38;2;255;255;255m [48;2;255;255;255m[38;2;255;255;255m [48;2;255;255;255m[38;2;255;255;255m [48;2;255;255;255m[38;2;232;232;232m▂[48;2;255;255;255m[38;2;210;210;210m▃[48;2;255;255;255m[38;2;210;210;210m▅[48;2;210;210;210m[38;2;210;210;210m [48;2;210;210;210m[38;2;210;210;210m [48;2;210;210;210m[38;2;210;210;210m [48;2;210;210;210m[38;2;210;210;210m [48;2;210;210;210m[38;2;210;210;210m [48;2;210;210;210m[38;2;210;210;210m [48;2;210;210;210m[38;2;210;210;210m [48;2;210;210;210m[38;2;210;210;210m [48;2;210;210;210m[38;2;210;210;210m [48;2;210;210;210m[38;2;210;210;210m [48;2;210;210;210m[38;2;210;210;210m [48;2;210;210;210m[38;2;210;210;210m [48;2;210;210;210m[38;2;210;210;210m [48;2;210;210;210m[38;2;210;210;210m [48;2;210;210;210m[38;2;210;210;210m [48;2;210;210;210m[38;2;210;210;210m [48;2;210;210;210m[38;2;210;210;210m [0m
[48;2;0;0;0m[38;2;0;0;127m▝[48;2;0;0;127m[38;2;0;0;127m [48;2;0;0;252m[38;2;252;127;0m▝[48;2;252;127;0m[38;2;0;0;252m▄[48;2;252;127;0m[38;2;0;0;252m▄[48;2;252;127;0m[38;2;0;0;252m▄[48;2;252;127;0m[38;2;0;0;252m▄[48;2;252;127;0m[38;2;0;0;252m▄[48;2;252;127;0m[38;2;0;0;252m▄[48;2;252;127;0m[38;2;252;127;0m [48;2;252;127;0m[38;2;252;127;0m [48;2;252;127;0m[38;2;252;127;0m [48;2;252;127;0m[38;2;252;127;0m [48;2;252;127;0m[38;2;252;127;0m [48;2;252;127;0m[38;2;252;127;0m [48;2;252;127;0m[38;2;252;127;0m [48;2;252;127;0m[38;2;252;127;0m [48;2;252;127;0m[38;2;252;127;0m [48;2;252;127;0m[38;2;231;168;105m▂[48;2;255;255;255m[38;2;210;210;210m▃[48;2;255;255;255m[38;2;210;210;210m▄[48;2;255;255;255m[38;2;210;210;210m▆[48;2;210;210;210m[38;2;210;210;210m [48;2;210;210;210m[38;2;210;210;210m [48;2;210;210;210m[38;2;210;210;210m [48;2;210;210;210m[38;2;210;210;210m [48;2;210;210;210m[38;2;210;210;210m [48;2;210;210;210m[38;2;210;210;210m [48;2;210;210;210m[38;2;210;210;210m [48;2;210;210;210m[38;2;210;210;210m [48;2;210;210;210m[38;2;210;210;210m [48;2;210;210;210m[38;2;210;210;210m [48;2;210;210;210m[38;2;210;210;210m [48;2;210;210;210m[38;2;210;210;210m [48;2;210;210;210m[38;2;210;210;210m [48;2;210;210;210m[38;2;210;210;210m [48;2;210;210;210m[38;2;210;210;210m [48;2;210;210;210m[38;2;210;210;210m [48;2;210;210;210m[38;2;210;210;210m [48;2;210;210;210m[38;2;210;210;210m [48;2;210;210;210m[38;2;210;210;210m [48;2;210;210;210m[38;2;210;210;210m [48;2;210;210;210m[38;2;210;210;210m [0m
[48;2;0;0;0m[38;2;0;0;0m [48;2;0;0;127m[38;2;0;0;0m▄[48;2;0;0;127m[38;2;0;0;0m▄[48;2;0;0;127m[38;2;0;0;127m [48;2;0;0;252m[38;2;0;0;127m▄[48;2;0;0;252m[38;2;0;0;252m [48;2;0;0;252m[38;2;0;0;252m [48;2;0;0;252m[38;2;0;0;252m [48;2;0;0;252m[38;2;252;127;0m▁[48;2;252;127;0m[38;2;252;127;0m [48;2;252;127;0m[38;2;252;127;0m [48;2;252;127;0m[38;2;252;127;0m [48;2;252;127;0m[38;2;252;127;0m [48;2;252;127;0m[38;2;252;127;0m [48;2;252;127;0m[38;2;252;127;0m [48;2;252;127;0m[38;2;252;127;0m [48;2;252;127;0m[38;2;252;127;0m [48;2;252;127;0m[38;2;252;127;0m [48;2;210;210;210m[38;2;252;127;0m▂[48;2;210;210;210m[38;2;210;210;210m [48;2;210;210;210m[38;2;210;210;210m [48;2;210;210;210m[38;2;210;210;210m [48;2;210;210;210m[38;2;210;210;210m [48;2;210;210;210m[38;2;210;210;210m [48;2;210;210;210m[38;2;210;210;210m [48;2;210;210;210m[38;2;210;210;210m [48;2;210;210;210m[38;2;210;210;210m [48;2;210;210;210m[38;2;210;210;210m [48;2;210;210;210m[38;2;210;210;210m [48;2;210;210;210m[38;2;210;210;210m [48;2;210;210;210m[38;2;210;210;210m [48;2;210;210;210m[38;2;210;210;210m [48;2;210;210;210m[38;2;210;210;210m [48;2;210;210;210m[38;2;210;210;210m [48;2;210;210;210m[38;2;210;210;210m [48;2;210;210;210m[38;2;210;210;210m [48;2;210;210;210m[38;2;210;210;210m [48;2;210;210;210m[38;2;210;210;210m [48;2;210;210;210m[38;2;210;210;210m [48;2;210;210;210m[38;2;210;210;210m [48;2;210;210;210m[38;2;210;210;210m [48;2;210;210;210m[38;2;210;210;210m [48;2;210;210;210m[38;2;210;210;210m [0m
[48;2;0;0;0m[38;2;0;0;0m [48;2;0;0;0m[38;2;0;0;0m [48;2;0;0;0m[38;2;0;0;0m [48;2;0;0;0m[38;2;0;0;0m [48;2;0;0;127m[38;2;0;0;0m▄[48;2;0;0;127m[38;2;0;0;127m [48;2;0;0;252m[38;2;0;0;252m [48;2;0;0;252m[38;2;0;0;252m [48;2;252;127;0m[38;2;126;63;126m▂[48;2;252;127;0m[38;2;252;127;0m [48;2;252;127;0m[38;2;252;127;0m [48;2;252;127;0m[38;2;252;127;0m [48;2;252;127;0m[38;2;252;127;0m [48;2;252;127;0m[38;2;252;127;0m [48;2;252;127;0m[38;2;252;127;0m [48;2;252;127;0m[38;2;252;127;0m [48;2;252;127;0m[38;2;252;127;0m [48;2;252;127;0m[38;2;252;127;0m [48;2;252;127;0m[38;2;252;127;0m [48;2;252;127;0m[38;2;210;210;210m▁[48;2;210;210;210m[38;2;210;210;210m [48;2;210;210;210m[38;2;210;210;210m [48;2;210;210;210m[38;2;210;210;210m [48;2;210;210;210m[38;2;210;210;210m [48;2;210;210;210m[38;2;210;210;210m [48;2;210;210;210m[38;2;210;210;210m [48;2;210;210;210m[38;2;210;210;210m [48;2;210;210;210m[38;2;210;210;210m [48;2;210;210;210m[38;2;210;210;210m [48;2;210;210;210m[38;2;210;210;210m [48;2;210;210;210m[38;2;210;210;210m [48;2;210;210;210m[38;2;210;210;210m [48;2;210;210;210m[38;2;210;210;210m [48;2;210;210;210m[38;2;210;210;210m [48;2;210;210;210m[38;2;210;210;210m [48;2;210;210;210m[38;2;210;210;210m [48;2;210;210;210m[38;2;210;210;210m [48;2;210;210;210m[38;2;210;210;210m [48;2;210;210;210m[38;2;210;210;210m [48;2;210;210;210m[38;2;210;210;210m [48;2;210;210;210m[38;2;210;210;210m [48;2;210;210;210m[38;2;210;210;210m [48;2;210;210;210m[38;2;210;210;210m [0m
[48;2;0;0;0m[38;2;0;0;0m [48;2;0;0;0m[38;2;0;0;0m [48;2;0;0;0m[38;2;0;0;0m [48;2;0;0;0m[38;2;0;0;0m [48;2;0;0;0m[38;2;0;0;0m [48;2;0;0;127m[38;2;0;0;127m [48;2;0;0;252m[38;2;0;0;127m▌[48;2;0;0;252m[38;2;0;0;252m [48;2;0;0;252m[38;2;0;0;252m [48;2;255;255;255m[38;2;255;255;255m [48;2;252;127;0m[38;2;255;255;255m▅[48;2;252;127;0m[38;2;255;255;255m▃[48;2;252;127;0m[38;2;255;255;255m▁[48;2;252;127;0m[38;2;252;127;0m [48;2;252;127;0m[38;2;252;127;0m [48;2;252;127;0m[38;2;252;127;0m [48;2;252;127;0m[38;2;252;127;0m [48;2;252;127;0m[38;2;252;127;0m [48;2;210;210;210m[38;2;252;127;0m▘[48;2;210;210;210m[38;2;210;210;210m [48;2;210;210;210m[38;2;210;210;210m [48;2;210;210;210m[38;2;210;210;210m [48;2;210;210;210m[38;2;210;210;210m [48;2;210;210;210m[38;2;210;210;210m [48;2;210;210;210m[38;2;210;210;210m [48;2;210;210;210m[38;2;210;210;210m [48;2;210;210;210m[38;2;210;210;210m [48;2;210;210;210m[38;2;210;210;210m [48;2;210;210;210m[38;2;210;210;210m [48;2;210;210;210m[38;2;210;210;210m [48;2;210;210;210m[38;2;210;210;210m [48;2;210;210;210m[38;2;210;210;210m [48;2;210;210;210m[38;2;210;210;210m [48;2;210;210;210m[38;2;210;210;210m [48;2;210;210;210m[38;2;210;210;210m [48;2;210;210;210m[38;2;210;210;210m [48;2;210;210;210m[38;2;210;210;210m [48;2;210;210;210m[38;2;210;210;210m [48;2;210;210;210m[38;2;210;210;210m [48;2;210;210;210m[38;2;210;210;210m [48;2;210;210;210m[38;2;210;210;210m [48;2;210;210;210m[38;2;210;210;210m [48;2;210;210;210m[38;2;210;210;210m [0m
[48;2;0;0;0m[38;2;0;0;0m [48;2;0;0;0m[38;2;0;0;0m [48;2;0;0;0m[38;2;0;0;0m [48;2;0;0;0m[38;2;0;0;0m [48;2;0;0;0m[38;2;0;0;0m [48;2;0;0;127m[38;2;0;0;127m [48;2;0;0;252m[38;2;0;0;127m▌[48;2;0;0;252m[38;2;252;127;0m▗[48;2;0;0;252m[38;2;252;127;0m▄[48;2;255;255;255m[38;2;252;127;0m▃[48;2;255;255;255m[38;2;252;127;0m▃[48;2;255;255;255m[38;2;252;127;0m▃[48;2;255;255;255m[38;2;252;127;0m▃[48;2;255;255;255m[38;2;252;127;0m▃[48;2;252;127;0m[38;2;252;127;0m [48;2;252;127;0m[38;2;252;127;0m [48;2;252;127;0m[38;2;252;127;0m [48;2;252;127;0m[38;2;252;127;0m [48;2;210;210;210m[38;2;210;210;210m [48;2;210;210;210m[38;2;210;210;210m [48;2;210;210;210m[38;2;210;210;210m [48;2;210;210;210m[38;2;210;210;210m [48;2;210;210;210m[38;2;210;210;210m [48;2;210;210;210m[38;2;210;210;210m [48;2;210;210;210m[38;2;210;210;210m [48;2;210;210;210m[38;2;210;210;210m [48;2;210;210;210m[38;2;210;210;210m [48;2;210;210;210m[38;2;210;210;210m [48;2;210;210;210m[38;2;210;210;210m [48;2;210;210;210m[38;2;210;210;210m [48;2;210;210;210m[38;2;210;210;210m [48;2;210;210;210m[38;2;210;210;210m [48;2;210;210;210m[38;2;210;210;210m [48;2;210;210;210m[38;2;210;210;210m [48;2;210;210;210m[38;2;210;210;210m [48;2;210;210;210m[38;2;210;210;210m [48;2;210;210;210m[38;2;210;210;210m [48;2;210;210;210m[38;2;210;210;210m [48;2;210;210;210m[38;2;210;210;210m [48;2;210;210;210m[38;2;210;210;210m [48;2;210;210;210m[38;2;210;210;210m [48;2;210;210;210m[38;2;210;210;210m [48;2;210;210;210m[38;2;210;210;210m [0m
[48;2;0;0;0m[38;2;0;0;0m [48;2;0;0;0m[38;2;0;0;0m [48;2;0;0;0m[38;2;0;0;0m [48;2;0;0;0m[38;2;0;0;0m [48;2;0;0;0m[38;2;0;0;0m [48;2;0;0;127m[38;2;0;0;127m [48;2;0;0;252m[38;2;0;0;252m [48;2;252;127;0m[38;2;0;0;252m▃[48;2;252;127;0m[38;2;0;0;252m▁[48;2;252;127;0m[38;2;252;127;0m [48;2;252;127;0m[38;2;252;127;0m [48;2;252;127;0m[38;2;252;127;0m [48;2;252;127;0m[38;2;252;127;0m [48;2;252;127;0m[38;2;252;127;0m [48;2;252;127;0m[38;2;252;127;0m [48;2;252;127;0m[38;2;252;127;0m [48;2;252;127;0m[38;2;252;127;0m [48;2;252;127;0m[38;2;252;127;0m [48;2;210;210;210m[38;2;252;127;0m▃[48;2;210;210;210m[38;2;252;127;0m▃[48;2;210;210;210m[38;2;252;127;0m▃[48;2;210;210;210m[38;2;252;127;0m▃[48;2;210;210;210m[38;2;252;127;0m▃[48;2;210;210;210m[38;2;252;127;0m▃[48;2;210;210;210m[38;2;252;127;0m▃[48;2;210;210;210m[38;2;210;210;210m [48;2;210;210;210m[38;2;210;210;210m [48;2;210;210;210m[38;2;210;210;210m [48;2;210;210;210m[38;2;210;210;210m [48;2;210;210;210m[38;2;210;210;210m [48;2;210;210;210m[38;2;210;210;210m [48;2;210;210;210m[38;2;210;210;210m [48;2;210;210;210m[38;2;210;210;210m [48;2;210;210;210m[38;2;210;210;210m [48;2;210;210;210m[38;2;210;210;210m [48;2;210;210;210m[38;2;210;210;210m [48;2;210;210;210m[38;2;210;210;210m [48;2;210;210;210m[38;2;210;210;210m [48;2;210;210;210m[38;2;210;210;210m [48;2;210;210;210m[38;2;210;210;210m [48;2;210;210;210m[38;2;210;210;210m [48;2;210;210;210m[38;2;210;210;210m [48;2;210;210;210m[38;2;210;210;210m [0m
[48;2;0;0;0m[38;2;0;0;0m [48;2;0;0;0m[38;2;0;0;0m [48;2;0;0;0m[38;2;0;0;0m [48;2;0;0;0m[38;2;0;0;0m [48;2;0;0;127m[38;2;0;0;0m▌[48;2;0;0;127m[38;2;0;0;127m [48;2;0;0;252m[38;2;0;0;252m [48;2;0;0;252m[38;2;0;0;252m [48;2;0;0;252m[38;2;252;127;0m▁[48;2;252;127;0m[38;2;252;127;0m [48;2;252;127;0m[38;2;252;127;0m [48;2;252;127;0m[38;2;252;127;0m [48;2;252;127;0m[38;2;252;127;0m [48;2;252;127;0m[38;2;252;127;0m [48;2;252;127;0m[38;2;252;127;0m [48;2;252;127;0m[38;2;252;127;0m [48;2;252;127;0m[38;2;252;127;0m [48;2;252;127;0m[38;2;252;127;0m [48;2;252;127;0m[38;2;252;127;0m [48;2;252;127;0m[38;2;252;127;0m [48;2;252;127;0m[38;2;252;127;0m [48;2;252;127;0m[38;2;252;127;0m [48;2;252;127;0m[38;2;252;127;0m [48;2;252;127;0m[38;2;252;127;0m [48;2;210;210;210m[38;2;252;127;0m▘[48;2;210;210;210m[38;2;210;210;210m [48;2;210;210;210m[38;2;210;210;210m [48;2;210;210;210m[38;2;210;210;210m [48;2;210;210;210m[38;2;210;210;210m [48;2;210;210;210m[38;2;210;210;210m [48;2;210;210;210m[38;2;210;210;210m [48;2;210;210;210m[38;2;210;210;210m [48;2;210;210;210m[38;2;210;210;210m [48;2;210;210;210m[38;2;210;210;210m [48;2;210;210;210m[38;2;210;210;210m [48;2;210;210;210m[38;2;210;210;210m [48;2;210;210;210m[38;2;210;210;210m [48;2;210;210;210m[38;2;210;210;210m [48;2;210;210;210m[38;2;210;210;210m [48;2;210;210;210m[38;2;210;210;210m [48;2;210;210;210m[38;2;210;210;210m [48;2;210;210;210m[38;2;210;210;210m [48;2;210;210;210m[38;2;210;210;210m [0m
[48;2;0;0;0m[38;2;0;0;0m [48;2;0;0;0m[38;2;0;0;0m [48;2;0;0;0m[38;2;0;0;0m [48;2;0;0;0m[38;2;0;0;0m [48;2;0;0;127m[38;2;0;0;0m▌[48;2;0;0;127m[38;2;0;0;127m [48;2;0;0;252m[38;2;0;0;252m [48;2;252;127;0m[38;2;0;0;252m▌[48;2;252;127;0m[38;2;252;127;0m [48;2;252;127;0m[38;2;252;127;0m [48;2;252;127;0m[38;2;252;127;0m [48;2;252;127;0m[38;2;252;127;0m [48;2;252;127;0m[38;2;252;127;0m [48;2;252;127;0m[38;2;252;127;0m [48;2;252;127;0m[38;2;252;127;0m [48;2;252;127;0m[38;2;252;127;0m [48;2;252;127;0m[38;2;252;127;0m [48;2;252;127;0m[38;2;252;127;0m [48;2;252;127;0m[38;2;252;127;0m [48;2;252;127;0m[38;2;252;127;0m [48;2;252;127;0m[38;2;252;127;0m [48;2;252;127;0m[38;2;252;127;0m [48;2;252;127;0m[38;2;252;127;0m [48;2;231;168;105m[38;2;252;127;0m▊[48;2;210;210;210m[38;2;210;210;210m [48;2;210;210;210m[38;2;210;210;210m [48;2;210;210;210m[38;2;210;210;210m [48;2;210;210;210m[38;2;210;210;210m [48;2;210;210;210m[38;2;210;210;210m [48;2;210;210;210m[38;2;210;210;210m [48;2;210;210;210m[38;2;210;210;210m [48;2;210;210;210m[38;2;210;210;210m [48;2;210;210;210m[38;2;210;210;210m [48;2;210;210;210m[38;2;210;210;210m [48;2;210;210;210m[38;2;210;210;210m [48;2;210;210;210m[38;2;210;210;210m [48;2;210;210;210m[38;2;210;210;210m [48;2;210;210;210m[38;2;210;210;210m [48;2;210;210;210m[38;2;210;210;210m [48;2;210;210;210m[38;2;210;210;210m [48;2;210;210;210m[38;2;210;210;210m [48;2;210;210;210m[38;2;210;210;210m [48;2;210;210;210m[38;2;210;210;210m [0m
[48;2;0;0;0m[38;2;0;0;0m [48;2;0;0;0m[38;2;0;0;0m [48;2;0;0;0m[38;2;0;0;0m [48;2;0;0;0m[38;2;0;0;0m [48;2;0;0;127m[38;2;0;0;0m▌[48;2;0;0;127m[38;2;0;0;127m [48;2;0;0;252m[38;2;0;0;189m▌[48;2;252;127;0m[38;2;252;127;0m [48;2;252;127;0m[38;2;252;127;0m [48;2;252;127;0m[38;2;252;127;0m [48;2;252;127;0m[38;2;252;127;0m [48;2;252;127;0m[38;2;252;127;0m [48;2;252;127;0m[38;2;252;127;0m [48;2;252;127;0m[38;2;252;127;0m [48;2;252;127;0m[38;2;252;127;0m [48;2;252;127;0m[38;2;252;127;0m [48;2;252;127;0m[38;2;252;127;0m [48;2;252;127;0m[38;2;252;127;0m [48;2;127;127;127m[38;2;127;127;127m [48;2;252;127;0m[38;2;252;127;0m [48;2;127;127;127m[38;2;252;127;0m▌[48;2;127;127;127m[38;2;127;127;127m [48;2;252;127;0m[38;2;252;127;0m [48;2;127;127;127m[38;2;127;127;127m [48;2;210;210;210m[38;2;210;210;210m [48;2;210;210;210m[38;2;210;210;210m [48;2;210;210;210m[38;2;127;127;127m▌[48;2;210;210;210m[38;2;210;210;210m [48;2;127;127;127m[38;2;127;127;127m [48;2;210;210;210m[38;2;210;210;210m [48;2;127;127;127m[38;2;210;210;210m▌[48;2;127;127;127m[38;2;127;127;127m [48;2;210;210;210m[38;2;210;210;210m [48;2;210;210;210m[38;2;210;210;210m [48;2;127;127;127m[38;2;210;210;210m▌[48;2;127;127;127m[38;2;210;210;210m▌[48;2;127;127;127m[38;2;210;210;210m▌[48;2;127;127;127m[38;2;127;127;127m [48;2;127;127;127m[38;2;210;210;210m▌[48;2;210;210;210m[38;2;210;210;210m [48;2;127;127;127m[38;2;210;210;210m▌[48;2;210;210;210m[38;2;210;210;210m [48;2;210;210;210m[38;2;210;210;210m [0m
[48;2;0;0;0m[38;2;0;0;0m [48;2;0;0;0m[38;2;0;0;0m [48;2;0;0;0m[38;2;0;0;0m [48;2;0;0;0m[38;2;0;0;0m [48;2;0;0;0m[38;2;0;0;0m [48;2;0;0;127m[38;2;0;0;0m▃[48;2;0;0;252m[38;2;0;0;127m▊[48;2;252;127;0m[38;2;0;0;252m▆[48;2;252;127;0m[38;2;0;0;252m▆[48;2;252;127;0m[38;2;0;0;252m▆[48;2;252;127;0m[38;2;0;0;252m▆[48;2;252;127;0m[38;2;0;0;252m▆[48;2;252;127;0m[38;2;0;0;252m▆[48;2;252;127;0m[38;2;0;0;252m▆[48;2;252;127;0m[38;2;0;0;252m▆[48;2;252;127;0m[38;2;0;0;252m▆[48;2;252;127;0m[38;2;252;127;0m [48;2;252;127;0m[38;2;252;127;0m [48;2;127;127;127m[38;2;252;127;0m▗[48;2;252;127;0m[38;2;127;127;127m▖[48;2;127;127;127m[38;2;252;127;0m▌[48;2;127;127;127m[38;2;252;127;0m▄[48;2;252;127;0m[38;2;252;127;0m [48;2;127;127;127m[38;2;210;210;210m▗[48;2;210;210;210m[38;2;127;127;127m▖[48;2;210;210;210m[38;2;127;127;127m▗[48;2;210;210;210m[38;2;127;127;127m▚[48;2;210;210;210m[38;2;210;210;210m [48;2;127;127;127m[38;2;210;210;210m▗[48;2;210;210;210m[38;2;127;127;127m▖[48;2;210;210;210m[38;2;127;127;127m▝[48;2;127;127;127m[38;2;210;210;210m▗[48;2;210;210;210m[38;2;210;210;210m [48;2;210;210;210m[38;2;210;210;210m [48;2;127;127;127m[38;2;210;210;210m▌[48;2;127;127;127m[38;2;210;210;210m▌[48;2;210;210;210m[38;2;127;127;127m▝[48;2;127;127;127m[38;2;210;210;210m▗[48;2;127;127;127m[38;2;210;210;210m▌[48;2;210;210;210m[38;2;127;127;127m▖[48;2;127;127;127m[38;2;210;210;210m▘[48;2;210;210;210m[38;2;210;210;210m [48;2;210;210;210m[38;2;210;210;210m [0m
[48;2;0;0;0m[38;2;0;0;0m [48;2;0;0;0m[38;2;0;0;0m [48;2;0;0;0m[38;2;0;0;0m [48;2;0;0;0m[38;2;0;0;0m [48;2;0;0;0m[38;2;0;0;0m [48;2;0;0;0m[38;2;0;0;0m [48;2;0;0;0m[38;2;0;0;0m [48;2;0;0;127m[38;2;0;0;0m▄[48;2;0;0;127m[38;2;0;0;0m▄[48;2;0;0;127m[38;2;0;0;127m [48;2;0;0;252m[38;2;0;0;127m▄[48;2;0;0;252m[38;2;0;0;127m▄[48;2;0;0;252m[38;2;0;0;127m▄[48;2;0;0;252m[38;2;0;0;252m [48;2;0;0;252m[38;2;0;0;252m [48;2;0;0;252m[38;2;0;0;252m [48;2;252;127;0m[38;2;252;127;0m [48;2;252;127;0m[38;2;252;127;0m [48;2;252;127;0m[38;2;127;127;127m▌[48;2;252;127;0m[38;2;127;127;127m▌[48;2;127;127;127m[38;2;252;127;0m▌[48;2;252;127;0m[38;2;252;127;0m [48;2;252;127;0m[38;2;252;127;0m [48;2;210;210;210m[38;2;127;127;127m▌[48;2;210;210;210m[38;2;127;127;127m▌[48;2;127;127;127m[38;2;210;210;210m▌[48;2;127;127;127m[38;2;210;210;210m▌[48;2;210;210;210m[38;2;210;210;210m [48;2;210;210;210m[38;2;127;127;127m▌[48;2;210;210;210m[38;2;127;127;127m▌[48;2;210;210;210m[38;2;210;210;210m [48;2;210;210;210m[38;2;127;127;127m▌[48;2;210;210;210m[38;2;210;210;210m [48;2;210;210;210m[38;2;210;210;210m [48;2;127;127;127m[38;2;210;210;210m▌[48;2;127;127;127m[38;2;210;210;210m▌[48;2;210;210;210m[38;2;210;210;210m [48;2;210;210;210m[38;2;127;127;127m▌[48;2;127;127;127m[38;2;210;210;210m▌[48;2;127;127;127m[38;2;210;210;210m▝[48;2;127;127;127m[38;2;127;127;127m [48;2;210;210;210m[38;2;210;210;210m [48;2;210;210;210m[38;2;210;210;210m [0m
[48;2;0;0;0m[38;2;0;0;0m [48;2;0;0;0m[38;2;0;0;0m [48;2;0;0;0m[38;2;0;0;0m [48;2;0;0;0m[38;2;0;0;0m [48;2;0;0;0m[38;2;0;0;0m [48;2;0;0;0m[38;2;0;0;0m [48;2;0;0;0m[38;2;0;0;0m [48;2;0;0;0m[38;2;0;0;0m [48;2;0;0;0m[38;2;0;0;0m [48;2;0;0;0m[38;2;0;0;0m [48;2;0;0;0m[38;2;0;0;0m [48;2;0;0;0m[38;2;0;0;0m [48;2;0;0;127m[38;2;0;0;0m▃[48;2;0;0;127m[38;2;0;0;127m [48;2;0;0;252m[38;2;0;0;252m [48;2;0;0;252m[38;2;0;0;252m [48;2;252;127;0m[38;2;252;127;0m [48;2;252;127;0m[38;2;252;127;0m [48;2;252;127;0m[38;2;127;127;127m▌[48;2;252;127;0m[38;2;127;127;127m▌[48;2;127;127;127m[38;2;252;127;0m▌[48;2;127;127;127m[38;2;127;127;127m [48;2;252;127;0m[38;2;252;127;0m [48;2;252;127;0m[38;2;127;127;127m▌[48;2;210;210;210m[38;2;127;127;127m▌[48;2;127;127;127m[38;2;210;210;210m▌[48;2;127;127;127m[38;2;210;210;210m▌[48;2;210;210;210m[38;2;210;210;210m [48;2;210;210;210m[38;2;127;127;127m▌[48;2;210;210;210m[38;2;127;127;127m▌[48;2;210;210;210m[38;2;210;210;210m [48;2;210;210;210m[38;2;127;127;127m▌[48;2;210;210;210m[38;2;210;210;210m [48;2;210;210;210m[38;2;210;210;210m [48;2;127;127;127m[38;2;210;210;210m▌[48;2;127;127;127m[38;2;127;127;127m [48;2;210;210;210m[38;2;210;210;210m [48;2;210;210;210m[38;2;127;127;127m▌[48;2;127;127;127m[38;2;210;210;210m▌[48;2;127;127;127m[38;2;210;210;210m▌[48;2;127;127;127m[38;2;210;210;210m▌[48;2;210;210;210m[38;2;210;210;210m [48;2;210;210;210m[38;2;210;210;210m [0m
[48;2;0;0;0m[38;2;0;0;0m [48;2;0;0;0m[38;2;0;0;0m [48;2;0;0;0m[38;2;0;0;0m [48;2;0;0;0m[38;2;0;0;0m [48;2;0;0;0m[38;2;0;0;0m [48;2;0;0;0m[38;2;0;0;0m [48;2;0;0;0m[38;2;0;0;0m [48;2;0;0;0m[38;2;0;0;0m [48;2;0;0;0m[38;2;0;0;0m [48;2;0;0;0m[38;2;0;0;0m [48;2;0;0;0m[38;2;0;0;0m [48;2;0;0;0m[38;2;0;0;0m [48;2;0;0;0m[38;2;0;0;0m [48;2;0;0;127m[38;2;0;0;127m [48;2;0;0;252m[38;2;0;0;252m [48;2;0;0;252m[38;2;0;0;252m [48;2;252;127;0m[38;2;252;127;0m [48;2;252;127;0m[38;2;252;127;0m [48;2;127;127;127m[38;2;252;127;0m▝[48;2;252;127;0m[38;2;127;127;127m▘[48;2;127;127;127m[38;2;252;127;0m▌[48;2;127;127;127m[38;2;252;127;0m▄[48;2;252;127;0m[38;2;252;127;0m [48;2;127;127;127m[38;2;252;127;0m▝[48;2;210;210;210m[38;2;127;127;127m▘[48;2;127;127;127m[38;2;210;210;210m▌[48;2;127;127;127m[38;2;210;210;210m▌[48;2;210;210;210m[38;2;210;210;210m [48;2;127;127;127m[38;2;210;210;210m▝[48;2;210;210;210m[38;2;127;127;127m▘[48;2;210;210;210m[38;2;210;210;210m [48;2;210;210;210m[38;2;127;127;127m▌[48;2;210;210;210m[38;2;210;210;210m [48;2;210;210;210m[38;2;210;210;210m [48;2;127;127;127m[38;2;210;210;210m▌[48;2;127;127;127m[38;2;210;210;210m▖[48;2;210;210;210m[38;2;210;210;210m [48;2;210;210;210m[38;2;127;127;127m▌[48;2;127;127;127m[38;2;210;210;210m▌[48;2;210;210;210m[38;2;210;210;210m [48;2;127;127;127m[38;2;210;210;210m▌[48;2;210;210;210m[38;2;210;210;210m [48;2;210;210;210m[38;2;210;210;210m [0m
[48;2;0;0;0m[38;2;0;0;0m [48;2;0;0;0m[38;2;0;0;0m [48;2;0;0;0m[38;2;0;0;0m [48;2;0;0;0m[38;2;0;0;0m [48;2;0;0;0m[38;2;0;0;0m [48;2;0;0;0m[38;2;0;0;0m [48;2;0;0;0m[38;2;0;0;0m [48;2;0;0;0m[38;2;0;0;0m [48;2;0;0;0m[38;2;0;0;0m [48;2;0;0;0m[38;2;0;0;0m [48;2;0;0;0m[38;2;0;0;0m [48;2;0;0;0m[38;2;0;0;0m [48;2;0;0;0m[38;2;0;0;0m [48;2;0;0;127m[38;2;0;0;127m [48;2;0;0;252m[38;2;0;0;252m [48;2;0;0;252m[38;2;0;0;252m [48;2;252;127;0m[38;2;0;0;252m▎[48;2;252;127;0m[38;2;252;127;0m [48;2;127;127;127m[38;2;127;127;127m [48;2;252;127;0m[38;2;252;127;0m [48;2;127;127;127m[38;2;252;127;0m▌[48;2;252;127;0m[38;2;252;127;0m [48;2;252;127;0m[38;2;252;127;0m [48;2;127;127;127m[38;2;127;127;127m [48;2;252;127;0m[38;2;252;127;0m [48;2;127;127;127m[38;2;210;210;210m▌[48;2;127;127;127m[38;2;210;210;210m▌[48;2;210;210;210m[38;2;210;210;210m [48;2;127;127;127m[38;2;127;127;127m [48;2;210;210;210m[38;2;210;210;210m [48;2;210;210;210m[38;2;210;210;210m [48;2;210;210;210m[38;2;127;127;127m▌[48;2;210;210;210m[38;2;210;210;210m [48;2;210;210;210m[38;2;210;210;210m [48;2;127;127;127m[38;2;210;210;210m▌[48;2;127;127;127m[38;2;210;210;210m▌[48;2;210;210;210m[38;2;210;210;210m [48;2;210;210;210m[38;2;127;127;127m▌[48;2;127;127;127m[38;2;210;210;210m▌[48;2;210;210;210m[38;2;210;210;210m [48;2;127;127;127m[38;2;210;210;210m▌[48;2;210;210;210m[38;2;210;210;210m [48;2;210;210;210m[38;2;210;210;210m [0m
[48;2;0;0;0m[38;2;0;0;0m [48;2;0;0;0m[38;2;0;0;0m [48;2;0;0;0m[38;2;0;0;0m [48;2;0;0;0m[38;2;0;0;0m [48;2;0;0;0m[38;2;0;0;0m [48;2;0;0;0m[38;2;0;0;0m [48;2;0;0;0m[38;2;0;0;0m [48;2;0;0;0m[38;2;0;0;0m [48;2;0;0;0m[38;2;0;0;0m [48;2;0;0;0m[38;2;0;0;0m [48;2;0;0;0m[38;2;0;0;0m [48;2;0;0;0m[38;2;0;0;0m [48;2;0;0;0m[38;2;0;0;0m [48;2;0;0;127m[38;2;0;0;127m [48;2;0;0;252m[38;2;0;0;252m [48;2;0;0;252m[38;2;0;0;252m [48;2;252;127;0m[38;2;0;0;252m▎[48;2;252;127;0m[38;2;252;127;0m [48;2;252;127;0m[38;2;127;127;127m▌[48;2;252;127;0m[38;2;127;127;127m▌[48;2;127;127;127m[38;2;252;127;0m▌[48;2;252;127;0m[38;2;127;127;127m▄[48;2;252;127;0m[38;2;252;127;0m [48;2;252;127;0m[38;2;127;127;127m▌[48;2;252;127;0m[38;2;252;127;0m [48;2;252;127;0m[38;2;127;127;127m▝[48;2;127;127;127m[38;2;210;210;210m▚[48;2;210;210;210m[38;2;210;210;210m [48;2;210;210;210m[38;2;127;127;127m▌[48;2;210;210;210m[38;2;127;127;127m▌[48;2;210;210;210m[38;2;210;210;210m [48;2;210;210;210m[38;2;127;127;127m▌[48;2;210;210;210m[38;2;210;210;210m [48;2;210;210;210m[38;2;210;210;210m [48;2;127;127;127m[38;2;210;210;210m▌[48;2;127;127;127m[38;2;210;210;210m▌[48;2;210;210;210m[38;2;127;127;127m▗[48;2;127;127;127m[38;2;210;210;210m▝[48;2;127;127;127m[38;2;210;210;210m▌[48;2;210;210;210m[38;2;210;210;210m [48;2;127;127;127m[38;2;210;210;210m▌[48;2;210;210;210m[38;2;210;210;210m [48;2;210;210;210m[38;2;210;210;210m [0m
[48;2;0;0;0m[38;2;0;0;0m [48;2;0;0;0m[38;2;0;0;0m [48;2;0;0;0m[38;2;0;0;0m [48;2;0;0;0m[38;2;0;0;0m [48;2;0;0;0m[38;2;0;0;0m [48;2;0;0;0m[38;2;0;0;0m [48;2;0;0;0m[38;2;0;0;0m [48;2;0;0;0m[38;2;0;0;0m [48;2;0;0;0m[38;2;0;0;0m [48;2;0;0;0m[38;2;0;0;0m [48;2;0;0;0m[38;2;0;0;0m [48;2;0;0;0m[38;2;0;0;0m [48;2;0;0;63m[38;2;0;0;0m▊[48;2;0;0;127m[38;2;0;0;127m [48;2;0;0;252m[38;2;0;0;252m [48;2;0;0;252m[38;2;0;0;252m [48;2;252;127;0m[38;2;252;127;0m [48;2;252;127;0m[38;2;252;127;0m [48;2;252;127;0m[38;2;127;127;127m▌[48;2;252;127;0m[38;2;127;127;127m▌[48;2;127;127;127m[38;2;252;127;0m▌[48;2;127;127;127m[38;2;127;127;127m [48;2;252;127;0m[38;2;252;127;0m [48;2;252;127;0m[38;2;127;127;127m▌[48;2;252;127;0m[38;2;252;127;0m [48;2;252;127;0m[38;2;252;127;0m [48;2;210;210;210m[38;2;127;127;127m▌[48;2;210;210;210m[38;2;210;210;210m [48;2;210;210;210m[38;2;127;127;127m▌[48;2;210;210;210m[38;2;127;127;127m▌[48;2;210;210;210m[38;2;210;210;210m [48;2;210;210;210m[38;2;127;127;127m▌[48;2;210;210;210m[38;2;210;210;210m [48;2;210;210;210m[38;2;210;210;210m [48;2;127;127;127m[38;2;210;210;210m▌[48;2;127;127;127m[38;2;210;210;210m▌[48;2;127;127;127m[38;2;210;210;210m▌[48;2;127;127;127m[38;2;127;127;127m [48;2;127;127;127m[38;2;210;210;210m▌[48;2;210;210;210m[38;2;210;210;210m [48;2;127;127;127m[38;2;210;210;210m▌[48;2;210;210;210m[38;2;210;210;210m [48;2;210;210;210m[38;2;210;210;210m [0m
[48;2;0;0;0m[38;2;0;0;0m [48;2;0;0;0m[38;2;0;0;0m [48;2;0;0;0m[38;2;0;0;0m [48;2;0;0;0m[38;2;0;0;0m [48;2;0;0;0m[38;2;0;0;0m [48;2;0;0;0m[38;2;0;0;0m [48;2;0;0;0m[38;2;0;0;0m [48;2;0;0;0m[38;2;0;0;0m [48;2;0;0;0m[38;2;0;0;0m [48;2;0;0;0m[38;2;0;0;0m [48;2;0;0;0m[38;2;0;0;0m [48;2;0;0;0m[38;2;0;0;0m [48;2;0;0;127m[38;2;0;0;0m▌[48;2;0;0;252m[38;2;0;0;127m▌[48;2;0;0;252m[38;2;0;0;252m [48;2;252;127;0m[38;2;0;0;252m▊[48;2;252;127;0m[38;2;252;127;0m [48;2;252;127;0m[38;2;252;127;0m [48;2;252;127;0m[38;2;252;127;0m [48;2;252;127;0m[38;2;252;127;0m [48;2;252;127;0m[38;2;252;127;0m [48;2;252;127;0m[38;2;252;127;0m [48;2;252;127;0m[38;2;252;127;0m [48;2;252;127;0m[38;2;252;127;0m [48;2;252;127;0m[38;2;252;127;0m [48;2;252;127;0m[38;2;252;127;0m [48;2;252;127;0m[38;2;252;127;0m [48;2;210;210;210m[38;2;210;210;210m [48;2;210;210;210m[38;2;210;210;210m [48;2;210;210;210m[38;2;210;210;210m [48;2;210;210;210m[38;2;210;210;210m [48;2;210;210;210m[38;2;210;210;210m [48;2;210;210;210m[38;2;210;210;210m [48;2;210;210;210m[38;2;210;210;210m [48;2;210;210;210m[38;2;210;210;210m [48;2;210;210;210m[38;2;210;210;210m [48;2;210;210;210m[38;2;210;210;210m [48;2;210;210;210m[38;2;210;210;210m [48;2;210;210;210m[38;2;210;210;210m [48;2;210;210;210m[38;2;210;210;210m [48;2;210;210;210m[38;2;210;210;210m [48;2;210;210;210m[38;2;210;210;210m [48;2;210;210;210m[38;2;210;210;210m [0m
