[?25l[0m[38;2;0;0;0;48;2;172;254;125m⢄[38;2;3;7;1m⢄[38;2;172;254;125m⠀⠀⠀⠀⠀[38;2;161;244;114m▕[38;2;95;179;44;48;2;107;200;51m▕[38;2;80;19;11;48;2;0;0;0m▕[38;2;0;0;0;48;2;164;59;45m⣀[38;2;164;59;45;48;2;0;0;0m⠇[38;2;0;0;0;48;2;177;107;19m⣀[38;2;177;107;19;48;2;0;0;0m⠇[38;2;0;0;0;48;2;254;88;88m⣀[38;2;254;88;88;48;2;0;0;0m⠇[38;2;0;0;0;48;2;254;88;88m⣤[48;2;65;11;11m┨[48;2;164;59;45m⣀[38;2;164;59;45;48;2;0;0;0m⠇[38;2;0;0;0;48;2;177;107;19m⣀⣀[48;2;254;88;88m⣀[38;2;254;88;88;48;2;0;0;0m⠇[38;2;0;0;0;48;2;254;88;88m⣀[38;2;254;88;88;48;2;0;0;0m⠇[38;2;0;0;0;48;2;177;107;19m⣀[38;2;177;107;19;48;2;0;0;0m⠇[38;2;0;0;0;48;2;164;59;45m⣤[48;2;52;8;5m┨[48;2;164;59;45m⣀[38;2;164;59;45;48;2;0;0;0m⠇[38;2;0;0;0;48;2;254;179;88m▊[38;2;254;179;88m⠀⠀⠀⠀⠀⠀⠀⠀⠀[38;2;0;0;0m⣀[38;2;254;179;88;48;2;0;0;0m⠇[38;2;107;200;51m⢰[38;2;0;0;0;48;2;107;200;51m⠉[38;2;165;247;118;48;2;172;254;125m▏[38;2;172;254;125m⠀⠀⠀⠀⠀⠀⠀⠀⠀⠀⠀⠀⠀⠀[38;2;169;252;123m▕[38;2;0;0;0;48;2;107;200;51m⣤[48;2;35;4;2m┃[48;2;164;59;45m▁▁[38;2;78;18;11;48;2;0;0;0m▏[38;2;0;0;0;48;2;164;59;45m⣤[38;2;238;163;81;48;2;254;179;88m▏[38;2;254;179;88m⠀[38;2;101;69;26m├[38;2;136;94;43m╼┮╼[38;2;118;81;36m┤[38;2;254;179;88m⠀⠀⠀⠀⠀[0m
[38;2;0;0;0;48;2;0;0;0m⠀[48;2;107;200;51m⣤[48;2;172;254;125m⢄[38;2;9;23;4m⢄[38;2;172;254;125m⠀[38;2;160;243;113m▕[38;2;109;202;53;48;2;107;200;51m▏[38;2;107;200;51m⠀⠀[38;2;0;0;0m⢸[48;2;0;0;0m⠀⠀[38;2;95;95;95m⢄⢄⢄⢄⢄⢄⢄⢄[38;2;53;53;53m▲[38;2;54;54;54m▲[38;2;95;95;95m⢄⢄⢄⢄⢄⢄⢄⢄[38;2;0;0;0m⠀⠀[38;2;254;179;88m⢸[48;2;254;179;88m⠀⠀⠀⠀⠀⠀⠀⠀[38;2;0;0;0m⢸[38;2;107;200;51;48;2;0;0;0m⢰[38;2;0;0;0;48;2;107;200;51m⠉[38;2;165;248;118;48;2;172;254;125m▏[38;2;172;254;125m⠀[38;2;57;89;39m⢄[38;2;56;87;38m⢄[38;2;172;254;125m⠀[38;2;0;0;0m⣤[48;2;107;200;51m▅▅▅▅[48;2;172;254;125m⣤⣤⣤⣤▃▃[48;2;107;200;51m▃▃[38;2;137;137;137;48;2;0;0;0m⢸[38;2;139;139;139;48;2;137;137;137m▕[38;2;167;167;167;48;2;173;173;173m▏[38;2;0;0;0m│[38;2;83;83;83;48;2;0;0;0m▏[38;2;95;95;95m┝[38;2;0;0;0;48;2;254;179;88m▃▃⣤⣤[38;2;190;133;64m│[38;2;254;179;88m⠀⠀⠀⠀⠀⠀⠀[0m
[38;2;254;179;88;48;2;254;179;88m⠀[48;2;0;0;0m⣤⣤[38;2;52;103;16m▕[38;2;0;0;0;48;2;107;200;51m⢄⢄[48;2;5;23;1m┃[48;2;107;200;51m⣤⢄⢄[38;2;10;38;2;48;2;0;0;0m▏[38;2;95;95;95m⢸[38;2;136;136;136;48;2;137;137;137m▏[38;2;137;137;137m⠀[38;2;0;0;0m⣤[38;2;137;137;137;48;2;0;0;0m⣤⣤[38;2;0;0;0;48;2;137;137;137m⣤[38;2;137;137;137m⠀⠀⠀⠀⠀⠀[38;2;0;0;0m⣤[38;2;137;137;137;48;2;0;0;0m⣤⣤[38;2;0;0;0;48;2;137;137;137m⣤[38;2;137;137;137m⠀[38;2;132;132;132m▕[38;2;0;0;0;48;2;95;95;95m⢸[38;2;107;73;30;48;2;0;0;0m▕[38;2;242;171;84;48;2;254;179;88m▏[38;2;254;179;88m⠀⠀⠀⠀⠀⠀⠀⠀[48;2;0;0;0m▏[38;2;0;0;0;48;2;107;200;51m⢄[38;2;34;72;7m⢄[38;2;165;248;118;48;2;172;254;125m▏[38;2;172;254;125m⠀⠀[38;2;167;250;121m▕[38;2;120;210;69;48;2;107;200;51m▏[38;2;0;0;0;48;2;41;84;10m┃[38;2;177;107;19;48;2;164;99;16m┠[38;2;75;42;3;48;2;0;0;0m▏[38;2;0;0;0;48;2;103;82;0m⣀[38;2;103;82;0;48;2;0;0;0m⠇[38;2;0;0;0;48;2;164;59;45m⣤[48;2;50;22;1m┃[48;2;177;107;19m⣀[38;2;177;107;19;48;2;0;0;0m⠇[38;2;0;0;0;48;2;177;107;19m⣀[38;2;177;107;19;48;2;0;0;0m⠇[38;2;0;0;0;48;2;177;107;19m⣀[38;2;177;107;19;48;2;0;0;0m⠇[38;2;137;137;137m⢸[38;2;139;139;139;48;2;137;137;137m▕[38;2;167;167;167;48;2;173;173;173m▏[38;2;0;0;0m│[38;2;83;83;83;48;2;0;0;0m▏[38;2;95;95;95m│[38;2;103;82;0m⠸[38;2;0;0;0;48;2;103;82;0m⣀[48;2;24;8;0m┃[38;2;158;95;15;48;2;177;107;19m▏[38;2;0;0;0;48;2;254;179;88m▊[38;2;254;179;88m⠀⠀⠀⠀⠀⠀⠀[0m
[38;2;0;0;0;48;2;254;179;88m⣀⣀[38;2;254;179;88m⠀⠀[38;2;0;0;0m⠉⠉[38;2;254;179;88;48;2;0;0;0m⣤[38;2;0;0;0;48;2;41;21;4m┨[38;2;103;82;0;48;2;0;0;0m⣤[38;2;0;0;0m⠀[48;2;95;95;95m▊[38;2;106;106;106m▕[38;2;136;136;136;48;2;137;137;137m▏[38;2;0;0;0;48;2;76;76;76m┝[38;2;104;88;222;48;2;115;98;245m▕[38;2;17;12;60m⡖[38;2;41;65;23;48;2;172;254;125m⢲[38;2;156;231;113m▕[38;2;0;0;0;48;2;173;173;173m▊[38;2;173;173;173m⠀⠀⠀⠀[38;2;0;0;0;48;2;103;103;103m┝[38;2;172;254;125;48;2;166;245;121m┃[38;2;51;80;34;48;2;172;254;125m⡖[38;2;30;21;79;48;2;115;98;245m⢲[38;2;106;90;227m▕[38;2;0;0;0;48;2;173;173;173m▊[38;2;164;164;164m▕[38;2;106;106;106;48;2;95;95;95m▏[38;2;95;95;95;48;2;0;0;0m▏[38;2;254;179;88m⢸[48;2;254;179;88m⠀⠀⠀[38;2;0;0;0m⣀⣀[38;2;254;179;88m⠀⠀⠀[38;2;241;169;83m▕[38;2;101;69;27;48;2;0;0;0m▏[38;2;107;200;51m⣤[38;2;33;71;7;48;2;107;200;51m⢄[38;2;32;70;7m⢄[38;2;40;81;9;48;2;172;254;125m⢄[38;2;29;67;6m⢄[38;2;120;210;69;48;2;107;200;51m▏[38;2;0;0;0;48;2;41;84;10m┃[38;2;235;81;81;48;2;254;88;88m▏[38;2;254;88;88;48;2;0;0;0m▏[38;2;103;82;0m▊[38;2;0;0;0;48;2;103;82;0m▏[38;2;164;59;45;48;2;0;0;0m▊[38;2;0;0;0;48;2;164;59;45m▏[38;2;177;107;19;48;2;0;0;0m▊[38;2;0;0;0;48;2;177;107;19m▏[38;2;177;107;19;48;2;0;0;0m▊[38;2;0;0;0;48;2;177;107;19m▏▕▍[38;2;95;95;95;48;2;0;0;0m⣤[38;2;0;0;0;48;2;95;95;95m⣤⣀⣀[38;2;42;42;42;48;2;0;0;0m▏[38;2;70;70;70m⠉[38;2;8;5;0m▕[38;2;92;73;0;48;2;103;82;0m▏[38;2;0;0;0;48;2;254;88;88m▊[38;2;252;87;87m▕[38;2;0;0;0;48;2;254;179;88m▊[38;2;254;179;88m⠀⠀⠀⠀⠀⠀⠀[0m
[38;2;0;0;0;48;2;173;173;173m⠉[38;2;173;173;173;48;2;0;0;0m⡆[38;2;0;0;0;48;2;137;137;137m⠉⠉⠉⠉[48;2;95;95;95m⠉⠉[38;2;81;81;81;48;2;0;0;0m⠺[38;2;0;0;0;48;2;47;47;47m⣨[48;2;0;0;0m⠀[38;2;95;95;95m⢸[38;2;136;136;136;48;2;137;137;137m▏[38;2;0;0;0m┠[38;2;121;128;49;48;2;231;245;100m╼[38;2;0;0;0m⠃[48;2;115;98;245m▝[38;2;52;43;119m╼[38;2;0;0;0;48;2;173;173;173m▊[38;2;173;173;173m⠀⠀⠀⠀[48;2;0;0;0m▏[38;2;56;47;126;48;2;115;98;245m╼[38;2;0;0;0m⠃[48;2;231;245;100m▝[38;2;114;121;45m╼[38;2;0;0;0;48;2;173;173;173m▊[38;2;164;164;164m▕[38;2;106;106;106;48;2;95;95;95m▏[38;2;0;0;0;48;2;23;23;23m┃[48;2;137;137;137m⠉⠉[48;2;95;95;95m⠉[38;2;95;95;95;48;2;0;0;0m⡆[38;2;173;173;173m⢰[38;2;0;0;0;48;2;173;173;173m⠉[38;2;254;179;88;48;2;0;0;0m⢸[48;2;254;179;88m⠀⠀[38;2;0;0;0m⢸[48;2;107;200;51m▊[38;2;107;200;51m⠀⠀⠀⠀⠀⠀[48;2;0;0;0m▏[38;2;235;81;81;48;2;254;88;88m▏[38;2;254;88;88;48;2;0;0;0m▏[38;2;0;0;0;48;2;103;82;0m⠉[38;2;103;82;0;48;2;0;0;0m⡆[38;2;0;0;0;48;2;164;59;45m⠉[38;2;164;59;45;48;2;0;0;0m⡆[38;2;0;0;0;48;2;177;107;19m⠉[38;2;177;107;19;48;2;0;0;0m⡆[38;2;0;0;0;48;2;177;107;19m⠉[38;2;177;107;19;48;2;0;0;0m⡆[38;2;0;0;0;48;2;177;107;19m⠉[38;2;177;107;19;48;2;0;0;0m⡆[38;2;0;0;0;48;2;177;107;19m⠉[38;2;177;107;19;48;2;0;0;0m⡆[38;2;103;82;0m⣤[38;2;0;0;0;48;2;12;7;0m┠[38;2;103;82;0;48;2;0;0;0m⣤[38;2;0;0;0;48;2;9;6;0m┃[48;2;103;82;0m⠉[38;2;103;82;0;48;2;0;0;0m⡆[38;2;0;0;0;48;2;254;88;88m▊[38;2;252;87;87m▕[38;2;130;41;41;48;2;0;0;0m▏[38;2;0;0;0;48;2;95;95;95m⣤[48;2;254;179;88m▃▃▃▃[38;2;254;179;88m⠀⠀[0m
[38;2;95;95;95;48;2;0;0;0m⢄⢄[38;2;0;0;0m⠀⠀[38;2;95;95;95m⢄⢄[38;2;0;0;0m⠀⠀[48;2;177;107;19m▊[38;2;177;107;19;48;2;0;0;0m▏[38;2;43;43;43m▕[38;2;106;106;106;48;2;95;95;95m▕[38;2;136;136;136;48;2;137;137;137m▏[38;2;137;137;137;48;2;0;0;0m▏[38;2;124;38;38;48;2;254;88;88m╼[38;2;25;2;2m⡄[38;2;62;9;9m⢠[38;2;123;38;38m╼[38;2;0;0;0;48;2;173;173;173m▊[38;2;173;173;173m⠀⠀⠀⠀[48;2;0;0;0m▏[38;2;125;39;39;48;2;254;88;88m╼[38;2;38;4;4m⡄[38;2;56;8;8m⢠[38;2;126;39;39m╼[38;2;0;0;0;48;2;173;173;173m▊[38;2;164;164;164m▕[38;2;106;106;106;48;2;95;95;95m▏[38;2;95;95;95;48;2;0;0;0m▏⢄⢄[38;2;0;0;0m⠀⠀[38;2;95;95;95m⢄⢄[38;2;254;179;88m⠸[38;2;0;0;0;48;2;254;179;88m⣀[38;2;254;179;88m⠀[38;2;244;172;84m▕[38;2;254;179;88;48;2;0;0;0m⣤⣤[38;2;0;0;0;48;2;107;200;51m⣤[48;2;32;70;7m┃[48;2;107;200;51m▃▃[38;2;107;200;51m⠀[48;2;0;0;0m▏[38;2;164;99;16;48;2;177;107;19m▏[38;2;0;0;0m⢸[48;2;103;82;0m⣀[38;2;103;82;0;48;2;0;0;0m⠇[38;2;0;0;0;48;2;164;59;45m⣀[38;2;164;59;45;48;2;0;0;0m⠇[38;2;0;0;0;48;2;177;107;19m⣤[48;2;72;13;13m┃[48;2;254;88;88m⣀[38;2;254;88;88;48;2;0;0;0m⠇[38;2;0;0;0;48;2;254;88;88m⣀[38;2;254;88;88;48;2;0;0;0m⠇[38;2;0;0;0;48;2;254;88;88m⣀[38;2;254;88;88;48;2;0;0;0m⠇[38;2;0;0;0;48;2;177;107;19m⣀[38;2;177;107;19;48;2;0;0;0m⠇[38;2;0;0;0;48;2;164;59;45m⣀[38;2;164;59;45;48;2;0;0;0m⠇[38;2;0;0;0;48;2;103;82;0m⣤[48;2;0;0;0m⠀[48;2;177;107;19m▊[38;2;175;106;19m▕[38;2;89;51;4;48;2;0;0;0m▏[38;2;107;200;51m⣤[38;2;0;0;0;48;2;172;254;125m⠉⠉⠉⠉[38;2;172;254;125;48;2;0;0;0m⣤⣤[0m
[38;2;0;0;0;48;2;95;95;95m⠉[38;2;95;95;95;48;2;0;0;0m⡆[38;2;0;0;0;48;2;95;95;95m▊[38;2;95;95;95m⠀[38;2;0;0;0m⣀⣀[48;2;177;107;19m▊[38;2;158;95;15m▕[38;2;0;0;0;48;2;231;245;100m▊[38;2;231;245;100;48;2;0;0;0m▏[38;2;43;43;43m▕[38;2;106;106;106;48;2;95;95;95m▕[38;2;136;136;136;48;2;137;137;137m▏[38;2;0;0;0m┃[38;2;155;230;113;48;2;172;254;125m▕[38;2;172;254;125;48;2;39;63;21m⢸[38;2;35;4;51;48;2;153;57;205m⢸[38;2;139;51;187m▕[38;2;0;0;0;48;2;173;173;173m▊[38;2;173;173;173m⠀⠀⠀⠀[48;2;0;0;0m▏[38;2;141;51;189;48;2;153;57;205m▕[38;2;153;57;205;48;2;44;6;63m⢸[38;2;53;82;36;48;2;172;254;125m⢸[38;2;172;254;125;48;2;159;235;115m┨[38;2;0;0;0;48;2;173;173;173m▊[38;2;164;164;164m▕[38;2;0;0;0;48;2;95;95;95m⢸[38;2;35;35;35;48;2;0;0;0m▕[38;2;91;91;91;48;2;95;95;95m▏[38;2;95;95;95m⠀⠀[48;2;0;0;0m▏⢰[38;2;0;0;0;48;2;95;95;95m⠉[38;2;95;95;95;48;2;0;0;0m⢸[38;2;89;89;89;48;2;95;95;95m▕[38;2;164;59;45;48;2;30;30;30m⢸[48;2;164;59;45m⠀⠀[38;2;177;84;51m▕[38;2;254;179;88;48;2;244;169;84m┃[48;2;0;0;0m⣤⣤⣤[38;2;54;35;7m▏[38;2;52;8;5m▕[38;2;152;53;40;48;2;164;59;45m▏[38;2;24;15;0m⢸[38;2;103;82;0;48;2;0;0;0m▊[38;2;0;0;0;48;2;103;82;0m▏[38;2;164;59;45;48;2;0;0;0m▊[38;2;0;0;0;48;2;164;59;45m▏[38;2;254;88;88;48;2;0;0;0m▊[38;2;0;0;0;48;2;254;88;88m▏[38;2;254;88;88;48;2;0;0;0m▊[38;2;0;0;0;48;2;254;88;88m▏▕▍▕▍▕▍[48;2;164;59;45m▕▍[48;2;103;82;0m▕▍[48;2;164;59;45m▊[38;2;163;58;44m▕[38;2;0;0;0;48;2;172;254;125m▊[38;2;172;254;125m⠀[38;2;0;0;0m▁▁[38;2;172;254;125m⠀⠀⠀⠀[0m
[38;2;137;137;137;48;2;137;137;137m⠀[38;2;0;0;0m⢸[48;2;95;95;95m▊[38;2;84;84;84m▕[38;2;0;0;0;48;2;177;107;19m▊[38;2;157;95;15m▕[38;2;0;0;0;48;2;231;245;100m▊[38;2;207;219;89m▕[38;2;40;43;7;48;2;0;0;0m▏[38;2;103;82;0m⣤[38;2;0;0;0m⠀[38;2;95;95;95m⢸[38;2;123;123;123;48;2;137;137;137m▕[38;2;0;0;0;48;2;22;22;22m┃[38;2;137;137;137;48;2;0;0;0m⠒⠒⠒⠒[38;2;79;79;79m▕[38;2;168;168;168;48;2;173;173;173m▏[38;2;173;173;173m⠀⠀[38;2;159;159;159m▕[38;2;49;49;49;48;2;0;0;0m▏[38;2;137;137;137m⠒⠒⠒⠒[38;2;72;72;72m▕[38;2;173;173;173;48;2;166;166;166m┃[38;2;0;0;0;48;2;95;95;95m⢸[48;2;0;0;0m⠀[38;2;95;95;95m⢸[48;2;95;95;95m⠀⠀[48;2;0;0;0m▏[38;2;137;137;137m⢸[38;2;129;129;129;48;2;137;137;137m▕[38;2;0;0;0;48;2;95;95;95m▊[38;2;89;89;89m▕[38;2;164;59;45;48;2;30;30;30m⢸[48;2;164;59;45m⠀⠀[38;2;177;84;51m▕[38;2;244;169;84;48;2;254;179;88m▏[38;2;254;179;88m⠀⠀[38;2;243;171;84m▕[38;2;0;0;0;48;2;108;74;30m┠[38;2;66;52;0;48;2;0;0;0m⠃[38;2;0;0;0;48;2;164;59;45m⣁[38;2;60;11;6m⣻[38;2;95;95;95;48;2;0;0;0m⢄⢄⢄⢄[38;2;103;82;0m⢄⢄⢄⢄[38;2;95;95;95m⢄⢄⢄⢄⢄⢄[38;2;103;82;0m⢄⢄[38;2;95;95;95m⢄⢄[38;2;164;59;45m⠸[38;2;0;0;0;48;2;164;59;45m⣈[38;2;5;23;1;48;2;0;0;0m▕[38;2;0;0;0;48;2;107;200;51m⢸[38;2;254;88;88;48;2;0;0;0m⠸[38;2;0;0;0;48;2;254;88;88m⣈[38;2;172;254;125;48;2;0;0;0m⢸[48;2;172;254;125m⠀⠀⠀[0m
[38;2;137;137;137;48;2;137;137;137m⠀[38;2;0;0;0m⢸[48;2;0;0;0m⠀[48;2;95;95;95m⣤[48;2;231;245;100m▊[38;2;206;218;88m▕[38;2;0;0;0;48;2;32;36;5m┃[38;2;103;82;0;48;2;0;0;0m⣤⣤[38;2;92;73;0;48;2;103;82;0m▕[38;2;43;43;43;48;2;0;0;0m▕[38;2;117;117;117;48;2;95;95;95m▕[38;2;171;171;171;48;2;173;173;173m▏[38;2;161;161;161m▕[38;2;0;0;0;48;2;95;95;95m⠉⠉⠉⠉[38;2;170;170;170;48;2;173;173;173m▏[38;2;173;173;173m⠀[38;2;0;0;0m⣀⣀[38;2;173;173;173m⠀[38;2;163;163;163m▕[38;2;0;0;0;48;2;95;95;95m⠉⠉⠉⠉[38;2;134;134;134;48;2;137;137;137m▏[38;2;132;132;132m▕[38;2;88;88;88;48;2;95;95;95m▕[38;2;0;0;0;48;2;23;23;23m┃[48;2;95;95;95m⣀⣀⣤[48;2;0;0;0m⠀[38;2;137;137;137m⢸[38;2;129;129;129;48;2;137;137;137m▕[38;2;95;95;95;48;2;30;30;30m⢸[38;2;89;89;89;48;2;95;95;95m▕[38;2;0;0;0;48;2;164;59;45m▊[38;2;164;59;45m⠀⠀[38;2;177;84;51m▕[38;2;244;169;84;48;2;254;179;88m▏[38;2;254;179;88m⠀⠀[38;2;243;171;84m▕[38;2;108;74;30;48;2;0;0;0m▏[38;2;103;82;0m│[38;2;0;0;0m⠀[38;2;54;32;188m⣤⣤⣤⣤⣤⣤⣤⣤⣤⣤⣤⣤⣤⣤⣤⣤⣤⣤⣤⣤[38;2;0;0;0m⠀[38;2;107;200;51m⣤[38;2;109;201;53;48;2;107;200;51m▕[38;2;90;136;64;48;2;172;254;125m▔▔[38;2;172;254;125m⠀⠀⠀⠀[0m
[38;2;137;137;137;48;2;137;137;137m⠀[38;2;0;0;0m⢸[38;2;107;200;51;48;2;0;0;0m⢰[38;2;0;0;0;48;2;107;200;51m⠉[48;2;4;18;1m┃[38;2;103;82;0;48;2;0;0;0m⣤⣤[38;2;125;89;4;48;2;103;82;0m▕[38;2;176;107;19;48;2;177;107;19m▏[38;2;159;95;15m▕[38;2;31;10;0;48;2;0;0;0m▏[38;2;95;95;95m⢸[38;2;171;171;171;48;2;173;173;173m▏[38;2;173;173;173m⠀⠀⠀⠀[38;2;162;162;162m▕[38;2;0;0;0;48;2;95;95;95m⣤[38;2;95;95;95;48;2;0;0;0m⣤[48;2;173;173;173m▏[38;2;173;173;173;48;2;0;0;0m▊[38;2;137;137;137m⣤[38;2;0;0;0;48;2;137;137;137m⣤[38;2;137;137;137m⠀⠀[38;2;0;0;0m⣀⣀[38;2;137;137;137m⠀[38;2;132;132;132m▕[38;2;95;95;95;48;2;0;0;0m▊[38;2;40;82;10m▕[38;2;0;0;0;48;2;107;200;51m⢄[38;2;32;70;7m⢄[38;2;0;0;0m⠉[38;2;107;200;51;48;2;0;0;0m⡆[38;2;137;137;137m⢸[38;2;129;129;129;48;2;137;137;137m▕[38;2;0;0;0;48;2;95;95;95m▊[38;2;89;89;89m▕[38;2;0;0;0;48;2;164;59;45m▊[38;2;164;59;45m⠀⠀[38;2;177;84;51m▕[38;2;244;169;84;48;2;254;179;88m▏[38;2;254;179;88m⠀⠀[38;2;0;0;0m⢸[38;2;103;82;0;48;2;0;0;0m⢕⢕[38;2;0;0;0m⠀[38;2;115;98;245m⢸[38;2;165;164;188;48;2;173;173;173m▏[38;2;170;169;180m▕[38;2;128;116;235;48;2;115;98;245m▏[38;2;115;98;245m⠀⠀[38;2;120;106;241m▕[38;2;165;163;189;48;2;173;173;173m▏[38;2;173;173;173m⠀[38;2;0;0;0m⣀⣀▃▃▃▃⣀⣀[38;2;131;120;232;48;2;115;98;245m▏[38;2;114;97;244m▕[38;2;73;56;203;48;2;54;32;188m▏[38;2;54;32;188;48;2;0;0;0m▍[38;2;107;200;51m⢸[38;2;109;201;53;48;2;107;200;51m▕[38;2;0;0;0;48;2;172;254;125m▁▁[38;2;172;254;125m⠀⠀[38;2;127;215;78;48;2;107;200;51m▏[38;2;107;200;51m⠀[0m
[38;2;0;0;0;48;2;95;95;95m⣀[38;2;95;95;95;48;2;0;0;0m⠇[38;2;0;0;0;48;2;107;200;51m▍[38;2;107;200;51m⠀[38;2;56;109;18m⠁[38;2;56;110;18m⠁⠁⠁[38;2;107;200;51;48;2;0;0;0m╼[38;2;95;179;44m╼[38;2;0;0;0m⠀[48;2;95;95;95m⣤▃▃⣤⣤⣤[38;2;40;40;40;48;2;0;0;0m▕[38;2;95;95;95;48;2;93;93;93m┃[38;2;0;0;0;48;2;95;95;95m⣤[38;2;53;53;53;48;2;0;0;0m⠃[38;2;0;0;0m⠀[48;2;137;137;137m⣤[38;2;126;126;126m▕[38;2;0;0;0;48;2;38;38;38m┃[38;2;19;19;19;48;2;95;95;95m⢸[38;2;82;82;82;48;2;137;137;137m⠺[38;2;0;0;0m⠂[38;2;95;95;95;48;2;0;0;0m⠸[38;2;0;0;0;48;2;95;95;95m⣀⣤[38;2;40;82;10;48;2;0;0;0m▕[38;2;102;191;48;48;2;107;200;51m▏[38;2;107;200;51m⠀⠀[38;2;0;0;0m⢸[38;2;95;95;95;48;2;0;0;0m⠸[38;2;0;0;0;48;2;95;95;95m⣀▊[38;2;89;89;89m▕[38;2;164;59;45;48;2;30;30;30m⢸[48;2;164;59;45m⠀⠀[38;2;177;84;51m▕[38;2;244;169;84;48;2;254;179;88m▏[38;2;242;170;84m▕[38;2;105;72;29;48;2;0;0;0m▏[38;2;103;82;0m⣤[38;2;0;0;0;48;2;103;82;0m⣤[48;2;0;0;0m⠀[48;2;54;32;188m▊[38;2;74;63;187m▕[38;2;161;160;176;48;2;173;173;173m▏[38;2;173;173;173m⠀⠀⠀⠀⠀⠀[38;2;0;0;0m⢸[48;2;177;107;19m▊[38;2;173;105;18m▕[38;2;0;0;0;48;2;87;69;0m▕[48;2;0;0;0m⠀⠀[38;2;103;82;0;48;2;37;13;0m│[38;2;160;96;15;48;2;177;107;19m▏[38;2;177;107;19;48;2;0;0;0m▍[38;2;173;173;173m⢸[38;2;172;172;176;48;2;173;173;173m▕[38;2;0;0;0;48;2;115;98;245m⢸[38;2;7;27;1;48;2;0;0;0m▕[38;2;95;179;44;48;2;107;200;51m▏[38;2;0;0;0m⢸[38;2;254;88;88;48;2;0;0;0m⠸[38;2;0;0;0;48;2;254;88;88m⣈[48;2;107;200;51m⢄[38;2;1;4;0m⢄[38;2;0;0;0m⢕⢕[0m
[38;2;173;173;173;48;2;0;0;0m⢰[38;2;0;0;0;48;2;173;173;173m⠉[48;2;107;200;51m▍[38;2;127;215;77m▕[38;2;172;253;125;48;2;172;254;125m▏[38;2;172;254;125m⠀⠀[38;2;23;45;11m⢸[38;2;74;74;74;48;2;137;137;137m⠺[38;2;0;0;0m⠂[38;2;107;200;51;48;2;18;18;18m⢸[48;2;107;200;51m⠀[38;2;58;113;19m⠁[38;2;58;114;20m⠁[38;2;59;115;20m⠁[38;2;59;116;20m⠁[38;2;97;182;45m▕[38;2;0;0;0;48;2;16;49;3m┃[38;2;95;95;95;48;2;0;0;0m⢕[38;2;0;0;0m⠀[38;2;44;22;159m⢤[38;2;24;10;112m▲[38;2;0;0;0m⠀[48;2;95;95;95m▏[38;2;44;89;11;48;2;0;0;0m▕[38;2;0;0;0;48;2;107;200;51m⢸[48;2;103;82;0m⢕⢕[38;2;172;254;125;48;2;0;0;0m⢰[38;2;0;0;0;48;2;172;254;125m⠉⣀⣀[38;2;172;254;125m⠀[38;2;165;248;118m▕[38;2;117;207;64;48;2;107;200;51m▏[38;2;0;0;0m⢸[38;2;173;173;173;48;2;0;0;0m⢰[38;2;0;0;0;48;2;173;173;173m⠉[48;2;95;95;95m▊[38;2;89;89;89m▕[38;2;164;59;45;48;2;30;30;30m⢸[48;2;164;59;45m⠀⠀[38;2;177;84;51m▕[38;2;244;169;84;48;2;254;179;88m▏[38;2;247;171;85m▕[38;2;181;90;54;48;2;164;59;45m▏[38;2;164;59;45;48;2;0;0;0m⣤⣤⣤[38;2;0;0;0m⠀[38;2;95;95;95m⢸[38;2;112;98;229;48;2;115;98;245m▏[38;2;121;107;241m▕[38;2;165;163;188;48;2;173;173;173m▏[38;2;173;173;173m⠀⠀⠀⠀[38;2;168;168;168m▕[38;2;0;0;0;48;2;177;107;19m▊[38;2;173;105;18m▕[38;2;0;0;0;48;2;87;69;0m▕[48;2;0;0;0m⠀⠀[38;2;103;82;0;48;2;37;13;0m│[38;2;160;96;15;48;2;177;107;19m▏[38;2;86;49;4;48;2;0;0;0m▏[38;2;155;155;155;48;2;173;173;173m▏[38;2;171;171;174m▕[38;2;98;91;185;48;2;54;32;188m▏[38;2;54;32;188;48;2;0;0;0m▍[38;2;107;200;51m⢸[48;2;107;200;51m⠀[38;2;4;18;1m⢄[38;2;0;0;0m⢄⣀⣀⢄⢄[0m
[38;2;95;95;95;48;2;0;0;0m⢄⢄[38;2;0;0;0;48;2;107;200;51m▍[38;2;127;215;77m▕[38;2;172;253;125;48;2;172;254;125m▏[38;2;172;254;125m⠀⠀[38;2;0;0;0m⢸[48;2;177;107;19m⢕⢕[38;2;172;254;125;48;2;0;0;0m⢸[48;2;172;254;125m⠀⠀⠀⠀[38;2;162;245;115m▕[38;2;97;182;45;48;2;107;200;51m▕[38;2;16;49;3;48;2;0;0;0m▏[38;2;54;32;188m⢄⢄[38;2;0;0;0;48;2;115;98;245m▏[38;2;105;89;225m▕[38;2;54;32;188;48;2;0;0;0m⢄⢄[38;2;44;89;11m▕[38;2;122;211;70;48;2;107;200;51m▕[38;2;168;250;121;48;2;172;254;125m▏[38;2;172;254;125m⠀⠀[38;2;55;55;55m⢸[38;2;83;83;83;48;2;137;137;137m⠺[38;2;0;0;0m⠂[38;2;172;254;125;48;2;44;44;44m⢸[38;2;165;248;118;48;2;172;254;125m▕[38;2;117;207;64;48;2;107;200;51m▏[38;2;0;0;0m⢸[38;2;95;95;95;48;2;0;0;0m⢄⢄⢸[38;2;89;89;89;48;2;95;95;95m▕[38;2;0;0;0;48;2;164;59;45m▊[38;2;164;59;45m⠀⠀[38;2;177;84;51m▕[38;2;244;169;84;48;2;254;179;88m▏[38;2;254;179;88m⠀⠀⠀⠀[38;2;0;0;0m⢸[38;2;6;2;60;48;2;0;0;0m▕[38;2;74;63;187;48;2;54;32;188m▕[38;2;161;160;176;48;2;173;173;173m▏[38;2;173;173;173m⠀⠀[38;2;170;169;180m▕[38;2;128;116;235;48;2;115;98;245m▏[38;2;115;98;245m⠀⠀[38;2;0;0;0m⢸[38;2;44;17;1;48;2;0;0;0m▕[38;2;161;97;16;48;2;177;107;19m▏[38;2;0;0;0;48;2;87;69;0m▕[48;2;0;0;0m⠀⠀[38;2;103;82;0;48;2;37;13;0m│[38;2;160;96;15;48;2;177;107;19m▏[38;2;86;49;4;48;2;0;0;0m▏[38;2;173;173;173m⢸[38;2;172;172;176;48;2;173;173;173m▕[38;2;131;120;232;48;2;115;98;245m▏[38;2;55;46;124;48;2;0;0;0m▏[38;2;0;0;0;48;2;107;200;51m⣀⣀⣤[48;2;0;0;0m⠀[48;2;164;59;45m▍⢈[48;2;0;0;0m⠀⠀[0m
[38;2;137;137;137;48;2;0;0;0m⢰[38;2;0;0;0;48;2;137;137;137m⠉[48;2;107;200;51m▍[38;2;127;215;77m▕[38;2;93;140;66;48;2;172;254;125m⠃[38;2;94;141;66m⠃[38;2;172;254;125m⠀⠀⠀⠀⠀⠀⠀⠀⠀[38;2;162;245;115m▕[38;2;97;182;45;48;2;107;200;51m▕[38;2;14;6;87;48;2;0;0;0m▕[38;2;52;30;183;48;2;54;32;188m▏[38;2;54;32;188m⠀[48;2;115;98;245m▏[38;2;115;98;245m⠀⠀[38;2;106;90;226m▕[38;2;44;89;11;48;2;0;0;0m▕[38;2;122;211;70;48;2;107;200;51m▕[38;2;103;155;74;48;2;172;254;125m⠃[38;2;104;156;74m⠃[38;2;172;254;125m⠀[38;2;0;0;0m⢸[48;2;177;107;19m⢕⢕[38;2;172;254;125;48;2;0;0;0m⢸[38;2;165;248;118;48;2;172;254;125m▕[38;2;117;207;64;48;2;107;200;51m▏[38;2;0;0;0m⢸[38;2;137;137;137;48;2;0;0;0m⢰[38;2;0;0;0;48;2;137;137;137m⠉[38;2;95;95;95;48;2;0;0;0m⢸[38;2;89;89;89;48;2;95;95;95m▕[38;2;0;0;0;48;2;164;59;45m▊[38;2;164;59;45m⠀⠀[38;2;177;84;51m▕[38;2;244;169;84;48;2;254;179;88m▏[38;2;254;179;88m⠀⠀⠀⠀[38;2;243;172;84m▕[38;2;111;76;32;48;2;0;0;0m▏[38;2;0;0;0;48;2;54;32;188m⣤[48;2;115;98;245m⣤⣤⣤⣤[48;2;54;32;188m▃⣀⣤⣤[38;2;48;26;171;48;2;0;0;0m╼[38;2;52;30;184m╼[38;2;54;32;188m⠒⠒⠒⠒[38;2;47;25;170m╼[38;2;54;32;188m╼[38;2;0;0;0;48;2;115;98;245m⣀⣀[48;2;54;32;188m⣤[48;2;6;4;0m┠[48;2;103;82;0m⢕⢕[48;2;53;41;0m⢒[38;2;51;40;0;48;2;0;0;0m┨[38;2;0;0;0m⠀[38;2;164;59;45m⣤[38;2;254;88;88m⣤[48;2;254;88;88m⠀[0m
[38;2;0;0;0;48;2;137;137;137m▍[38;2;121;121;121m▕[38;2;107;200;51;48;2;0;0;0m⠸[38;2;0;0;0;48;2;107;200;51m⣀⣀⣀⣀⣀⣀⣀⣀⣀⣀⣀⣀⣀⣤[38;2;14;6;87;48;2;0;0;0m▕[38;2;0;0;0;48;2;54;32;188m⣀⣀[48;2;115;98;245m⣀⣀⣀⣀[38;2;27;19;75;48;2;0;0;0m▏[38;2;0;0;0;48;2;107;200;51m⣤⣀⣀⣀⣀⣀⣀⣀⣀⣀[38;2;107;200;51;48;2;0;0;0m⠇[38;2;137;137;137m⢸[38;2;129;129;129;48;2;137;137;137m▕[38;2;95;95;95;48;2;30;30;30m⢸[38;2;89;89;89;48;2;95;95;95m▕[38;2;0;0;0;48;2;164;59;45m▊[38;2;164;59;45m⠀⠀[38;2;177;84;51m▕[38;2;244;169;84;48;2;254;179;88m▏[38;2;254;179;88m⠀⠀⠀[38;2;136;94;43m▁▁[38;2;111;76;32;48;2;0;0;0m▏[38;2;0;0;0m⠀⠀⠀[48;2;103;82;0m⡉[38;2;36;23;0m⣻[38;2;54;32;188;48;2;0;0;0m⢰[38;2;0;0;0;48;2;54;32;188m⠉⠉[38;2;54;32;188;48;2;0;0;0m⡆[38;2;103;82;0m⢰[38;2;0;0;0;48;2;103;82;0m⢉[38;2;54;32;188;48;2;0;0;0m⢰[38;2;0;0;0;48;2;54;32;188m⠉⠉[38;2;54;32;188;48;2;0;0;0m⡆[38;2;103;82;0m⢰[38;2;0;0;0;48;2;103;82;0m⢉[48;2;0;0;0m⠀⠀[48;2;103;82;0m⢕[38;2;6;4;0m⢕[38;2;17;5;0;48;2;177;107;19m⢕[38;2;0;0;0m⢕[48;2;31;3;3m┠[38;2;254;88;88;48;2;0;0;0m⣤[38;2;136;43;43;48;2;254;88;88m▁▁[38;2;254;88;88m⠀⠀[0m
[38;2;0;0;0;48;2;137;137;137m▍[38;2;121;121;121m▕[38;2;0;0;0;48;2;4;4;4m┃[38;2;164;59;45;48;2;0;0;0m⣤[38;2;85;22;13;48;2;164;59;45m╼[38;2;86;22;13m╼[38;2;135;43;43;48;2;254;88;88m╼[38;2;136;43;43m╼╼╼╼╼╼╼╼╼[38;2;0;0;0;48;2;164;59;45m⣤[48;2;0;0;0m⠀[38;2;137;137;137m⢰[38;2;0;0;0;48;2;137;137;137m⠉[48;2;173;173;173m▔▔[48;2;137;137;137m⠉[38;2;137;137;137;48;2;0;0;0m⡆[38;2;0;0;0m⠀[48;2;164;59;45m⣤[38;2;86;22;13m╼╼[38;2;133;42;41;48;2;254;88;88m╼[38;2;136;43;43m╼╼╼╼[38;2;127;39;39m╼[38;2;164;59;45;48;2;0;0;0m⣤[38;2;0;0;0m⠀[38;2;137;137;137m⢸[38;2;129;129;129;48;2;137;137;137m▕[38;2;95;95;95;48;2;30;30;30m⢸[38;2;89;89;89;48;2;95;95;95m▕[38;2;164;59;45;48;2;30;30;30m⢸[48;2;164;59;45m⠀⠀[38;2;177;84;51m▕[38;2;244;169;84;48;2;254;179;88m▏[38;2;242;170;84m▕[38;2;95;95;95;48;2;0;0;0m⢰[38;2;0;0;0;48;2;95;95;95m⠉▔▔[48;2;137;137;137m⣀⣀[48;2;115;98;245m▊[38;2;115;98;245m⠀[38;2;0;0;0m⠉⠉⣀⣀⣀⣀[38;2;115;98;245;48;2;0;0;0m⠒⠒[38;2;104;89;223;48;2;115;98;245m▏[38;2;115;98;245m⠀⠀⠀[38;2;0;0;0m⠉⠉[38;2;73;55;202;48;2;54;32;188m▏[38;2;16;7;93;48;2;0;0;0m▏[38;2;92;73;0;48;2;103;82;0m▏[38;2;0;0;0m│[38;2;164;102;15;48;2;177;107;19m▏[38;2;177;107;19;48;2;17;5;0m⢸[38;2;95;95;95;48;2;0;0;0m⢰[38;2;0;0;0;48;2;95;95;95m⠉▔▔⠉[38;2;95;95;95;48;2;0;0;0m⡆[0m
[38;2;0;0;0;48;2;137;137;137m⠉⠉⠉⠉⠉⠉[38;2;137;137;137;48;2;0;0;0m▅▅▅▅[38;2;0;0;0;48;2;137;137;137m⠉⠉[38;2;137;137;137;48;2;0;0;0m▅▅▅▅[38;2;0;0;0;48;2;26;26;26m┃[48;2;95;95;95m⣤[38;2;137;137;137;48;2;0;0;0m▃▃[38;2;95;95;95m▃▃▃▃[38;2;0;0;0;48;2;95;95;95m⣤[48;2;19;19;19m┨[38;2;95;95;95;48;2;0;0;0m▅▅[38;2;137;137;137m▅▅▅▅[38;2;0;0;0;48;2;137;137;137m⠉⠉⠉⠉⠉⠉[48;2;95;95;95m⣀⣀[38;2;164;59;45;48;2;0;0;0m⢸[48;2;164;59;45m⠀⠀[38;2;177;84;51m▕[38;2;244;169;84;48;2;254;179;88m▏[38;2;242;170;84m▕[38;2;137;137;137;48;2;44;44;44m⢸[48;2;137;137;137m⠀⠀[48;2;0;0;0m▏[38;2;103;82;0m⠒⠒[38;2;6;2;57m▕[38;2;49;27;173;48;2;54;32;188m▏[38;2;108;91;237;48;2;115;98;245m▏[38;2;0;0;0m⢸[48;2;103;82;0m▃▃[48;2;177;107;19m⣀⣀[48;2;103;82;0m▃▃[48;2;115;98;245m▊[38;2;119;103;242m▕[38;2;164;162;191;48;2;173;173;173m▏[38;2;173;173;173m⠀⠀[38;2;172;171;176m▕[38;2;131;120;232;48;2;115;98;245m▏[38;2;115;98;245;48;2;0;0;0m▍[38;2;103;82;0m⢸[38;2;48;37;0m▏[38;2;0;0;0;48;2;177;107;19m▕▍[38;2;103;82;0;48;2;0;0;0m⣤[38;2;0;0;0;48;2;103;82;0m⣤[38;2;97;92;84;48;2;95;95;95m▏[38;2;95;95;95m⠀⠀⠀[0m
[38;2;164;59;45;48;2;0;0;0m▃▃▃▃⣤⣤▃▃▃▃▃▃⣤⣤▃▃[38;2;0;0;0;48;2;29;3;2m┨[38;2;173;173;173;48;2;0;0;0m⣤[38;2;164;59;45m⢰[38;2;0;0;0;48;2;164;59;45m⠉⠉⠉⠉[38;2;164;59;45;48;2;0;0;0m⡆⣤[38;2;0;0;0;48;2;48;7;4m╂[38;2;164;59;45;48;2;0;0;0m▃▃▃▃⣤⣤⣤⣤▃▃⣤⣤⣤⣤[48;2;164;59;45m⠀⠀⠀[38;2;177;84;51m▕[38;2;244;169;84;48;2;254;179;88m▏[38;2;243;173;89m▕[38;2;0;0;0;48;2;95;95;95m│[38;2;100;100;100m▕[38;2;132;132;132;48;2;137;137;137m▏[38;2;137;137;137;48;2;0;0;0m▏[38;2;25;15;0;48;2;103;82;0m⢸[38;2;103;82;0;48;2;95;76;0m┠[38;2;29;20;77;48;2;0;0;0m▕[38;2;106;90;226;48;2;115;98;245m▏[38;2;115;98;245m⠀[38;2;111;95;237m▕[38;2;0;0;0;48;2;54;32;188m▊[38;2;54;32;188m⠀[38;2;0;0;0m⠺[38;2;54;32;188;48;2;0;0;0m⣨[48;2;54;32;188m⠀[48;2;0;0;0m▍[38;2;173;173;173m⢸[48;2;173;173;173m⠀⠀[38;2;171;171;177m▕[38;2;130;119;233;48;2;115;98;245m▏[38;2;114;97;243m▕[38;2;73;55;202;48;2;54;32;188m▏[38;2;16;7;93;48;2;0;0;0m▏[38;2;92;73;0;48;2;103;82;0m▏[38;2;0;0;0m│[38;2;164;102;15;48;2;177;107;19m▏[38;2;177;107;19;48;2;17;5;0m⢸[38;2;90;52;4;48;2;0;0;0m▏[38;2;95;95;95m⣤⣤[48;2;95;95;95m⠀⠀[38;2;0;0;0m⢸[0m
[38;2;254;179;88;48;2;254;179;88m⠀⠀⠀⠀⠀⠀⠀⠀⠀⠀⠀⠀⠀⠀⠀[38;2;63;41;10m⢸[38;2;169;169;169;48;2;173;173;173m▏[38;2;157;157;157m▕[38;2;254;179;88;48;2;43;43;43m⢸[48;2;254;179;88m⠀⠀⠀⠀[38;2;71;15;9m⢸[38;2;158;56;43;48;2;164;59;45m▏[38;2;151;53;40m▕[38;2;0;0;0;48;2;254;179;88m▊[38;2;254;179;88m⠀⠀⠀⠀⠀⠀⠀⠀⠀⠀⠀⠀⠀⠀⠀⠀⠀⠀[38;2;242;170;84m▕[38;2;137;137;137;48;2;44;44;44m⢸[48;2;137;137;137m⠀⠀[48;2;0;0;0m▏[38;2;177;107;19m▊[38;2;0;0;0;48;2;177;107;19m▏[38;2;76;43;3;48;2;0;0;0m▏[38;2;0;0;0;48;2;115;98;245m⣤[48;2;173;173;173m⣤⣤[48;2;153;57;205m▊[38;2;153;57;205m⠀[38;2;0;0;0m⠒⠒[38;2;85;39;192;48;2;54;32;188m▏[38;2;54;32;188;48;2;0;0;0m▍[38;2;0;0;0m⠀[48;2;115;98;245m⣤[48;2;173;173;173m⣀⣀⣤⣤[48;2;115;98;245m⣤[48;2;0;0;0m⠀⠀[38;2;95;95;95m⣤▃▃⣤⣤[48;2;95;95;95m⠀[38;2;96;96;96m▕[38;2;129;129;129;48;2;137;137;137m▏[38;2;137;137;137m⠀[0m
[38;2;254;179;88;48;2;254;179;88m⠀⠀⠀⠀⠀⠀⠀⠀⠀⠀⠀⠀⠀⠀⠀[38;2;63;41;10m⢸[38;2;169;169;169;48;2;173;173;173m▏[38;2;157;157;157m▕[38;2;254;179;88;48;2;43;43;43m⢸[48;2;254;179;88m⠀⠀⠀⠀[38;2;71;15;9m⢸[38;2;158;56;43;48;2;164;59;45m▏[38;2;151;53;40m▕[38;2;0;0;0;48;2;254;179;88m▊[38;2;254;179;88m⠀⠀[38;2;54;54;54m⢀▃▃⣤[48;2;54;54;54m⠀⠀[48;2;254;179;88m⣤▃▃⡀[38;2;254;179;88m⠀⠀⠀⠀⠀⠀[38;2;243;173;89m▕[38;2;0;0;0;48;2;95;95;95m│[38;2;100;100;100m▕[38;2;132;132;132;48;2;137;137;137m▏[38;2;134;134;134m▕[38;2;95;95;95;48;2;0;0;0m▅▅[38;2;37;37;37m▏[38;2;0;0;0;48;2;137;137;137m▏[38;2;104;104;104;48;2;95;95;95m▏[38;2;0;0;0m⢸[38;2;153;57;205;48;2;0;0;0m⠸[38;2;0;0;0;48;2;153;57;205m⣀⣀⣀[48;2;54;32;188m⣀[38;2;54;32;188;48;2;0;0;0m⠇[38;2;0;0;0;48;2;95;95;95m▊[38;2;95;95;95m⠀[38;2;0;0;0;48;2;137;137;137m⣤[38;2;137;137;137m⠀⠀[48;2;0;0;0m⣤[38;2;94;94;94;48;2;95;95;95m▕[38;2;44;44;44;48;2;0;0;0m▏[38;2;95;95;95m⢸[38;2;97;97;97;48;2;95;95;95m▕[38;2;129;129;129;48;2;137;137;137m▏[38;2;137;137;137m⠀⠀⠀⠀⠀[38;2;108;108;108;48;2;95;95;95m▏[38;2;95;95;95m⠀[0m
[38;2;0;0;0;48;2;254;179;88m⣀⣀⣀⣀⣀⣀[38;2;254;179;88m⠀⠀⠀⠀⠀⠀⠀⠀⠀[38;2;0;0;0m⢸[48;2;173;173;173m⣤[48;2;0;0;0m⠀[38;2;137;137;137m⢰[38;2;0;0;0;48;2;137;137;137m⠉[48;2;173;173;173m⠉⠉[48;2;137;137;137m⠉[38;2;137;137;137;48;2;0;0;0m⡆[38;2;0;0;0m⠀[48;2;164;59;45m⣤[48;2;254;179;88m▊[38;2;254;179;88m⠀⠀[38;2;54;54;54m⢸[38;2;254;254;254;48;2;0;0;0m⡆[38;2;0;0;0;48;2;254;254;254m⠁[38;2;254;254;254;48;2;0;0;0m⠩[38;2;0;0;0;48;2;254;254;254m⡆⡦⢴⢰⢲[38;2;254;179;88;48;2;54;54;54m⢸[48;2;254;179;88m⠀⠀⠀⠀⠀⠀[38;2;245;175;95m▕[38;2;0;0;0;48;2;137;137;137m│[38;2;137;137;137m⠀⠀⠀⠀⠀[48;2;0;0;0m▅▅⣤[38;2;0;0;0;48;2;17;17;17m┠[48;2;95;95;95m⣤⣤[48;2;137;137;137m⣤⣤[48;2;95;95;95m⣤⣤[48;2;12;12;12m┠[38;2;95;95;95;48;2;0;0;0m⣤▅▅▅▅▅▅[48;2;95;95;95m⠀[38;2;97;97;97m▕[38;2;129;129;129;48;2;137;137;137m▏[38;2;137;137;137m⠀[38;2;0;0;0m⣀⣀⣤[38;2;137;137;137;48;2;0;0;0m⣤[38;2;107;200;51m▅▅[0m
[38;2;0;0;0;48;2;172;254;125m⢄[38;2;3;7;1m⢄[38;2;6;15;3m⢄[38;2;9;23;4m⢄[38;2;107;200;51;48;2;0;0;0m▅▅⣀⣀[38;2;0;0;0;48;2;254;179;88m⣤⣤⣀⣀[38;2;254;179;88m⠀⠀⠀[38;2;230;162;79m▕[38;2;0;0;0;48;2;41;41;41m┃[38;2;86;86;86;48;2;95;95;95m▕[38;2;137;137;137;48;2;0;0;0m⠸[38;2;0;0;0;48;2;137;137;137m⣀[48;2;173;173;173m⣀⣀[48;2;137;137;137m⣀[38;2;137;137;137;48;2;0;0;0m⠇[38;2;87;87;87;48;2;95;95;95m▕[38;2;113;77;34;48;2;0;0;0m▕[38;2;245;173;85;48;2;254;179;88m▏[38;2;254;179;88m⠀⠀[38;2;54;54;54m⠈⠉⠉⠉[38;2;254;179;88;48;2;54;54;54m⡆⢰[38;2;54;54;54;48;2;254;179;88m⠉⠉⠉⠁[38;2;254;179;88m⠀⠀⠀⠀⠀⠀[38;2;242;170;84m▕[38;2;95;95;95;48;2;0;0;0m⠸[38;2;0;0;0;48;2;95;95;95m⣀[38;2;47;47;47m▁▁[38;2;71;71;71;48;2;137;137;137m▁▁[38;2;0;0;0m⣀⣀⣀⣀⣀⣀⣀⣀⣀⣀⣀⣀[38;2;71;71;71m▁▁▁▁[38;2;0;0;0m⣀⣀⣤[48;2;0;0;0m⠀⠀[38;2;107;200;51m⣤▅▅[38;2;6;15;3;48;2;172;254;125m⢄[38;2;3;7;1m⢄[38;2;172;254;125m⠀⠀[0m
[38;2;172;254;125;48;2;172;254;125m⠀⠀⠀⠀⠀⠀[38;2;16;37;8m⢄[38;2;0;0;0m⢄[48;2;107;200;51m⣤[48;2;9;36;2m┨[48;2;137;137;137m⣤[38;2;130;130;130m▕[38;2;0;0;0;48;2;95;95;95m⠉⠉⠉⠉[48;2;12;12;12m┃[38;2;95;95;95;48;2;0;0;0m⣤[38;2;0;0;0;48;2;95;95;95m⠉⠉⠉⠉[48;2;137;137;137m⠉⠉[38;2;95;95;95;48;2;0;0;0m⣤[38;2;38;38;38m▕[38;2;0;0;0;48;2;95;95;95m⠉⠉[48;2;137;137;137m⠉⠉⠉⠉⠉[38;2;137;137;137;48;2;0;0;0m⡆⢰[38;2;0;0;0;48;2;137;137;137m⠉[48;2;95;95;95m⠉[38;2;95;95;95;48;2;0;0;0m⡆[38;2;240;169;83;48;2;254;179;88m▏[38;2;254;179;88m⠀⠀⠀⠀⠀⠀⠀[48;2;0;0;0m▅▅[38;2;164;59;45m⣤⣤⣤⣤▅▅[38;2;0;0;0;48;2;164;59;45m⠉[38;2;164;59;45;48;2;0;0;0m⡆[38;2;0;0;0;48;2;137;137;137m⣤⣤⣤⣤⣤⣤[38;2;164;59;45;48;2;0;0;0m⢰[38;2;0;0;0;48;2;164;59;45m⠉[38;2;164;59;45;48;2;0;0;0m⣤⣤⣤[38;2;0;0;0m⠀⠀[38;2;107;200;51m⣤[38;2;23;45;11;48;2;172;254;125m⢄[38;2;19;41;9m⢄[38;2;172;254;125m⠀⠀⠀⠀⠀⠀⠀⠀[0m
[38;2;107;200;51;48;2;107;200;51m⠀⠀⠀[38;2;127;215;77m▕[38;2;172;253;125;48;2;172;254;125m▏[38;2;172;254;125m⠀⠀⠀⠀⠀[48;2;0;0;0m⣤[38;2;65;65;65m▕[38;2;135;135;135;48;2;137;137;137m▏[38;2;137;137;137m⠀⠀[38;2;124;124;124m▕[38;2;0;0;0;48;2;26;26;26m┃[48;2;137;137;137m⣤[38;2;137;137;137m⠀[38;2;0;0;0m⣤[48;2;24;10;111m⡘[38;2;24;10;112;48;2;0;0;0m▲[38;2;0;0;0;48;2;95;95;95m⣤[38;2;95;95;95m⠀[38;2;0;0;0m⣤[38;2;38;38;38;48;2;0;0;0m▕[38;2;91;91;91;48;2;95;95;95m▏[38;2;103;103;103m▕[38;2;134;134;134;48;2;137;137;137m▏[38;2;137;137;137m⠀⠀⠀⠀[38;2;0;0;0m⢸[38;2;95;95;95;48;2;0;0;0m⢸[48;2;95;95;95m⠀⠀[38;2;28;28;28m⢸[38;2;155;55;41;48;2;164;59;45m▏[38;2;179;87;53m▕[38;2;245;170;84;48;2;254;179;88m▏[38;2;254;179;88m⠀⠀⠀⠀⠀⠀⠀⠀⠀⠀⠀⠀⠀⠀⠀⠀⠀⠀⠀⠀⠀⠀⠀⠀[38;2;249;176;86m▕[38;2;125;86;39;48;2;0;0;0m▏[38;2;107;200;51m⣤[38;2;161;244;114;48;2;172;254;125m▏[38;2;172;254;125m⠀⠀⠀⠀⠀⠀⠀[38;2;6;15;3m⢄[38;2;1;4;0m⢄[38;2;0;0;0;48;2;107;200;51m⢄⢄[0m
[38;2;107;200;51;48;2;107;200;51m⠀⠀⠀⠀⠀⠀[38;2;5;23;1m⢄[38;2;7;27;1m⢄[38;2;8;32;1;48;2;172;254;125m⢄[38;2;26;49;13m⢄[38;2;172;254;125m⠀[48;2;0;0;0m▏[38;2;137;137;137m⢸[38;2;130;130;130;48;2;137;137;137m▕[38;2;98;98;98;48;2;95;95;95m▏[38;2;95;95;95m⠀[38;2;86;86;86m▕[38;2;14;6;87;48;2;0;0;0m▕[38;2;0;0;0;48;2;54;32;188m⠉⠉[38;2;54;32;188;48;2;115;98;245m▏[38;2;115;98;245m⠀[38;2;0;0;0m⠉⠉[48;2;38;38;38m┃[38;2;91;91;91;48;2;95;95;95m▏[38;2;95;95;95m⠀[38;2;103;103;103m▕[38;2;134;134;134;48;2;137;137;137m▏[38;2;137;137;137m⠀⠀⠀⠀⠀⠀[38;2;133;133;133m▕[38;2;101;101;101;48;2;95;95;95m▏[38;2;89;89;89m▕[38;2;164;59;45;48;2;28;28;28m⢸[38;2;179;87;53;48;2;164;59;45m▕[38;2;245;170;84;48;2;254;179;88m▏[38;2;254;179;88m⠀⠀⠀⠀⠀⠀⠀⠀⠀⠀⠀⠀⠀⠀⠀⠀⠀⠀⠀⠀⠀⠀⠀⠀[38;2;249;176;86m▕[38;2;0;0;0;48;2;107;200;51m┃[38;2;110;202;56m▕[38;2;26;49;13;48;2;172;254;125m⢄[38;2;9;36;2m⢄[38;2;126;214;75;48;2;107;200;51m▏[38;2;51;100;15;48;2;0;0;0m▏[38;2;0;0;0;48;2;107;200;51m⠑⢄▊[38;2;107;200;51;48;2;0;0;0m▍[38;2;2;9;0;48;2;107;200;51m⢈[38;2;18;52;4m⠆[38;2;107;200;51m⠀⠀[0m
[?25h