[?25l[48;2;0;0;0m[38;2;0;0;0m [38;2;156;255;255m⢀⡀[38;2;255;255;255m⡶[38;2;210;210;210m⢀[38;2;0;0;0m [38;2;255;255;255m▞[38;2;0;0;0m [38;2;89;180;255m▄[38;2;0;0;0m   [48;2;18;42;18m[38;2;111;255;111m▅[48;2;0;0;0m[38;2;30;240;30m @UpTo   [38;2;181;99;0m⠰[38;2;255;180;89m⡶[38;2;188;78;56m▂[38;2;0;0;0m    [38;2;255;89;127m▄[38;2;0;0;0m           [38;2;89;180;255m⢄⣦⡠[38;2;188;188;188m▗[38;2;0;0;0m                [38;2;181;99;0m⠰[38;2;238;181;110m⡦[38;2;0;0;0m [38;2;158;81;7m⣄[38;2;0;0;0m  [38;2;89;180;255m▃[38;2;0;0;0m   [48;2;11;25;11m[38;2;111;255;111m▃[48;2;0;0;0m[38;2;0;0;0m        [0m
[48;2;0;0;0m[38;2;0;0;0m [38;2;156;255;255m⢿[48;2;14;14;14m⡿[48;2;159;159;159m[38;2;255;255;255m▬[48;2;0;0;0m[38;2;210;210;210m⠋[38;2;232;232;232m⠞[38;2;210;210;210m⠄[38;2;0;0;0m [48;2;89;180;255m [48;2;0;0;0m [38;2;255;89;127m▇[38;2;0;0;0m [48;2;111;255;111m [48;2;0;0;0m[38;2;30;240;30m #Three [38;2;181;99;0m⠎[38;2;188;78;56m⣖⠞[38;2;181;99;0m⠐[38;2;0;0;0m  [38;2;89;180;255m▅[38;2;0;0;0m [48;2;255;89;127m [48;2;0;0;0m [48;2;18;42;18m[38;2;111;255;111m▅[48;2;0;0;0m[38;2;240;30;30m ↓Def    [38;2;255;0;255m⡠[38;2;255;180;89m⣭[38;2;255;0;255m⡤[38;2;181;0;181m⠤[38;2;255;180;89m⠄[38;2;0;0;0m [38;2;89;180;255m▅[38;2;0;0;0m [48;2;63;22;31m[38;2;255;89;127m▆[48;2;0;0;0m[38;2;0;0;0m [38;2;111;255;111m▄[38;2;0;0;0m        [38;2;85;187;60m⡔⣳⣞⠢[38;2;158;81;7m▌[48;2;21;10;0m▎[48;2;0;0;0m[38;2;0;0;0m [48;2;89;180;255m [48;2;0;0;0m [48;2;42;14;21m[38;2;255;89;127m▅[48;2;0;0;0m[38;2;0;0;0m [48;2;111;255;111m [48;2;0;0;0m        [0m
[48;2;0;0;0m[38;2;0;0;0m  [38;2;210;210;210m⣸[48;2;14;14;14m[38;2;101;101;101m⎺[48;2;0;0;0m[38;2;210;210;210m⣇[38;2;0;0;0m  [38;2;129;129;129m⢀[48;2;89;180;255m[38;2;0;0;0m [48;2;0;0;0m[38;2;129;129;129m▂[48;2;255;89;127m[38;2;0;0;0m [48;2;0;0;0m[38;2;129;129;129m▂[48;2;111;255;111m[38;2;0;0;0m [48;2;0;0;0m[38;2;129;129;129m⡀[38;2;30;240;30m$Buffs  [38;2;123;129;236m⣇⠈⣆[38;2;0;0;0m [38;2;129;129;129m⢀[48;2;89;180;255m[38;2;0;0;0m [48;2;0;0;0m[38;2;129;129;129m▂[48;2;255;89;127m[38;2;0;0;0m [48;2;0;0;0m[38;2;129;129;129m▂[48;2;111;255;111m[38;2;0;0;0m [48;2;0;0;0m[38;2;129;129;129m⡀[38;2;30;240;30m↑MAtk  [38;2;255;180;89m⠈[38;2;181;0;181m⣠[48;2;181;0;181m[38;2;255;0;255m▜[48;2;0;0;0m[38;2;181;0;181m⣦[38;2;188;188;188m⠸[38;2;0;0;0m [38;2;129;129;129m⢀[48;2;89;180;255m[38;2;0;0;0m [48;2;0;0;0m[38;2;129;129;129m▂[48;2;255;89;127m[38;2;0;0;0m [48;2;0;0;0m[38;2;129;129;129m▂[48;2;111;255;111m[38;2;0;0;0m [48;2;0;0;0m[38;2;129;129;129m⡀[38;2;0;0;0m       [38;2;180;72;44m⢀▌⢹⡀[38;2;144;74;6m⠋[38;2;0;0;0m [38;2;129;129;129m⢀[48;2;89;180;255m[38;2;0;0;0m [48;2;0;0;0m[38;2;129;129;129m▂[48;2;255;89;127m[38;2;0;0;0m [48;2;0;0;0m[38;2;129;129;129m▂[48;2;111;255;111m[38;2;0;0;0m [48;2;0;0;0m[38;2;129;129;129m⡀[38;2;0;0;0m       [0m
[48;2;3;3;3m[38;2;19;19;19m▅[48;2;11;11;11m[38;2;255;180;89m▗━━━━━━━━━━━━━━━━━━━━━━━━━━━━━━━━━━━━━━━━━━━━━━━━━━━━━━━━━━━━━━━━━━━━━━━━━━━━▖[48;2;3;3;3m[38;2;19;19;19m▅[0m
[48;2;19;19;19m[38;2;255;180;89m▛▜⡉▌[48;2;14;18;17m[38;2;0;0;0m [38;2;33;82;37m⠊[38;2;0;0;0m  [38;2;33;82;37m⠰[38;2;0;0;0m  [38;2;33;82;37m⠠⠈⢀⠄⠁[38;2;0;0;0m  [38;2;33;82;37m⠐⡀⡈[38;2;0;0;0m  [38;2;33;82;37m⢐[38;2;0;0;0m [48;2;15;17;17m[38;2;86;109;14m⢀⡰⣖⡰⢆[38;2;0;0;0m [48;2;14;18;17m[38;2;33;82;37m⠐[38;2;0;0;0m [38;2;33;82;37m⡂[38;2;33;83;37m⡀[38;2;33;82;37m⢆[38;2;0;0;0m  [38;2;33;82;37m⠐[38;2;33;83;37m⠄[38;2;0;0;0m [38;2;33;82;37m⠂[38;2;0;0;0m    [38;2;33;82;37m⠈[38;2;0;0;0m [38;2;33;82;37m⠈[38;2;33;83;37m⢀[38;2;33;82;37m⠐⠂⠑▖[38;2;0;0;0m [38;2;33;82;37m⢀⠠[38;2;0;0;0m [38;2;33;82;37m⠁⠁[38;2;0;0;0m [48;2;15;17;17m[38;2;86;109;14m⢀[38;2;86;108;14m⡰▆[38;2;85;108;14m⡰⢆[38;2;0;0;0m [48;2;14;18;17m[38;2;33;82;37m⠠▘[38;2;0;0;0m  [38;2;33;82;37m⠈[38;2;15;17;17m⠸[48;2;15;17;17m[38;2;85;108;14m⢀⡰▆[48;2;19;19;19m[38;2;255;180;89m⠸⡉▛▜[0m
[48;2;15;15;15m[38;2;255;180;89m▌[48;2;16;18;18m[38;2;34;82;37m⢐[48;2;11;16;17m[38;2;0;0;0m [48;2;1;12;15m[38;2;59;154;68m⠠[38;2;0;0;0m [38;2;59;154;68m⠐[38;2;0;0;0m [38;2;59;155;68m⠐⠈[38;2;0;0;0m [38;2;59;155;68m⠂[38;2;0;0;0m [38;2;59;155;68m⠰[38;2;0;0;0m   [38;2;59;155;68m⠑[38;2;0;0;0m  [38;2;60;156;68m⢀[38;2;0;0;0m [38;2;60;156;68m⠄[38;2;0;0;0m [38;2;60;156;68m⠄⠈[48;2;8;8;16m[38;2;135;180;0m⢇[38;2;129;175;0m⣸[38;2;144;188;0m⣉⢟⡻[38;2;0;0;0m [48;2;1;12;15m [38;2;1;13;15m▁▁[38;2;20;60;33m⣐[38;2;1;13;15m▂[38;2;60;157;69m⢂[38;2;61;157;69m▂[48;2;12;41;25m[38;2;1;13;15m▃[48;2;1;12;15m▃[38;2;21;61;33m▃[38;2;1;13;15m▃[48;2;12;41;25m[38;2;21;61;33m▃[48;2;1;12;15m[38;2;1;13;15m▃[38;2;1;12;15m▃[38;2;1;13;15m▂[38;2;40;109;51m⣈[38;2;60;157;69m⠆[38;2;1;12;15m▂[38;2;60;157;69m⡀[38;2;0;0;0m    [38;2;60;156;68m⡐[38;2;0;0;0m [38;2;60;156;68m⠂[38;2;60;155;68m⠡[38;2;0;0;0m  [38;2;60;155;68m⠈[48;2;8;8;15m[38;2;134;179;0m⢇[48;2;57;81;7m[38;2;162;204;0m▝⠋[38;2;162;203;0m⠋[48;2;8;8;15m[38;2;143;186;0m⡻[38;2;0;0;0m [48;2;1;12;15m[38;2;59;155;68m⠐[38;2;0;0;0m [38;2;59;155;68m⠌⠂[38;2;0;0;0m  [48;2;8;8;15m[38;2;133;178;0m⢇[38;2;128;173;0m⣸[48;2;57;80;7m[38;2;161;203;0m⠋⠋[48;2;46;63;14m[38;2;119;150;11m⠋[48;2;17;17;18m[38;2;0;0;0m [48;2;15;15;15m[38;2;255;180;89m⠸[0m
[48;2;15;15;15m[38;2;255;180;89m▌[48;2;16;18;18m[38;2;0;0;0m [48;2;11;16;17m[38;2;44;114;50m⡀[48;2;1;12;15m[38;2;59;154;68m⡀[38;2;0;0;0m [38;2;59;155;68m⢀[38;2;0;0;0m [38;2;59;155;68m⠐⠈⡀⡨⠄[38;2;0;0;0m [48;2;8;8;15m[38;2;162;204;0m⢀⡰⡶[38;2;163;204;0m⡰[48;2;8;8;16m⢆[38;2;0;0;0m [48;2;1;12;15m[38;2;60;156;69m⡀[38;2;0;0;0m [38;2;1;12;15m▁[38;2;1;13;15m▂▃[38;2;12;41;26m⣬[48;2;8;8;16m[38;2;108;155;0m▝[38;2;108;156;0m⢫⠋[48;2;60;86;7m[38;2;108;157;0m▄[48;2;8;8;16m[38;2;108;156;0m⡅[38;2;0;0;0m [48;2;1;13;15m[38;2;61;157;69m⠁[38;2;61;158;69m⠂[48;2;1;13;16m[38;2;61;159;70m⠠⢀[38;2;0;0;0m  [38;2;61;158;70m⠂[38;2;0;0;0m     [38;2;61;158;69m⠁[38;2;0;0;0m   [48;2;1;13;15m[38;2;1;13;16m▇[38;2;61;159;70m⡀[38;2;61;158;69m⠈[38;2;11;37;24m▆[48;2;1;12;15m[38;2;9;33;23m⣷[38;2;1;13;16m▅[38;2;1;13;15m▆[38;2;11;39;25m▅[38;2;1;13;15m▃[38;2;30;84;42m⡁[38;2;30;85;42m▂[38;2;0;0;0m [38;2;60;156;69m⠠[38;2;0;0;0m [48;2;8;8;16m[38;2;107;154;0m▝[38;2;106;154;0m⢫[48;2;27;37;12m⠋[48;2;57;81;8m[38;2;107;154;0m▄[48;2;8;8;15m[38;2;106;154;0m⡅[38;2;8;8;15m▃[48;2;1;12;15m[38;2;59;155;68m⢀⠁[38;2;0;0;0m [38;2;59;155;68m⢢[38;2;0;0;0m [48;2;2;11;15m[38;2;59;155;68m⡀[48;2;8;8;15m[38;2;106;153;0m▝⢫⠋⣮[48;2;14;14;17m[38;2;78;113;11m⡅[48;2;17;17;18m[38;2;0;0;0m [48;2;15;15;15m[38;2;255;180;89m⠸[0m
[48;2;15;15;15m[38;2;255;180;89m▌[48;2;17;17;18m[38;2;40;17;35m▌[48;2;55;15;47m[38;2;151;51;56m▂[48;2;8;8;15m[38;2;74;11;63m▌[48;2;74;11;63m[38;2;204;69;76m▂[48;2;8;8;15m[38;2;74;11;63m▌[48;2;74;11;63m[38;2;204;69;76m▂[48;2;1;12;15m[38;2;59;155;68m⠈⠐⢀[38;2;0;0;0m  [38;2;60;155;68m⠆[48;2;8;8;16m[38;2;134;179;0m⢇[38;2;129;174;0m⣸[48;2;57;81;8m[38;2;163;205;0m⠋[48;2;8;8;16m[38;2;144;188;0m⢟[38;2;145;189;0m⡻[38;2;0;0;0m [48;2;0;0;0m[38;2;1;12;15m⠟[48;2;0;6;7m[38;2;16;51;30m⠥[48;2;0;0;0m[38;2;10;37;24m⠟[38;2;11;37;24m⠟[38;2;197;195;196m⡶⠰[38;2;198;196;196m⢖[38;2;198;196;197m⡐[38;2;199;196;197m⡶[38;2;199;197;198m⣦⢶⠲[38;2;200;198;199m⡂[38;2;200;198;198m⢶[38;2;200;198;199m⠦⡶⠰[38;2;201;198;199m⢶[38;2;201;199;199m⡶⠰[38;2;200;198;199m⠲[38;2;201;199;199m⡶[38;2;202;200;200m▗[38;2;201;199;200m⣦⠄[38;2;202;199;200m⣄[38;2;200;198;199m⢒[38;2;201;199;199m⣐[38;2;201;198;199m⣖[38;2;200;198;198m⢖[38;2;201;198;199m▖[38;2;199;197;198m⢶⢐[38;2;199;197;197m⣲⣐[38;2;198;196;196m⡶[38;2;197;195;196m⠐⡶[38;2;197;194;195m⠖[38;2;196;194;195m⠰[38;2;196;194;194m⡶[38;2;196;193;194m⡶[38;2;195;193;194m⠤[38;2;195;193;193m⡶[38;2;194;192;193m⠰[38;2;194;192;192m⠖⣰[38;2;194;191;192m⢶[38;2;193;191;192m⢶⠆[38;2;193;191;191m⢴[38;2;193;190;191m⢶⢶[38;2;192;190;191m⢶⠦⠰⡶⡶[48;2;11;11;11m[38;2;142;140;141m⢶[48;2;15;15;15m[38;2;102;101;101m⢖[38;2;255;180;89m⠸[0m
[48;2;15;15;15m[38;2;255;180;89m▌[48;2;78;21;47m[38;2;109;38;41m⎺[48;2;14;14;17m[38;2;102;18;66m▌[48;2;147;24;88m[38;2;204;69;76m⎺[48;2;8;8;15m[38;2;138;17;90m▌[48;2;148;24;88m[38;2;204;69;76m⎺[48;2;8;8;15m[38;2;139;17;90m▌[48;2;1;12;15m[38;2;59;155;68m⠰[38;2;0;0;0m  [38;2;60;155;68m⢈[38;2;60;156;68m⢀[38;2;0;0;0m [48;2;8;8;16m[38;2;107;155;0m▝⢫[48;2;28;37;12m⠋[48;2;68;96;6m[38;2;108;156;0m▃[48;2;8;8;16m⡅[38;2;0;0;0m [48;2;0;0;0m[38;2;191;188;188m⡓[38;2;191;188;187m⣟[38;2;191;187;187m⢘[38;2;195;192;192m⡻[38;2;176;170;166m⣮⠇[38;2;177;171;168m⡴[38;2;178;172;168m⢤[38;2;178;171;168m⡛[38;2;179;173;169m⣒[38;2;0;0;0m [48;2;60;58;56m[38;2;178;172;169m⠟[48;2;0;0;0m[38;2;179;173;169m⠟⠇[38;2;180;173;170m⠳[48;2;180;174;170m[38;2;0;0;0m⢀[48;2;0;0;0m[38;2;181;175;171m⣾[38;2;180;174;170m⠇[38;2;181;175;171m⣮[38;2;180;174;170m⠇[48;2;181;174;171m[38;2;0;0;0m⡀[48;2;0;0;0m[38;2;181;175;171m▬⠦⠰[48;2;181;175;171m[38;2;0;0;0m⠁[48;2;0;0;0m[38;2;181;175;171m⠄[38;2;180;174;170m⠬[38;2;181;175;171m⣬[38;2;180;174;170m⣭⢰[48;2;180;173;170m[38;2;0;0;0m⠁[48;2;0;0;0m[38;2;179;173;170m⡰[38;2;178;172;169m⠖[38;2;178;172;168m⢡⣵[38;2;178;171;168m⡌[48;2;177;171;167m[38;2;0;0;0m⠁[48;2;176;170;166m▂[48;2;0;0;0m[38;2;175;169;166m⠾⢂[38;2;175;169;165m⣂[38;2;174;168;165m⡐[38;2;174;167;164m⣒[38;2;173;167;163m⣐[38;2;172;166;163m⠳⣂[38;2;172;166;162m⣐[38;2;171;165;161m▬⡶[38;2;170;164;161m⢰⡶⡆[38;2;170;164;160m⢒⣒⠈[38;2;169;163;160m⢥⡛⣒[48;2;11;11;11m[38;2;125;120;118m⡀[48;2;15;15;15m[38;2;90;86;85m⠻[38;2;255;180;89m⠸[0m
[48;2;15;15;15m[38;2;255;180;89m▌[48;2;17;17;18m[38;2;73;19;48m▌[48;2;109;22;64m[38;2;151;51;56m⎺[48;2;8;8;15m[38;2;138;17;90m▌[48;2;148;24;88m[38;2;204;69;76m⎺[48;2;8;8;15m[38;2;139;17;90m▌[48;2;148;24;88m[38;2;205;69;76m⎺[48;2;1;12;15m[38;2;59;155;68m⠁[38;2;8;8;16m▂[38;2;60;156;68m⠌⠨[38;2;1;12;15m⢀▄[38;2;1;13;16m⣴[48;2;1;13;15m⣾[48;2;1;13;16m[38;2;0;0;0m  [38;2;61;160;70m⠐[48;2;37;38;39m[38;2;175;174;175m▬[48;2;0;0;0m[38;2;176;169;166m⠙[38;2;177;170;167m⠟[48;2;59;57;56m[38;2;177;171;167m⠟[48;2;0;0;0m[38;2;178;172;168m▘[38;2;154;145;134m⡶[38;2;154;146;135m⣲[38;2;155;146;136m⢶[38;2;156;147;136m⢶[38;2;156;148;137m⢦[38;2;157;148;138m⠠[38;2;157;148;137m⢺[38;2;157;148;138m⡃[38;2;158;149;138m⠰[48;2;158;149;138m[38;2;0;0;0m⢀[48;2;0;0;0m[38;2;159;150;139m⡶[38;2;159;150;140m⢂[38;2;160;151;140m⣆[38;2;159;150;140m⢶[38;2;159;151;140m⡶[38;2;160;151;140m⣲⢦⠠[38;2;159;151;140m⢶⢶[38;2;159;150;140m⡶[38;2;160;151;140m⠠[38;2;159;150;140m⣥⣥[38;2;160;151;140m⢄[38;2;158;149;139m▬[38;2;157;148;138m⠖⠖[38;2;157;148;137m⣘[38;2;155;147;136m▘[38;2;157;148;138m▂[38;2;156;147;136m⠄[38;2;155;146;135m⢰[38;2;154;145;134m⡍[38;2;153;144;134m⣭[38;2;152;144;134m⡌[38;2;152;143;133m⢬[38;2;151;143;132m⣥[38;2;150;142;131m⡭[38;2;149;141;130m⠍[38;2;149;140;130m⠡[38;2;148;140;130m⡭[48;2;21;19;18m[38;2;147;139;129m⎺[48;2;0;0;0m⠵[38;2;147;138;128m⡶[38;2;146;138;128m⡔⢶[38;2;146;137;128m⢶[38;2;145;137;127m⣮⠍⢶⢶⢦⠠[48;2;11;11;11m[38;2;106;100;93m⠲[48;2;15;15;15m[38;2;77;72;67m⠟[38;2;255;180;89m⠸[0m
[48;2;15;15;15m[38;2;255;180;89m▌[48;2;78;21;47m[38;2;109;38;41m⎺[48;2;14;14;17m[38;2;102;18;66m▌[48;2;148;24;88m[38;2;204;69;76m⎺[48;2;8;8;15m[38;2;139;17;90m▌[48;2;148;24;88m[38;2;205;69;76m⎺[48;2;8;8;16m[38;2;139;17;90m▌[48;2;7;8;15m[38;2;60;156;68m⠁[48;2;8;8;16m[38;2;0;0;0m [48;2;1;12;15m[38;2;1;13;15m⢀[38;2;11;39;25m⣴[48;2;1;13;15m[38;2;19;59;32m▆[48;2;1;13;16m[38;2;61;159;69m⠠[38;2;0;0;0m   [48;2;0;0;0m[38;2;201;198;199m⠸[38;2;201;199;200m⠹[38;2;179;173;169m⢢⡉[38;2;154;146;135m▬[38;2;156;148;137m▗[48;2;23;23;26m[38;2;136;130;121m⠌[48;2;34;32;33m[38;2;157;148;138m⡑[48;2;0;0;0m[38;2;58;54;57m⠋[48;2;1;14;17m[38;2;1;14;17m▄[38;2;14;46;29m▅[38;2;1;15;18m▃▅[48;2;1;14;18m▅▆▇[38;2;10;37;26m▇[48;2;1;15;18m[38;2;0;0;0m  [38;2;1;15;19m▁[38;2;23;68;38m⣂[38;2;1;15;19m▂[38;2;23;68;38m⣂[38;2;1;15;19m▂▂▂▂[38;2;35;96;49m▂[48;2;10;38;26m[38;2;1;15;19m▁[48;2;1;15;18m▁[38;2;69;175;78m⠄[38;2;0;0;0m [48;2;1;14;18m[38;2;10;37;26m▇[38;2;1;15;18m▇▆[48;2;1;14;17m[38;2;13;43;28m▅[38;2;16;52;31m▄[38;2;17;54;32m▄[38;2;14;46;29m▅[38;2;1;14;17m▄[48;2;8;8;17m[38;2;58;116;59m▂[48;2;107;222;98m[38;2;8;8;17m⠙[48;2;8;8;17m[38;2;67;135;65m⣦[38;2;105;219;97m⢎[38;2;105;218;96m⣦[48;2;8;8;16m[38;2;104;217;96m⣦[38;2;103;216;95m⣦[38;2;55;111;56m▂[38;2;103;214;94m⡀[48;2;21;62;34m[38;2;8;8;16m▖[48;2;1;13;16m[38;2;61;159;70m⠂[38;2;61;159;69m⢀[48;2;1;13;15m[38;2;10;35;24m⣷[48;2;1;12;15m[38;2;20;61;33m⣄[38;2;1;12;15m⣄[38;2;0;0;0m  [48;2;74;11;64m[38;2;206;69;76m▂[48;2;8;8;15m[38;2;74;11;64m▌[48;2;74;11;64m[38;2;205;69;76m▂[48;2;8;8;15m[38;2;74;11;63m▌[48;2;55;15;47m[38;2;151;51;56m▂[48;2;17;17;18m[38;2;40;17;35m▌[48;2;15;15;15m[38;2;255;180;89m⠸[0m
[48;2;15;15;15m[38;2;255;180;89m▌[48;2;17;17;18m[38;2;73;19;48m▌[48;2;109;22;64m[38;2;151;51;56m⎺[48;2;8;8;15m[38;2;139;17;90m▌[48;2;148;24;88m[38;2;205;69;76m⎺[48;2;8;8;16m[38;2;139;17;90m▌[48;2;172;43;83m[38;2;140;17;91m⣰[48;2;8;8;16m[38;2;0;0;0m  [48;2;1;13;15m[38;2;1;13;16m⣾[48;2;1;13;16m[38;2;0;0;0m [38;2;61;160;70m⢀[38;2;0;0;0m [38;2;24;77;41m⣄[48;2;0;0;0m[38;2;201;199;200m⠸[38;2;203;200;201m⢩[38;2;204;201;202m▝[38;2;206;203;204m⣋[38;2;183;177;173m⢬[38;2;184;178;174m⣵[48;2;32;30;28m[38;2;158;149;139m⠸[48;2;0;0;0m[38;2;160;151;140m⡂[48;2;1;1;3m[38;2;109;103;99m⠋[48;2;1;14;18m[38;2;11;40;27m▆[38;2;67;173;76m⠂[48;2;1;15;18m[38;2;0;0;0m [38;2;45;122;58m⣈[38;2;17;55;33m⣢[38;2;16;51;32m▄[38;2;23;69;38m⣁[38;2;20;63;36m▃[38;2;35;97;49m⣮[38;2;15;51;32m▅[48;2;1;15;19m[38;2;12;43;29m▅[38;2;1;16;19m▆[38;2;20;62;36m⣷[38;2;1;16;19m▆▆[38;2;11;39;27m▇[38;2;1;16;19m▇[38;2;71;183;81m⣠[38;2;11;39;27m▇[38;2;1;16;19m▇[38;2;71;180;80m⠅[38;2;1;16;19m▆[38;2;10;39;27m⣾[38;2;1;16;19m▆[38;2;23;68;38m⣮[48;2;1;15;18m[38;2;1;16;19m▄[38;2;1;15;19m▃▆▅[38;2;13;45;30m⣴[38;2;1;15;19m▃[38;2;9;9;19m⢀[48;2;7;53;14m[38;2;73;229;67m⠸[48;2;9;9;18m[38;2;62;228;57m⣟[48;2;9;8;18m[38;2;0;228;0m▄[48;2;9;9;18m[38;2;72;225;66m⡻[48;2;9;8;17m[38;2;43;224;39m⢧[48;2;60;222;56m[38;2;9;8;18m⡀[48;2;8;8;17m[38;2;52;220;48m⢜[48;2;52;219;48m[38;2;8;8;17m⢜[48;2;56;112;56m[38;2;34;217;32m▙[48;2;8;8;17m[38;2;51;215;47m⡸[48;2;2;11;16m[38;2;51;214;47m⢇[48;2;1;13;16m[38;2;8;8;16m⡀[38;2;62;161;70m⠄[38;2;61;160;70m⠄[38;2;0;0;0m [48;2;1;13;15m[38;2;1;13;16m⣷[48;2;1;12;15m[38;2;1;13;15m⣄[38;2;60;157;69m⡀[48;2;8;8;16m[38;2;140;17;90m▌[48;2;139;17;90m[38;2;162;35;85m⣍[48;2;8;8;16m[38;2;139;17;90m▌[48;2;148;24;88m[38;2;205;69;76m⎺[48;2;14;14;17m[38;2;102;18;66m▌[48;2;78;21;47m[38;2;109;38;41m⎺[48;2;15;15;15m[38;2;255;180;89m⠸[0m
[48;2;15;15;15m[38;2;255;180;89m▌[48;2;73;19;48m[38;2;86;25;45m⣩[48;2;13;13;14m[38;2;102;18;66m▌[48;2;148;24;88m[38;2;205;69;76m⎺[48;2;5;5;9m[38;2;139;17;90m▌[48;2;149;24;88m[38;2;206;69;77m⎺[48;2;5;5;9m[38;2;140;17;91m▌[48;2;8;8;16m[38;2;0;0;0m  [48;2;1;13;16m [38;2;61;160;70m⠰[38;2;61;161;70m⠢[38;2;62;162;71m⠌[48;2;1;14;17m[38;2;65;173;75m⢁[48;2;0;0;0m[38;2;233;230;231m⡶[38;2;218;216;217m⣋[48;2;42;41;41m[38;2;208;206;207m⠸[48;2;0;0;0m[38;2;211;208;209m⣪[38;2;187;181;177m⡌[38;2;189;182;178m⣭[38;2;162;153;142m▝⠁[48;2;1;15;18m[38;2;15;48;31m⣢[38;2;13;45;30m▅[38;2;23;69;38m⣁[48;2;1;15;19m[38;2;18;57;34m▄[38;2;1;16;19m▅▆[48;2;1;16;19m[38;2;24;71;40m⣈[38;2;36;100;50m⣰[38;2;15;49;32m⣬[38;2;24;72;40m▅[38;2;11;41;29m▟[38;2;1;16;20m▆[38;2;72;185;82m⠆[38;2;1;17;20m▁[38;2;36;102;51m▂[38;2;72;187;83m⡐[48;2;1;16;20m[38;2;1;17;20m▂▂▂[38;2;36;102;52m▂[38;2;1;17;20m▂[38;2;36;102;51m▂[48;2;1;16;19m▂[38;2;36;101;51m⡂[38;2;1;17;20m▁[38;2;1;16;20m▆[38;2;12;44;30m▆[38;2;1;16;20m▅▄[38;2;24;72;40m▃[48;2;1;15;19m[38;2;24;71;40m⣄[38;2;1;16;20m▁[38;2;11;41;28m⣮[48;2;5;12;19m[38;2;0;78;13m⡌[48;2;9;9;19m[38;2;0;234;0m⢹[48;2;9;9;18m[38;2;0;233;0m⢓[38;2;0;231;0m⠷[38;2;0;229;0m⡾[38;2;0;227;0m⢭[48;2;9;8;18m[38;2;4;117;9m⣮[48;2;0;223;0m[38;2;9;8;17m⡊[48;2;9;8;17m[38;2;0;221;0m⡭[48;2;0;219;0m[38;2;8;8;17m⡈[48;2;8;8;17m[38;2;0;217;0m⣾[48;2;0;53;13m[38;2;8;8;17m⡅[48;2;1;13;16m[38;2;62;162;71m⠁[38;2;0;0;0m    [48;2;1;12;15m[38;2;13;38;25m⣦[48;2;150;24;89m[38;2;207;69;77m⎺[48;2;8;8;16m[38;2;140;17;90m▌[48;2;149;24;88m[38;2;206;69;76m⎺[48;2;8;8;16m[38;2;139;17;90m▌[48;2;102;18;66m[38;2;122;31;62m⣍[48;2;17;17;18m[38;2;74;19;48m▌[48;2;15;15;15m[38;2;255;180;89m⠸[0m
[48;2;15;15;15m[38;2;255;180;89m▌[48;2;16;16;17m[38;2;94;67;42m▆[48;2;12;12;14m[38;2;132;93;57m▆[48;2;4;4;8m[38;2;179;127;77m▆[38;2;179;128;77m▆[38;2;180;128;77m⡆[38;2;8;8;16m⠸[48;2;8;8;16m[38;2;0;0;0m  [48;2;1;13;16m[38;2;62;161;71m⠠⠂[38;2;62;163;71m⠢[38;2;1;13;17m⣴[48;2;41;41;41m[38;2;207;204;205m⠸[48;2;0;0;0m[38;2;209;206;207m⣗[38;2;201;194;190m⢈[38;2;208;200;196m⢰[38;2;166;156;145m⠆[38;2;163;154;143m⡿[48;2;1;15;18m[38;2;15;50;32m⣢[38;2;1;15;19m⣾[48;2;1;15;19m[38;2;15;50;31m⣢[38;2;12;43;29m▆[48;2;1;16;19m[38;2;24;71;39m⣁[38;2;1;16;20m▄[48;2;10;9;19m[38;2;89;11;76m▌[48;2;89;11;76m[38;2;142;34;82m▆[48;2;10;10;20m[38;2;90;11;77m▌[48;2;90;11;77m[38;2;143;34;82m▆[48;2;10;10;20m[38;2;91;11;78m▌[48;2;90;11;78m[38;2;171;46;85m▄[48;2;10;10;20m[38;2;91;11;78m▌[48;2;91;11;78m[38;2;147;35;83m▆[48;2;10;10;20m[38;2;92;11;78m▌[48;2;91;11;78m[38;2;252;82;92m▂[48;2;92;11;79m[38;2;10;10;20m⠸[38;2;252;82;92m▂[48;2;10;10;20m[38;2;92;11;79m▌[48;2;92;11;79m[38;2;253;82;92m▂[48;2;10;10;20m[38;2;92;11;79m▌[48;2;92;11;79m[38;2;253;82;92m▂[48;2;10;10;20m[38;2;92;11;79m▌[48;2;92;11;79m[38;2;252;82;92m▂[38;2;10;10;20m⠸[38;2;252;82;92m▂[38;2;10;10;20m⠸[48;2;92;11;78m[38;2;252;82;92m▂[48;2;10;10;20m[38;2;92;11;79m▌[48;2;91;11;78m[38;2;147;35;83m▆[48;2;1;16;20m[38;2;1;17;20m▇[38;2;12;45;30m▆[38;2;15;51;32m⣦[38;2;1;16;20m▃[38;2;36;102;51m▂[48;2;1;16;19m[38;2;1;16;20m▇⣦[48;2;0;60;15m[38;2;1;16;19m▃[48;2;10;9;19m[38;2;0;238;0m⠟[48;2;9;9;19m[38;2;186;83;0m⢱[38;2;185;83;0m⡾[48;2;44;23;15m[38;2;183;82;0m⡉[48;2;9;9;18m[38;2;181;81;0m⡷[38;2;179;80;0m⢎[48;2;65;32;12m[38;2;177;79;0m⠟[48;2;9;8;17m[38;2;6;62;13m⣌[48;2;6;79;11m[38;2;9;8;17m▖[48;2;1;14;17m[38;2;8;8;17m▌[48;2;1;13;16m[38;2;12;41;27m⣦[38;2;31;88;44m⣅[38;2;62;163;71m▂[38;2;61;160;70m⠁[38;2;0;0;0m [38;2;8;8;16m⠸[48;2;8;8;16m[38;2;141;17;91m▌[48;2;150;24;89m[38;2;207;70;77m⎺[48;2;8;8;16m[38;2;140;17;91m▌[48;2;173;43;83m▄[48;2;14;14;17m[38;2;103;18;66m▌[48;2;79;21;47m[38;2;109;38;41m⎺[48;2;15;15;15m[38;2;255;180;89m⠸[0m
[48;2;15;15;15m[38;2;255;180;89m▌[48;2;109;84;42m[38;2;110;84;42m⣾[48;2;14;14;17m[38;2;152;117;57m▌[48;2;8;8;16m[38;2;0;0;0m [48;2;207;159;78m[38;2;208;160;78m▟[48;2;8;8;16m▌[38;2;0;0;0m   [48;2;1;13;16m [38;2;1;13;16m⣠[38;2;1;14;17m▟[48;2;1;14;17m[38;2;0;0;0m [48;2;0;0;0m[38;2;211;209;209m⢨[38;2;212;210;210m⡁[38;2;190;184;180m⢴[38;2;194;187;183m⡌[38;2;171;162;150m⡅[38;2;179;168;156m▆[48;2;1;15;19m[38;2;13;48;31m▅[48;2;1;16;19m[38;2;1;16;20m▁[38;2;14;48;31m⣴[38;2;71;185;81m⠂[48;2;1;16;20m[38;2;36;101;50m⢁[38;2;18;59;35m▄[48;2;247;82;92m[38;2;170;17;110m▆[48;2;10;10;20m▌[48;2;170;17;111m[38;2;202;43;103m⣩[48;2;10;10;20m[38;2;171;17;111m▌[48;2;171;17;111m[38;2;204;43;104m⣩[48;2;10;10;21m[38;2;172;17;112m▌[48;2;252;82;92m[38;2;173;17;112m▆[48;2;172;17;112m[38;2;10;10;21m⠸[48;2;184;26;109m[38;2;253;82;92m⎺[48;2;10;10;21m[38;2;173;17;112m▌[48;2;173;17;113m[38;2;200;38;106m⣭[48;2;10;10;21m[38;2;173;17;112m▌[48;2;174;17;113m[38;2;227;60;99m⡉[48;2;10;10;21m[38;2;173;17;113m▌[48;2;185;26;110m[38;2;254;82;92m⎺[48;2;10;10;21m[38;2;173;17;113m▌[48;2;185;26;110m[38;2;254;82;92m⎺[48;2;10;10;21m[38;2;173;17;112m▌[48;2;173;17;113m[38;2;227;60;99m⡉[48;2;10;10;21m[38;2;173;17;112m▌[48;2;185;26;109m[38;2;253;82;92m⎺[48;2;10;10;21m[38;2;173;17;112m▌[48;2;184;26;109m[38;2;253;82;92m⎺[48;2;172;17;112m[38;2;201;39;105m⣭[48;2;1;17;21m[38;2;0;0;0m [38;2;72;191;84m⠈[48;2;1;17;20m[38;2;72;191;83m⠅[38;2;1;17;21m▅[38;2;29;86;45m⣥[48;2;1;16;20m[38;2;1;17;20m▂[48;2;12;45;30m[38;2;10;10;20m▗[48;2;18;58;35m[38;2;56;29;15m▄[48;2;10;9;20m[38;2;68;34;13m▆[48;2;10;9;19m[38;2;10;10;20m⣄[48;2;117;54;7m[38;2;10;9;19m⡆[48;2;10;9;20m[38;2;187;84;0m⢿[48;2;9;9;19m[38;2;186;83;0m⡼[38;2;183;82;0m⠊[48;2;9;9;18m[38;2;9;9;19m⣄[38;2;181;81;0m⡀[48;2;9;8;18m[38;2;9;9;18m▙[48;2;176;79;0m[38;2;7;9;17m⣉[48;2;1;14;17m[38;2;64;169;74m▖[48;2;1;13;17m[38;2;63;168;73m▖[48;2;1;13;16m[38;2;1;13;17m▖[38;2;0;0;0m  [38;2;61;160;70m⢀[48;2;165;34;87m[38;2;143;17;92m▖[48;2;8;8;16m[38;2;142;17;92m▌[48;2;150;24;89m[38;2;207;70;77m⎺[48;2;8;8;16m[38;2;140;17;91m▌[48;2;110;22;65m[38;2;152;52;57m⎺[48;2;17;17;18m[38;2;74;19;48m▌[48;2;15;15;15m[38;2;255;180;89m⠸[0m
[48;2;15;15;15m[38;2;255;180;89m▌[48;2;110;84;42m[38;2;0;0;0m [48;2;129;99;51m[38;2;153;117;58m▗[48;2;8;8;16m[38;2;207;159;78m▆[48;2;208;160;78m[38;2;209;160;79m▟[48;2;8;8;16m[38;2;209;161;79m▌[38;2;0;0;0m  [38;2;8;8;17m⣰[48;2;1;13;16m[38;2;1;13;16m⣰[48;2;1;13;17m[38;2;1;14;17m⣾[48;2;1;14;17m[38;2;63;166;73m⠁[38;2;43;118;55m⢌[48;2;0;0;0m[38;2;214;212;212m⠸[38;2;215;213;214m⠓[38;2;193;186;182m⢿[38;2;196;189;185m▙[38;2;168;159;148m⠣[38;2;171;161;150m▬[48;2;1;16;19m[38;2;1;16;20m▟[48;2;1;16;20m[38;2;15;51;33m⡳[38;2;1;17;21m⣦[38;2;1;17;20m⣾[48;2;1;17;20m[38;2;18;60;36m⣨[38;2;24;75;41m▆[48;2;10;10;21m[38;2;172;17;111m▌[48;2;172;17;112m[38;2;205;43;104m⣩[48;2;10;10;21m[38;2;173;17;112m▌[48;2;185;26;110m[38;2;254;82;92m⎺[48;2;11;10;21m[38;2;174;17;113m▌[48;2;186;26;110m[38;2;255;82;92m⎺[48;2;11;10;21m[38;2;174;17;113m▌[48;2;186;26;110m[38;2;255;82;92m⎺[48;2;11;10;21m[38;2;175;17;113m▌[48;2;175;17;114m[38;2;203;39;106m⣭[48;2;11;10;21m[38;2;175;17;113m▌[48;2;187;26;110m[38;2;255;82;92m⎺[48;2;11;10;21m[38;2;175;17;114m▌[48;2;187;26;110m[38;2;255;82;92m⎺[48;2;11;10;21m[38;2;175;17;114m▌[48;2;187;26;110m[38;2;255;82;92m⎺[48;2;11;10;21m[38;2;175;17;114m▌[48;2;187;26;110m[38;2;255;82;92m⎺[48;2;11;10;21m[38;2;175;17;114m▌[48;2;187;26;110m[38;2;255;82;92m⎺[48;2;11;10;21m[38;2;175;17;114m▌[48;2;175;17;114m[38;2;206;41;105m⣍[48;2;11;10;21m[38;2;175;17;113m▌[48;2;186;26;110m[38;2;255;82;92m⎺[48;2;1;17;21m[38;2;72;194;84m⠔[48;2;7;7;13m[38;2;1;17;21m⠟[48;2;1;17;21m[38;2;0;0;0m  [38;2;72;193;84m⡁[38;2;0;0;0m [48;2;18;61;36m[38;2;56;29;15m⠸[48;2;77;38;12m[38;2;10;10;21m⣦[48;2;10;10;20m[38;2;196;88;0m⣠[38;2;195;87;0m⡔[38;2;192;86;0m⢪[48;2;10;9;20m[38;2;191;86;0m⣎[48;2;189;85;0m[38;2;10;9;19m⡌[48;2;9;9;19m[38;2;188;84;0m⣦[38;2;9;9;19m⡀[48;2;86;41;10m▆[48;2;33;19;15m⡀[48;2;9;8;18m[38;2;9;9;18m▇[48;2;1;14;17m[38;2;1;14;18m⣆[38;2;0;0;0m [38;2;63;167;73m⠔[48;2;1;13;16m[38;2;1;14;17m⣆[38;2;1;13;16m⡀[38;2;0;0;0m [48;2;6;6;9m[38;2;144;17;93m▌[48;2;165;34;87m[38;2;143;17;92m▖[48;2;6;5;9m[38;2;142;17;92m▌[48;2;150;24;89m[38;2;207;70;77m⎺[48;2;13;13;15m[38;2;103;18;67m▌[48;2;79;21;47m[38;2;110;38;42m⎺[48;2;15;15;15m[38;2;255;180;89m⠸[0m
[48;2;15;15;15m[38;2;255;180;89m▌[48;2;16;18;18m[38;2;0;0;0m [48;2;11;16;17m[38;2;45;115;51m⠁[48;2;1;13;15m[38;2;60;158;69m⠄[48;2;1;13;16m[38;2;0;0;0m [38;2;61;160;70m⠈[38;2;0;0;0m [38;2;62;163;72m⢀[38;2;13;43;27m⣸[48;2;1;13;17m[38;2;63;166;73m⠄[48;2;1;14;17m[38;2;64;168;74m⡀[38;2;44;119;55m⢨[38;2;10;38;26m⣾[48;2;0;0;0m[38;2;218;215;216m⠸[38;2;220;218;218m⢳[38;2;196;189;185m⡡[48;2;199;192;188m[38;2;0;0;0m⎺[48;2;0;0;0m [38;2;174;164;152m⢢[48;2;1;16;20m[38;2;1;16;20m⣠[38;2;1;17;20m⣾[48;2;1;17;20m[38;2;14;49;32m⣩[48;2;1;17;21m[38;2;1;17;21m⠙[38;2;15;53;33m⢶[38;2;1;18;21m▁[48;2;174;17;113m[38;2;206;43;104m⣩[48;2;11;10;21m[38;2;174;17;113m▌[48;2;186;26;110m[38;2;255;82;92m⎺[48;2;11;10;21m[38;2;175;17;113m▌[48;2;187;26;110m[38;2;255;82;92m⎺[48;2;11;10;21m[38;2;175;17;114m▌[48;2;187;26;110m[38;2;255;82;92m⎺[48;2;11;10;21m[38;2;176;17;114m▌[48;2;187;26;111m[38;2;255;82;92m⎺[48;2;11;10;21m[38;2;176;17;114m▌[48;2;187;26;111m[38;2;255;82;92m⎺[48;2;11;10;21m[38;2;176;17;114m▌[48;2;188;26;111m[38;2;255;82;92m⎺[48;2;11;10;21m[38;2;176;17;114m▌[48;2;188;26;111m[38;2;255;82;92m⎺[48;2;11;10;21m[38;2;176;17;114m▌[48;2;188;26;111m[38;2;255;82;92m⎺[48;2;11;10;21m[38;2;176;17;114m▌[48;2;188;26;111m[38;2;255;82;92m⎺[48;2;11;10;21m[38;2;176;17;114m▌[48;2;187;26;111m[38;2;255;82;92m⎺[48;2;11;10;21m[38;2;176;17;114m▌[48;2;187;26;111m[38;2;255;82;92m⎺⎺[48;2;6;8;14m[38;2;1;17;21m⎺[48;2;7;7;13m[38;2;0;0;0m [48;2;1;17;21m[38;2;1;17;21m▁[38;2;72;195;84m⠂⡠[38;2;72;194;84m⠅[38;2;72;193;84m⠐[38;2;0;0;0m [38;2;72;192;83m⡐[48;2;1;17;20m[38;2;1;17;21m▆[38;2;1;17;20m⣄[48;2;1;16;20m⣷[38;2;1;16;20m▖[48;2;10;9;19m[38;2;36;68;42m⣆[48;2;9;9;19m[38;2;116;242;106m⣦[38;2;88;181;83m⡦[38;2;113;235;104m⢎[48;2;9;9;18m[38;2;111;233;103m⣖[48;2;110;230;101m[38;2;3;12;18m⠙[48;2;102;218;96m[38;2;1;14;17m⠁[48;2;54;119;58m[38;2;9;8;17m▬[48;2;36;83;44m[38;2;8;8;17m⢶[48;2;3;11;16m[38;2;1;14;17m⢂[48;2;1;13;16m[38;2;8;8;16m⠰[48;2;4;4;8m[38;2;185;132;79m⢶[38;2;183;130;79m▆[48;2;3;5;9m[38;2;182;129;78m⢰[48;2;96;74;48m⡆[48;2;11;16;17m[38;2;133;94;57m▆[48;2;16;18;18m[38;2;95;68;42m▆[48;2;15;15;15m[38;2;255;180;89m⠸[0m
[48;2;15;15;15m[38;2;255;180;89m▌[48;2;16;18;18m[38;2;0;0;0m [48;2;11;16;17m[38;2;45;116;51m⠠[48;2;1;13;16m[38;2;61;159;70m⢀⠄[38;2;0;0;0m [38;2;62;162;71m⠰[38;2;1;13;16m▗[48;2;1;13;17m[38;2;1;14;17m⣾[48;2;1;14;17m[38;2;64;167;73m⡁[38;2;1;14;17m▗[38;2;1;15;18m⣾[48;2;1;15;18m[38;2;67;175;77m⡨[48;2;0;0;0m[38;2;221;218;219m⠸[38;2;223;221;221m⠹[38;2;200;193;189m⢢[38;2;201;194;190m⡉[38;2;174;164;152m▬[38;2;176;167;155m▗[48;2;1;17;20m[38;2;1;17;20m▗[38;2;11;41;29m⣾[48;2;1;17;21m[38;2;0;0;0m [38;2;72;192;84m⠁[38;2;0;0;0m [38;2;29;88;46m⠻[48;2;11;10;21m[38;2;176;17;114m▌[48;2;176;17;114m[38;2;207;41;106m⣍[48;2;11;10;21m[38;2;176;17;114m▌[48;2;187;26;111m[38;2;255;82;92m⎺[48;2;11;10;21m[38;2;176;17;114m▌[48;2;188;26;111m[38;2;255;82;92m⎺[48;2;11;10;21m[38;2;177;17;114m▌[48;2;188;26;111m[38;2;255;82;92m⎺[48;2;11;10;21m[38;2;177;17;115m▌[48;2;188;26;111m[38;2;255;82;92m⎺[48;2;11;10;21m[38;2;177;17;115m▌[48;2;188;26;111m[38;2;255;82;92m⎺[48;2;11;10;21m[38;2;177;17;115m▌[48;2;188;26;111m[38;2;255;82;92m⎺[48;2;11;10;21m[38;2;177;17;115m▌[48;2;188;26;111m[38;2;255;82;92m⎺[48;2;11;10;21m[38;2;177;17;115m▌[48;2;188;26;111m[38;2;255;82;92m⎺[48;2;11;10;21m[38;2;177;17;115m▌[48;2;188;26;111m[38;2;255;82;92m⎺[48;2;11;10;21m[38;2;177;17;115m▌[48;2;188;26;111m[38;2;255;82;92m⎺[48;2;11;10;21m[38;2;177;17;115m▌[48;2;188;26;111m[38;2;255;82;92m⎺[48;2;7;7;13m[38;2;0;0;0m  [48;2;1;18;21m [48;2;1;17;21m[38;2;1;18;21m▇[38;2;18;62;36m▄[38;2;36;106;52m⡐[38;2;72;195;84m⠨[38;2;72;194;84m⠜⠄[38;2;0;0;0m [38;2;72;193;84m⠄[48;2;1;17;20m[38;2;15;51;33m⣦[48;2;0;63;16m[38;2;79;248;72m⠸[48;2;67;247;62m[38;2;10;10;20m⠠[48;2;10;9;20m[38;2;0;244;0m▄[38;2;77;241;71m⡻[48;2;9;9;19m[38;2;45;238;42m⢧[48;2;64;235;59m[38;2;9;9;19m⡀[48;2;6;83;12m[38;2;60;120;60m⡐[48;2;9;9;18m[38;2;55;229;50m⡣[48;2;61;225;56m[38;2;9;9;18m⡀[48;2;9;8;17m[38;2;53;222;48m⡸[48;2;3;12;17m[38;2;52;220;48m⢇[48;2;1;13;16m[38;2;3;11;17m▙[48;2;8;8;16m[38;2;215;165;80m▙[38;2;212;163;80m⣜[48;2;48;38;28m[38;2;210;162;79m⠸[48;2;209;161;79m[38;2;210;161;79m▊[48;2;14;14;17m[38;2;0;0;0m [48;2;17;17;18m [48;2;15;15;15m[38;2;255;180;89m⠸[0m
[48;2;15;15;15m[38;2;255;180;89m▌[48;2;16;18;18m[38;2;34;83;38m⠈[48;2;11;16;17m[38;2;45;116;51m⢑[48;2;1;13;16m[38;2;0;0;0m  [38;2;62;161;71m⡀[38;2;0;0;0m [38;2;13;44;28m⣸[48;2;1;14;17m[38;2;0;0;0m [48;2;10;36;25m[38;2;64;169;74m⎺[48;2;1;14;17m[38;2;1;14;18m▟[48;2;1;15;18m[38;2;0;0;0m [38;2;23;69;38m⢰[48;2;0;0;0m[38;2;223;220;221m▝[38;2;226;223;224m⣋[38;2;202;195;191m⢬[48;2;204;197;192m[38;2;0;0;0m⠊[48;2;35;33;31m[38;2;176;166;154m⠸[48;2;0;0;0m[38;2;177;167;155m⡂[48;2;1;17;21m[38;2;72;191;83m⠁[38;2;72;192;84m⠂[38;2;0;0;0m [38;2;72;194;84m⠈[38;2;72;195;84m⠂[38;2;36;107;52m⢐[48;2;176;17;114m[38;2;208;43;105m⣩[48;2;7;7;13m[38;2;176;17;114m▌[48;2;188;26;111m[38;2;255;82;92m⎺[48;2;7;7;13m[38;2;177;17;115m▌[48;2;188;26;111m[38;2;255;82;92m⎺[48;2;7;7;13m[38;2;177;17;115m▌[48;2;188;26;111m[38;2;255;82;92m⎺[48;2;7;7;13m[38;2;177;17;115m▌[48;2;188;26;111m[38;2;255;82;92m⎺[48;2;7;7;13m[38;2;177;17;115m▌[48;2;188;26;111m[38;2;255;82;92m⎺[48;2;7;7;13m[38;2;177;17;115m▌[48;2;188;26;111m[38;2;255;82;92m⎺[48;2;7;7;13m[38;2;177;17;115m▌[48;2;177;17;115m[38;2;208;43;105m⣍[48;2;7;7;13m[38;2;177;17;115m▌[48;2;177;17;115m[38;2;208;43;105m⣍[48;2;7;7;13m[38;2;177;17;115m▌[48;2;177;17;115m[38;2;208;43;105m⣍[48;2;7;7;13m[38;2;177;17;115m▌[48;2;188;26;111m[38;2;255;82;92m⎺[48;2;7;7;13m[38;2;177;17;115m▌[48;2;188;26;111m[38;2;255;82;92m⎺[48;2;7;7;13m[38;2;177;17;115m▌[38;2;0;0;0m  [48;2;1;18;21m [38;2;72;197;84m⡀[38;2;0;0;0m [38;2;72;197;84m⠄[48;2;1;17;21m[38;2;65;39;43m▅[48;2;1;18;23m[38;2;181;64;76m⡖[48;2;29;26;32m[38;2;198;75;83m⎺[48;2;1;18;23m[38;2;201;76;84m⠑[48;2;1;17;21m[38;2;47;30;41m▅[38;2;0;0;0m [48;2;15;98;29m[38;2;10;10;21m⢰[48;2;8;57;16m[38;2;0;248;0m⠸[48;2;10;10;20m[38;2;0;246;0m⠓[48;2;1;204;3m[38;2;0;245;0m▖[48;2;0;241;0m[38;2;10;9;19m⠁[48;2;0;238;0m[38;2;9;9;19m⠒[48;2;9;9;19m[38;2;0;234;0m⢪[48;2;9;9;18m[38;2;0;231;0m⣵[38;2;0;228;0m⣭[48;2;2;169;4m[38;2;0;225;0m▌[48;2;1;175;3m[38;2;0;222;0m⡆[48;2;5;78;11m[38;2;9;8;17m▖[48;2;216;166;81m[38;2;217;167;81m▌[48;2;213;164;80m[38;2;215;165;80m▌[48;2;6;9;16m[38;2;211;162;79m⠸[48;2;210;161;79m[38;2;210;162;79m▊[48;2;154;118;58m[38;2;155;118;58m▊[48;2;111;85;42m[38;2;111;85;42m▎[48;2;15;15;15m[38;2;255;180;89m⠸[0m
[48;2;15;15;15m[38;2;255;180;89m▌[48;2;17;17;18m[38;2;41;17;36m▌[48;2;56;15;48m[38;2;154;52;58m▂[48;2;8;8;16m[38;2;76;11;65m▌[48;2;77;11;66m[38;2;212;71;79m▂[48;2;8;8;16m[38;2;78;11;66m▌[48;2;78;11;67m[38;2;123;30;72m▟[48;2;1;13;17m[38;2;63;166;73m⡈[48;2;1;14;17m[38;2;64;167;73m⠁[38;2;33;92;46m⢈[48;2;1;15;18m[38;2;66;173;76m⡀[38;2;0;0;0m [48;2;1;15;19m[38;2;69;180;79m⢀[48;2;45;44;44m[38;2;225;223;224m⠸[48;2;0;0;0m[38;2;228;225;226m⣪[38;2;203;196;192m⡌[48;2;205;198;194m[38;2;0;0;0m⠒[48;2;0;0;0m[38;2;177;167;155m▝[38;2;178;168;156m⡣[48;2;1;17;21m[38;2;0;0;0m [38;2;72;194;84m⠈⠂[38;2;0;0;0m [38;2;18;62;36m▄[38;2;1;18;21m▇[48;2;4;4;8m[38;2;225;160;95m⢶[48;2;4;4;7m▆[38;2;226;160;95m⢰[48;2;4;4;8m⡶[48;2;4;4;9m⣆[48;2;4;4;7m⡆▆▆▆▆▆▆[48;2;7;7;13m[38;2;0;0;0m [38;2;255;82;92m⣠▆⣄[48;2;4;4;7m[38;2;7;7;13m▌[38;2;226;160;95m▆[48;2;4;4;9m⢲[48;2;4;4;8m⣖[48;2;4;4;7m⡆▆⡶[38;2;0;0;0m [38;2;7;7;13m⠸[48;2;7;7;13m[38;2;0;0;0m  [48;2;1;18;21m[38;2;72;197;84m⠈⠁[38;2;0;0;0m  [38;2;1;18;21m [48;2;0;0;0m[38;2;203;92;94m⡭[38;2;233;106;101m⣚⣓[38;2;215;110;105m⢤[48;2;1;17;21m[38;2;168;61;73m⠢[38;2;0;0;0m [48;2;1;17;20m[38;2;10;10;21m▄[48;2;4;147;8m[38;2;0;249;0m⠇[48;2;10;10;20m[38;2;193;86;0m⢱[48;2;191;85;0m[38;2;10;9;20m⢁[48;2;45;24;15m[38;2;188;84;0m⡉[48;2;9;9;19m[38;2;186;83;0m⡷[48;2;9;9;18m[38;2;183;82;0m⢎[48;2;180;80;0m[38;2;9;9;18m▂[48;2;9;8;18m[38;2;6;70;12m▊[48;2;7;51;13m[38;2;9;8;17m⡆[48;2;8;8;17m▊[48;2;6;6;10m[38;2;214;191;107m⢰[48;2;6;6;9m[38;2;211;189;106m⢲[38;2;210;187;105m⡲[38;2;208;186;105m⡶[48;2;35;34;25m[38;2;153;136;76m⡂[48;2;16;17;17m[38;2;16;18;18m▇[48;2;15;15;15m[38;2;255;180;89m⠸[0m
[48;2;15;15;15m[38;2;255;180;89m▌[48;2;80;21;48m[38;2;111;38;42m⎺[48;2;14;14;18m[38;2;105;18;68m▌[48;2;143;17;93m[38;2;170;38;87m⢹[48;2;8;8;16m[38;2;144;17;93m▌[48;2;155;24;92m[38;2;215;72;80m⎺[48;2;8;8;17m[38;2;147;17;95m▌[48;2;1;14;17m[38;2;0;0;0m [38;2;64;168;74m⠁[38;2;1;15;18m▟[48;2;1;15;18m[38;2;67;175;77m⠈[38;2;1;15;19m⣸[48;2;1;15;19m[38;2;1;16;19m▗[48;2;0;0;0m[38;2;227;224;225m⢨[38;2;230;227;228m⠸[38;2;204;196;192m⠅[38;2;206;199;195m▛[38;2;178;168;156m⡂[48;2;179;169;157m[38;2;180;170;157m⣸[48;2;1;17;21m[38;2;0;0;0m  [38;2;72;195;84m⠂[38;2;1;17;21m▗[48;2;1;18;21m[38;2;72;196;84m⢂[38;2;0;0;0m [48;2;11;10;21m[38;2;255;199;94m⢷[48;2;9;8;17m⣝[48;2;7;7;13m⠸[48;2;11;10;21m⡧[48;2;255;199;94m[38;2;0;0;0m [48;2;7;7;13m[38;2;255;199;94m▌[48;2;255;199;94m[38;2;0;0;0m [48;2;11;10;21m [38;2;255;199;94m⠸▌[38;2;0;0;0m [48;2;255;199;94m [48;2;7;7;13m[38;2;255;82;92m⠸[48;2;11;10;21m▛[48;2;255;82;92m[38;2;0;0;0m [48;2;11;10;21m[38;2;255;82;92m▜[48;2;7;7;13m▌[48;2;11;10;21m[38;2;255;199;94m⣟[48;2;255;199;94m[38;2;0;0;0m [48;2;11;10;21m[38;2;255;199;94m⣹[48;2;7;7;13m▌[48;2;9;8;17m⣫[48;2;9;9;18m⢞[48;2;7;7;13m[38;2;0;0;0m   [48;2;1;18;21m [38;2;72;197;84m⢂⠠⡀[38;2;155;67;76m▝[48;2;0;0;0m[38;2;219;83;86m⣆[38;2;235;200;185m⠺[38;2;234;200;185m⠗[38;2;217;83;86m⣰[48;2;1;17;21m[38;2;150;66;76m▘[38;2;10;10;21m⠸[48;2;10;10;21m[38;2;198;89;0m⡀[48;2;88;42;11m[38;2;10;10;21m⡃[48;2;10;10;20m[38;2;0;0;0m [48;2;46;25;16m[38;2;191;86;0m⠸[48;2;129;59;6m[38;2;190;85;0m▘[48;2;9;9;19m[38;2;187;84;0m▞[38;2;184;83;0m▘[48;2;9;9;18m[38;2;9;9;18m▎[38;2;179;81;0m⡀[48;2;9;8;17m[38;2;9;8;18m▎[38;2;173;77;0m⠤[48;2;6;6;10m[38;2;214;192;108m⠸[38;2;212;190;107m⠼[48;2;210;188;106m[38;2;6;6;9m⠑[48;2;6;6;9m[38;2;208;186;105m⡧[48;2;12;13;15m[38;2;131;118;68m⠾[48;2;16;20;18m[38;2;29;67;33m⠠[48;2;15;15;15m[38;2;255;180;89m⠸[0m
[48;2;15;15;15m[38;2;255;180;89m▌[48;2;17;17;18m[38;2;75;19;49m▌[48;2;112;22;66m[38;2;155;52;58m⎺[48;2;8;8;16m[38;2;143;17;93m▌[48;2;154;24;91m[38;2;213;72;79m⎺[48;2;8;8;17m[38;2;146;17;94m▌[48;2;148;17;96m[38;2;194;54;86m⠙[48;2;1;14;17m[38;2;64;168;74m⢀[38;2;33;92;46m▝[48;2;1;14;18m[38;2;1;15;18m▟[48;2;1;15;18m[38;2;0;0;0m [38;2;11;39;27m▟[48;2;1;15;19m[38;2;11;42;28m▟[48;2;0;0;0m[38;2;0;0;0m [38;2;230;227;228m⡚[38;2;205;198;194m⢤[38;2;207;200;196m⣦[38;2;179;169;157m▗[38;2;180;170;157m⣅[48;2;1;17;21m[38;2;0;0;0m [38;2;72;195;84m⠁[38;2;0;0;0m [38;2;72;196;84m⠂[48;2;1;18;21m⠂[38;2;0;0;0m [48;2;11;10;21m[38;2;255;199;94m⢷[48;2;255;199;94m[38;2;0;0;0m [48;2;7;7;13m[38;2;255;199;94m⠸[48;2;255;199;94m[38;2;0;0;0m  [48;2;7;7;13m[38;2;255;199;94m⠇⢿[48;2;255;199;94m[38;2;0;0;0m    [48;2;7;7;13m[38;2;255;199;94m⡿[38;2;255;82;92m⠸[48;2;8;8;15m⡗[48;2;255;82;92m[38;2;0;0;0m [48;2;8;8;15m[38;2;255;82;92m⢺[48;2;7;7;13m▌[48;2;9;8;17m[38;2;255;199;94m⢷[48;2;255;199;94m[38;2;0;0;0m [48;2;11;10;21m[38;2;255;199;94m▙[48;2;7;7;13m▌[48;2;255;199;94m[38;2;0;0;0m [48;2;7;7;13m[38;2;255;199;94m⡯ [38;2;0;0;0m   [48;2;1;18;21m   [38;2;72;197;84m⢀⠁⠐⡀[38;2;0;0;0m [48;2;1;17;21m[38;2;72;196;84m⡀[38;2;72;194;84m⠐[48;2;2;15;21m[38;2;73;36;14m⠸[48;2;10;10;21m[38;2;199;89;0m⠁[48;2;10;10;20m[38;2;197;88;0m⣠[38;2;195;87;0m⡔[38;2;193;86;0m⢪[48;2;124;57;7m[38;2;191;86;0m▊[48;2;187;84;0m[38;2;9;9;19m⡌[48;2;9;9;19m[38;2;185;83;0m⣦[48;2;9;9;18m[38;2;9;9;19m▌[38;2;180;81;0m⠁[48;2;9;8;18m[38;2;42;23;14m⡗[48;2;9;8;17m[38;2;0;0;0m [48;2;6;6;10m [38;2;169;76;0m⠠[48;2;102;47;3m[38;2;168;75;0m⠇[48;2;6;6;9m[38;2;165;74;0m⠧[48;2;12;13;15m[38;2;12;13;15m [48;2;16;20;18m[38;2;29;67;33m⠐[48;2;15;15;15m[38;2;255;180;89m⠸[0m
[48;2;15;15;15m[38;2;255;180;89m▌[48;2;80;21;48m[38;2;111;38;42m⎺[48;2;14;14;18m[38;2;105;18;68m▌[48;2;160;30;89m[38;2;0;0;0m [48;2;8;8;16m[38;2;145;17;94m▌[48;2;146;17;95m[38;2;174;39;89m⢹[48;2;8;8;17m[38;2;148;17;96m▌[48;2;9;8;17m[38;2;0;0;0m [38;2;9;8;18m▟[48;2;1;15;18m[38;2;0;0;0m [38;2;67;176;77m⡈[48;2;1;15;19m[38;2;0;0;0m [38;2;70;182;80m⠠[48;2;0;0;0m[38;2;229;226;227m⠐[48;2;77;76;76m[38;2;230;228;229m⠟[48;2;0;0;0m[38;2;206;199;195m⢈[38;2;207;200;196m⡅[48;2;36;33;31m[38;2;179;169;157m⠸[48;2;0;0;0m[38;2;180;170;158m⡯[48;2;1;17;21m[38;2;72;194;84m⡈[38;2;72;195;84m⢀[38;2;36;106;52m▂[48;2;1;18;21m[38;2;0;0;0m  [38;2;72;197;84m⠂⡀[38;2;0;0;0m  [38;2;72;197;84m⠁[38;2;0;0;0m [38;2;72;197;84m⠒[38;2;255;228;126m⢰[48;2;4;12;17m⢲⡲[48;2;3;14;18m⡶⣲[48;2;1;18;21m[38;2;0;0;0m [38;2;188;255;255m⢀⡀[38;2;255;255;255m⡶[38;2;233;228;227m⢀[38;2;0;0;0m [38;2;255;255;255m▞[38;2;0;0;0m  [38;2;72;197;84m⢂[38;2;0;0;0m  [38;2;72;197;84m⠄[38;2;0;0;0m [38;2;72;197;84m⠐[38;2;0;0;0m [38;2;72;197;84m⠄⠁⠈⡀[38;2;0;0;0m  [38;2;72;196;84m⢀[48;2;6;31;26m[38;2;18;62;36m▎[48;2;1;17;21m[38;2;72;195;84m⡀[38;2;0;0;0m [38;2;72;193;84m⠠[38;2;72;191;83m⢁[48;2;1;17;20m[38;2;72;190;83m⡀[48;2;1;16;20m[38;2;1;19;29m▇[48;2;1;18;27m[38;2;201;227;0m⢢[48;2;1;17;26m[38;2;199;224;0m⡔[48;2;1;17;24m[38;2;1;18;28m▊[48;2;12;41;28m[38;2;1;17;26m▎[48;2;1;15;18m[38;2;0;0;0m [48;2;1;14;17m[38;2;11;40;27m▊[38;2;64;168;74m⠨[38;2;64;167;73m⠂[48;2;1;13;16m[38;2;1;14;17m▎[38;2;62;162;71m⠠[38;2;0;0;0m [48;2;11;16;17m[38;2;46;118;52m⢀[48;2;16;18;18m[38;2;0;0;0m [48;2;15;15;15m[38;2;255;180;89m⠸[0m
[48;2;15;15;15m[38;2;255;180;89m▌[48;2;17;17;18m[38;2;75;19;49m▌[48;2;112;22;66m[38;2;155;52;58m⎺[48;2;8;8;16m[38;2;143;17;93m▌[48;2;145;17;94m[38;2;191;53;84m⠙[48;2;8;8;17m[38;2;146;17;95m▌[48;2;148;17;96m[38;2;195;54;86m⠙[48;2;9;8;17m[38;2;0;0;0m [38;2;9;8;18m┣[48;2;1;15;18m[38;2;0;0;0m [38;2;68;177;78m⠐[48;2;1;15;19m[38;2;0;0;0m [48;2;1;16;19m [48;2;45;45;45m[38;2;229;226;227m⠸[48;2;0;0;0m[38;2;230;228;229m⠗[38;2;206;199;195m▟[38;2;208;200;196m⡧[38;2;180;169;157m⢀[38;2;180;170;158m⡥[48;2;1;17;21m[38;2;0;0;0m [38;2;72;195;84m⠈[38;2;1;17;21m [48;2;1;18;21m[38;2;72;196;84m⠂[38;2;72;197;84m⠈⠂[38;2;0;0;0m  [38;2;72;197;84m⡀⠁⠈⠠ [38;2;255;228;126m⠸[48;2;4;12;17m⠼[48;2;7;7;13m⣮[48;2;5;10;15m⡧[48;2;3;14;18m⠾[48;2;1;18;21m[38;2;0;0;0m [38;2;188;255;255m⢿[48;2;11;10;21m⡿[48;2;184;173;161m[38;2;255;255;255m▬[48;2;1;18;21m[38;2;233;228;227m⠋[38;2;244;241;241m⠞[38;2;233;228;227m⠄[38;2;72;197;84m⠂[38;2;0;0;0m [38;2;72;197;84m⠂[38;2;0;0;0m   [48;2;7;7;13m [38;2;145;255;255m▗[38;2;201;255;255m▬[38;2;145;255;255m▖[38;2;0;0;0m [48;2;1;18;21m [38;2;72;197;84m⢁⢀⠂[38;2;0;0;0m [48;2;1;17;21m[38;2;1;17;21m▌[38;2;0;0;0m  [38;2;72;193;84m⠄[38;2;72;192;83m⡀[48;2;6;31;25m[38;2;18;60;36m▎[48;2;1;19;29m[38;2;204;230;0m⠼[38;2;0;227;228m⢹[48;2;1;18;28m[38;2;0;225;226m▛[48;2;1;18;27m[38;2;196;221;0m⡹[48;2;1;15;18m[38;2;1;18;27m▎[38;2;66;174;76m⠠[48;2;1;14;17m[38;2;9;35;25m⣷[38;2;0;0;0m [38;2;63;166;73m⠐[48;2;1;13;16m[38;2;16;51;30m⡦[38;2;0;0;0m  [48;2;11;16;17m [48;2;16;18;18m[38;2;34;84;38m⡰[48;2;15;15;15m[38;2;255;180;89m⠸[0m
[48;2;15;15;15m[38;2;255;180;89m▌[48;2;80;21;48m[38;2;111;38;42m⎺[48;2;13;13;15m[38;2;105;18;68m▌[48;2;160;30;89m[38;2;0;0;0m [48;2;6;6;9m[38;2;145;17;94m▌[48;2;146;17;95m[38;2;170;35;90m▜[48;2;6;6;10m[38;2;148;17;96m▌[48;2;9;8;17m[38;2;0;0;0m [38;2;9;8;18m┣[48;2;1;15;18m[38;2;67;174;76m⠈[38;2;67;176;77m⡠[48;2;1;15;19m[38;2;0;0;0m [38;2;1;16;19m⢿[48;2;0;0;0m[38;2;229;226;227m⢨[38;2;230;228;228m⣅[38;2;206;198;194m⢖[38;2;207;200;196m⣦[48;2;35;33;31m[38;2;180;169;157m⠸[48;2;120;113;105m[38;2;181;170;158m▝[48;2;1;17;21m[38;2;72;194;84m⡀[38;2;72;195;84m⠂[48;2;18;62;36m[38;2;1;17;21m [48;2;1;18;21m[38;2;0;0;0m [38;2;88;197;255m⢄⣦⡠[38;2;215;207;203m▗[38;2;0;0;0m [48;2;8;37;27m[38;2;72;197;84m⢀[48;2;1;18;21m⠌⠂[38;2;0;0;0m [38;2;204;91;0m⠠⠟⠧[38;2;0;0;0m   [38;2;233;228;227m⣸[48;2;14;28;32m[38;2;98;93;101m⎺[48;2;1;18;21m[38;2;233;228;227m⣇[38;2;0;0;0m   [38;2;36;107;52m▝[38;2;0;0;0m [38;2;72;197;84m⠌[38;2;0;0;0m [38;2;72;197;84m⠄[48;2;7;7;13m[38;2;145;255;255m⢎[38;2;101;223;222m⢙[48;2;184;0;255m[38;2;185;255;255m⠟[48;2;1;18;21m[38;2;101;223;222m⡋[48;2;2;15;19m[38;2;145;255;255m⢱[48;2;1;18;21m[38;2;0;0;0m   [38;2;72;197;84m⠐[38;2;72;196;84m⠁[48;2;1;17;21m[38;2;1;18;21m▎[38;2;0;0;0m [38;2;72;194;84m⠈[38;2;0;0;0m [38;2;72;191;83m⢀[48;2;1;17;20m[38;2;1;17;20m▎[48;2;1;19;29m[38;2;137;246;218m⢀[48;2;68;131;122m▎[48;2;1;18;28m[38;2;133;240;213m▝[48;2;1;18;27m[38;2;132;237;210m⣢[48;2;1;15;18m[38;2;1;18;27m▎[38;2;0;0;0m [48;2;1;14;17m[38;2;20;62;35m▊[38;2;65;170;74m⠅[38;2;0;0;0m [48;2;11;38;25m[38;2;1;14;17m▎[48;2;1;13;16m[38;2;62;162;71m⠠[38;2;62;161;70m⠈[48;2;11;16;17m[38;2;46;118;52m⡠[48;2;16;18;18m[38;2;0;0;0m [48;2;15;15;15m[38;2;255;180;89m⠸[0m
[48;2;15;15;15m[38;2;255;180;89m▌[48;2;16;16;17m[38;2;96;68;42m⢶[48;2;12;12;14m[38;2;134;95;58m▆[48;2;4;4;8m[38;2;0;0;0m [48;2;112;80;51m[38;2;186;132;80m⢰[48;2;4;4;8m[38;2;187;133;80m▆[38;2;8;8;17m⠸[48;2;9;8;17m[38;2;0;0;0m [38;2;9;8;18m⢹[48;2;1;14;18m[38;2;1;15;18m⢿[48;2;1;15;18m[38;2;0;0;0m [38;2;68;177;78m⠂[48;2;1;15;19m[38;2;1;16;19m┣[48;2;0;0;0m[38;2;228;226;226m⠸[38;2;230;227;228m⠏[38;2;205;198;194m⢶[38;2;207;200;196m⣦[38;2;179;169;157m⢘[38;2;180;170;157m⣫[48;2;1;17;21m[38;2;72;194;84m⢀[38;2;72;195;84m⠈[38;2;72;196;84m⠂[48;2;1;18;21m[38;2;0;0;0m [38;2;255;0;255m⡠[38;2;255;199;94m⣭[38;2;255;0;255m⡤[38;2;202;0;183m⠤[38;2;255;199;94m⠄[48;2;14;51;32m[38;2;0;0;0m [48;2;1;18;21m[38;2;72;197;84m⠈⡀⠁[38;2;0;0;0m [38;2;204;91;0m⠰[38;2;255;199;94m⡶[38;2;211;70;69m▂[38;2;0;0;0m [38;2;255;82;92m⠏⠅⡥⠅⡖⡂⠏⠅⡥⠅⡖⡂[48;2;7;7;13m[38;2;76;228;227m⢀▟[48;2;185;255;255m[38;2;0;0;0m [48;2;1;18;21m[38;2;76;228;227m▙⡀[48;2;48;30;34m[38;2;0;0;0m [48;2;1;18;21m[38;2;255;82;92m⠏⠅⡥[48;2;1;17;21m⠅⡖⡂⠏[38;2;254;82;92m⠅[38;2;252;82;92m⡥[48;2;1;17;20m[38;2;250;82;92m⠅[48;2;1;16;20m[38;2;247;81;91m⡖[38;2;245;81;90m⡂[48;2;1;16;19m[38;2;241;80;89m⠏[48;2;1;15;19m[38;2;119;47;53m▌[48;2;234;77;86m[38;2;1;15;18m⢚[48;2;1;14;18m[38;2;231;77;85m⠅[48;2;1;14;17m[38;2;227;75;84m⡖[38;2;224;74;83m⡂[38;2;220;73;81m⠏[48;2;1;13;16m[38;2;218;73;81m⠅[38;2;215;71;79m⡥[38;2;213;71;79m⠅[48;2;11;16;17m[38;2;156;52;58m⡖[48;2;16;18;18m[38;2;112;39;42m⡂[48;2;15;15;15m[38;2;255;180;89m⠸[0m
[48;2;15;15;15m[38;2;255;180;89m▌[48;2;17;17;18m[38;2;111;85;42m▙[48;2;14;14;17m[38;2;155;118;58m⣜[48;2;8;8;16m[38;2;0;0;0m [48;2;213;163;80m[38;2;213;164;80m▝[48;2;214;165;81m[38;2;215;166;81m⢹[48;2;8;8;17m[38;2;0;0;0m [38;2;9;8;17m▜[48;2;9;8;17m▝[48;2;1;14;17m[38;2;1;15;18m⢹[48;2;1;15;18m[38;2;0;0;0m [38;2;31;90;46m⢽[48;2;1;15;19m[38;2;1;16;19m⠸[48;2;0;0;0m[38;2;227;225;226m⢘[38;2;229;226;227m⡗[48;2;205;197;193m[38;2;0;0;0m⠄[48;2;0;0;0m[38;2;206;199;195m⠗[38;2;179;168;156m⢰[38;2;179;169;157m⣌[48;2;1;17;21m[38;2;72;194;84m⠈[38;2;0;0;0m [38;2;72;195;84m⠌[38;2;54;55;36m▜[48;2;1;18;21m[38;2;201;0;182m⣠[48;2;201;0;183m[38;2;255;0;255m▜[48;2;1;18;21m[38;2;202;0;183m⣦[48;2;43;41;40m[38;2;215;207;202m⠸[48;2;1;18;21m[38;2;0;0;0m    [38;2;72;197;84m⡀[38;2;204;91;0m⠎[48;2;0;0;0m[38;2;211;70;69m⣖⠞[48;2;1;18;21m[38;2;204;91;0m⠐[38;2;255;199;94m⠁[38;2;255;82;92m⠏⠅⡥⠅⡖⡂⠏⠅⡥⠅⡖⡂⠏⠅⡥⠅⡖⡂⠏⠅⡥[48;2;1;17;21m⠅⡖⡂⠏[38;2;254;82;92m⠅[48;2;251;82;92m[38;2;1;17;20m⢚[48;2;1;16;20m[38;2;249;82;91m⠅[38;2;246;81;90m⡖[48;2;1;16;19m[38;2;78;36;42m▊[38;2;240;79;88m⠏[48;2;1;15;19m[38;2;237;78;87m⠅[48;2;1;15;18m[38;2;233;77;86m⡥[48;2;1;14;18m[38;2;80;36;41m▊[48;2;1;14;17m[38;2;226;75;83m⡖[38;2;223;74;82m⡂[38;2;220;73;81m⠏[48;2;1;13;16m[38;2;109;42;48m▌[38;2;214;71;79m⡥[38;2;212;71;79m⠅[48;2;11;16;17m[38;2;155;52;58m⡖[48;2;16;18;18m[38;2;111;39;42m⡂[48;2;15;15;15m[38;2;255;180;89m⠸[0m
[48;2;15;15;15m[38;2;255;180;89m▌[48;2;111;85;42m[38;2;111;85;43m⢹[48;2;154;118;58m[38;2;155;119;58m⢹[48;2;8;8;16m[38;2;0;0;0m [48;2;212;163;80m[38;2;213;163;80m▜[48;2;8;8;16m[38;2;214;165;81m▛[48;2;8;8;17m[38;2;0;0;0m [38;2;9;8;17m⠸[48;2;9;8;17m[38;2;0;0;0m [48;2;1;14;17m[38;2;17;53;32m⠹[48;2;1;14;18m[38;2;1;15;18m⢿[48;2;1;15;18m[38;2;23;68;38m⡘[48;2;1;15;19m[38;2;68;178;78m⠄[48;2;0;0;0m[38;2;226;223;224m⢘[38;2;228;226;226m⢋[38;2;203;196;192m⣴[38;2;205;198;194m⡂[38;2;178;168;155m⠻[38;2;179;169;156m⠗[48;2;1;17;21m[38;2;0;0;0m [38;2;72;194;84m⠐[38;2;72;195;84m⡀[38;2;0;0;0m [38;2;11;44;30m⢿[48;2;1;18;21m[38;2;72;197;84m⠠[38;2;0;0;0m  [38;2;72;197;84m⠈[38;2;0;0;0m  [38;2;72;197;84m⢀[38;2;0;0;0m  [38;2;134;129;249m⣇⠈⣆[38;2;0;0;0m [38;2;255;82;92m⠏⠅⡥⠅⡖⡂⠏⠅⡥⠅⡖⡂⠏⠅⡥⠅⡖⡂⠏⠅[48;2;1;17;21m⡥⠅⡖⡂[38;2;254;82;92m⠏[38;2;253;82;92m⠅[48;2;1;17;20m[38;2;250;82;91m⡥[48;2;1;16;20m[38;2;248;81;91m⠅[38;2;245;81;90m⡖[48;2;1;16;19m[38;2;121;48;54m▌[48;2;1;15;19m[38;2;239;79;88m⠏[48;2;1;15;18m[38;2;236;78;87m⠅[38;2;231;76;85m⡥[48;2;1;14;18m[38;2;115;45;51m▌[48;2;1;14;17m[38;2;224;74;83m⡖[38;2;222;74;82m⡂[48;2;219;73;81m[38;2;1;13;17m⣰[48;2;1;13;16m[38;2;216;72;80m⠅[38;2;213;71;79m⡥[38;2;212;71;79m⠅[48;2;11;16;17m[38;2;155;52;58m⡖[48;2;16;18;18m[38;2;111;38;42m⡂[48;2;15;15;15m[38;2;255;180;89m⠸[0m
[48;2;15;15;15m[38;2;255;180;89m▌[48;2;17;17;18m[38;2;110;84;42m▆[48;2;107;83;44m[38;2;154;118;58m⠰[48;2;120;93;51m[38;2;210;162;79m⢰[48;2;115;89;49m[38;2;212;163;80m⢰[48;2;8;8;16m[38;2;213;164;80m▆[38;2;8;8;17m⢿[48;2;8;8;17m[38;2;0;0;0m [38;2;9;8;17m⢿[48;2;1;14;17m[38;2;0;0;0m [38;2;1;14;18m▝[48;2;1;15;18m[38;2;67;175;76m⠢[38;2;10;37;27m⣻[48;2;44;44;44m[38;2;224;222;223m⠸[48;2;0;0;0m[38;2;226;223;224m⡥[38;2;202;195;191m⠳[38;2;204;197;193m▘[38;2;176;166;154m⢶[38;2;178;168;155m⠴[48;2;1;17;21m[38;2;72;192;83m⢀[38;2;0;0;0m [38;2;72;195;84m⠐⠠[38;2;0;0;0m [38;2;14;51;33m⠻[48;2;1;18;21m[38;2;72;197;84m⠈[48;2;11;10;21m[38;2;122;255;111m⢀⣴▬⢎▆⣴⣦▂⡀[48;2;1;18;21m[38;2;11;10;21m▌[38;2;72;197;84m⠠[38;2;0;0;0m  [38;2;72;197;84m⠠⠈[38;2;0;0;0m   [38;2;72;197;84m⠊⠂⢢[38;2;0;0;0m  [38;2;255;82;92m⠏⠅⡥⠅⠏⠅[48;2;1;17;21m[38;2;72;196;84m⠈[38;2;15;55;34m⠟[38;2;72;196;84m⠈[38;2;72;195;84m⠄[38;2;0;0;0m [38;2;72;194;84m⠂[38;2;72;191;83m⢀[48;2;1;17;20m[38;2;16;55;34m⠗[48;2;1;16;20m[38;2;13;48;31m▛[38;2;0;0;0m [48;2;1;16;19m[38;2;11;41;29m⡯[38;2;0;0;0m [48;2;1;15;19m[38;2;23;70;38m⠣[48;2;1;15;18m[38;2;15;51;31m▌[48;2;1;14;18m[38;2;10;38;26m▛[48;2;1;14;17m[38;2;1;14;18m▊[38;2;0;0;0m [38;2;63;166;72m⠠[48;2;1;13;16m[38;2;12;42;27m▊[38;2;62;163;71m⠈[38;2;62;161;70m⠐[38;2;0;0;0m [48;2;11;16;17m [48;2;16;18;18m [48;2;15;15;15m[38;2;255;180;89m⠸[0m
[48;2;15;15;15m[38;2;255;180;89m▌[48;2;110;84;42m[38;2;110;84;42m⠸[48;2;14;14;17m[38;2;154;118;58m▌[48;2;8;8;16m[38;2;0;0;0m [48;2;210;162;79m[38;2;211;162;79m▝[48;2;212;163;80m[38;2;213;163;80m▜[48;2;8;8;16m[38;2;8;8;16m⠸[48;2;8;8;17m[38;2;0;0;0m [38;2;8;8;17m⠸[48;2;1;14;17m[38;2;64;169;74m⠐[38;2;1;14;18m▝[48;2;1;14;18m[38;2;23;69;38m⠽[48;2;1;15;18m[38;2;1;15;18m⠈[48;2;0;0;0m[38;2;221;219;220m⢰[38;2;224;221;222m⣟[38;2;200;193;189m▟[38;2;203;196;192m⢘[38;2;174;165;153m⢀[38;2;176;166;154m⡥[48;2;1;17;20m[38;2;1;17;20m⠹[48;2;1;17;21m[38;2;72;191;83m⡀[38;2;72;193;84m⠁[38;2;72;194;84m⢀[38;2;72;195;84m⠑[38;2;72;196;84m⠈[38;2;0;192;0m⢰[48;2;2;193;5m[38;2;122;255;111m⠋[48;2;11;10;21m[38;2;0;255;0m▄⡻[38;2;122;255;111m⢧⡻[38;2;61;255;55m⢜[48;2;9;34;18m[38;2;0;255;0m⣋[48;2;22;34;30m[38;2;122;255;111m▛[48;2;11;10;21m[38;2;0;255;0m⡸[38;2;122;255;111m⢇[48;2;2;16;21m[38;2;72;197;84m⠊[48;2;1;18;21m[38;2;0;0;0m  [38;2;72;197;84m⠠⠐[38;2;0;0;0m       [38;2;72;197;84m⠈[38;2;255;82;92m⠏⠅⡥⠅[48;2;1;17;21m⠏[38;2;102;43;49m⠟[38;2;72;196;84m⠈[38;2;72;195;84m⡀[38;2;72;194;84m⣅[38;2;0;0;0m [38;2;72;193;83m⠈[48;2;1;17;20m[38;2;1;17;21m⡿[38;2;15;51;33m⠟[48;2;1;16;20m[38;2;1;17;20m▛[38;2;70;187;81m⠄[48;2;1;16;19m[38;2;11;42;29m▛[38;2;69;182;79m⠐[48;2;1;15;19m[38;2;1;16;19m▛[48;2;1;15;18m[38;2;1;15;19m▛[48;2;1;14;18m[38;2;66;175;76m⡀[48;2;1;14;17m[38;2;1;14;18m▘[38;2;64;170;74m⠆[38;2;63;167;73m⠐[48;2;1;13;16m[38;2;1;14;17m▛[38;2;62;163;71m⡐[38;2;62;162;71m⠈[38;2;0;0;0m [38;2;61;159;69m⡈[48;2;11;16;17m[38;2;0;0;0m [48;2;16;18;18m [48;2;15;15;15m[38;2;255;180;89m⠸[0m
[48;2;15;15;15m[38;2;255;180;89m▌[48;2;110;84;42m[38;2;0;0;0m [48;2;110;85;45m[38;2;154;118;58m⢱[48;2;8;8;16m[38;2;208;160;78m▆[48;2;209;161;79m[38;2;210;162;79m▝[48;2;143;110;58m[38;2;212;163;80m▝[48;2;8;8;16m[38;2;0;0;0m [38;2;8;8;17m▜[48;2;8;8;17m[38;2;0;0;0m [48;2;1;14;17m[38;2;63;167;73m⢀[38;2;0;0;0m [38;2;1;14;18m▜[48;2;1;14;18m[38;2;1;15;18m▜[48;2;0;0;0m[38;2;219;216;217m⢨[38;2;221;218;219m⡰[38;2;224;221;222m⠷[38;2;209;204;201m⠱[38;2;202;194;190m⡶[38;2;203;196;191m▖[38;2;176;166;154m⣉[38;2;177;167;155m⢴[48;2;1;17;20m[38;2;1;17;21m⢿[48;2;1;17;21m[38;2;72;192;83m⠠[38;2;0;0;0m [48;2;9;39;28m [48;2;1;17;21m [48;2;11;10;21m[38;2;0;255;0m⢹⠟[38;2;0;192;0m⣵[38;2;0;255;0m⡾⣬⢺⡱[48;2;0;193;0m▜[48;2;11;10;21m[38;2;0;193;0m⣷[38;2;0;255;0m⢾[48;2;0;65;16m[38;2;11;10;21m⡅[48;2;1;18;21m[38;2;0;0;0m [38;2;72;197;84m⠄⠂[38;2;0;0;0m [48;2;0;0;0m[38;2;203;91;0m⠰[38;2;249;199;110m⡦[38;2;0;0;0m [48;2;0;17;20m[38;2;175;73;12m⣄[48;2;1;18;21m[38;2;0;0;0m [38;2;72;197;84m⠐[38;2;0;0;0m [38;2;72;197;84m⠂[38;2;255;82;92m⠏⠅[48;2;1;17;21m⡥⠅⠏⠅[38;2;72;195;84m⠈[38;2;72;194;84m⠐[38;2;10;10;21m▂▂[48;2;4;14;20m[38;2;72;191;83m⠰[48;2;2;15;20m[38;2;1;17;20m▘[48;2;1;16;20m⠏[38;2;10;9;20m▂[48;2;2;15;19m[38;2;2;15;20m▛[48;2;1;16;19m[38;2;68;181;79m⢐[48;2;1;15;19m[38;2;9;9;19m▂[48;2;4;12;18m[38;2;14;43;29m▛[48;2;1;15;18m[38;2;66;175;76m⡀[48;2;1;14;17m[38;2;1;15;18m▘[48;2;3;12;17m[38;2;18;51;31m⡣[48;2;1;14;17m[38;2;9;8;17m▂[48;2;1;13;17m[38;2;8;8;17m▂[48;2;1;13;16m[38;2;22;62;35m⣉[38;2;61;161;70m⢀[38;2;0;0;0m [38;2;61;160;70m⠄[38;2;60;158;69m⠠[48;2;11;16;17m[38;2;45;116;51m⠠[48;2;16;18;18m[38;2;34;83;38m⠈[48;2;15;15;15m[38;2;255;180;89m⠸[0m
[48;2;15;15;15m[38;2;255;180;89m▌[48;2;16;18;18m[38;2;34;83;38m⠠[48;2;11;16;17m[38;2;45;116;51m⠈[48;2;1;12;15m[38;2;11;38;25m▜[48;2;1;13;16m[38;2;60;158;69m⡐[38;2;0;0;0m  [38;2;34;42;13m▟[48;2;8;8;16m[38;2;170;214;0m⡰[48;2;5;10;17m[38;2;172;216;0m⣲[38;2;174;219;0m⡰[48;2;9;8;17m[38;2;176;221;0m⢆[38;2;5;11;17m⢹[48;2;1;14;18m[38;2;1;15;18m⠹[48;2;1;15;18m⠈[48;2;0;0;0m[38;2;221;218;219m⣻[38;2;204;198;195m⢚[38;2;227;224;225m⠸[38;2;228;225;226m⢳[38;2;203;195;191m⡡[38;2;204;197;193m⡶[38;2;176;166;154m⠱[38;2;177;167;155m⢢[48;2;1;17;20m[38;2;11;42;30m⢿[48;2;1;17;21m[38;2;72;192;83m⠠[38;2;72;194;84m⠈[48;2;10;10;21m[38;2;10;10;21m⠙[38;2;0;254;0m⠟[38;2;200;90;0m⢱[48;2;11;10;21m[38;2;177;80;2m▟[38;2;0;192;0m⠙[38;2;201;90;0m⡧⢎[48;2;39;22;17m[38;2;202;90;0m⠸[48;2;11;10;21m[38;2;0;255;0m⠙⠁[48;2;1;17;21m[38;2;11;10;21m▌[38;2;15;53;33m⠻[38;2;24;77;42m⠋[38;2;15;53;33m⡛[48;2;0;0;0m[38;2;82;201;72m⡔[48;2;45;111;40m[38;2;82;202;72m⠓[48;2;47;116;41m⠚[48;2;0;0;0m[38;2;82;201;72m⠢[38;2;175;72;12m▌[48;2;1;17;21m[38;2;82;43;16m▛[38;2;1;17;21m⠋[38;2;18;62;36m⢋[38;2;36;106;52m⢁[38;2;255;82;92m⠏⠅⡥[38;2;128;50;56m⣅[38;2;255;82;92m⠏⠅[48;2;10;10;21m[38;2;93;11;80m▌[48;2;93;11;80m[38;2;199;58;88m⣁[48;2;10;10;20m[38;2;92;11;79m▌[48;2;92;11;79m[38;2;155;39;83m⣋[48;2;10;10;20m[38;2;91;11;78m▌[48;2;91;11;78m[38;2;245;80;90m▂[48;2;10;9;19m[38;2;90;11;77m▌[48;2;89;11;76m[38;2;190;56;84m⣁[48;2;9;9;19m[38;2;88;11;75m▌[48;2;87;11;74m[38;2;235;77;86m▂[48;2;9;9;18m[38;2;85;11;73m▌[48;2;84;11;72m[38;2;137;34;77m⣋[48;2;9;8;18m[38;2;83;11;71m▌[48;2;82;11;70m[38;2;153;42;76m⣃[48;2;8;8;17m[38;2;81;11;69m▌[48;2;79;11;68m[38;2;128;32;73m⣏[48;2;8;8;17m[38;2;79;11;67m▌[48;2;78;11;67m[38;2;168;51;75m⣁[48;2;1;13;16m[38;2;0;0;0m [38;2;61;160;70m⠁[38;2;0;0;0m [48;2;1;13;15m[38;2;10;36;24m▛[48;2;11;16;17m[38;2;45;116;51m⠂[48;2;16;18;18m[38;2;0;0;0m [48;2;15;15;15m[38;2;255;180;89m⠸[0m
[48;2;15;15;15m[38;2;255;180;89m▌[48;2;16;18;18m[38;2;0;0;0m [48;2;11;16;17m[38;2;45;115;51m⢂[48;2;1;12;15m[38;2;1;12;15m⠈[38;2;11;38;25m▜[48;2;1;13;16m[38;2;0;0;0m  [48;2;8;8;16m[38;2;138;184;0m⢇[38;2;134;181;0m⣸[48;2;151;197;0m[38;2;8;8;16m⠤[48;2;153;199;0m[38;2;8;8;17m⡠[48;2;154;201;0m⢄[48;2;1;14;17m[38;2;9;8;17m▌[38;2;1;14;17m⠙[38;2;22;67;37m⠙[48;2;1;14;18m[38;2;66;173;76m⠄[48;2;1;15;18m[38;2;1;15;19m⠹[48;2;0;0;0m[38;2;223;220;221m⠸[38;2;225;222;223m⠹[38;2;199;192;188m⢢[38;2;201;194;190m⡉[38;2;173;164;152m⠾[38;2;174;164;152m▗[48;2;1;1;3m[38;2;175;165;153m⢄[48;2;0;0;0m[38;2;194;186;179m⣓[48;2;1;17;20m[38;2;1;17;20m⠙[48;2;60;29;10m[38;2;10;10;21m⠻[48;2;10;10;20m[38;2;111;49;0m⠄[48;2;24;15;17m╸[48;2;10;10;21m[38;2;198;89;0m⣸[38;2;199;89;0m▜⡼[38;2;74;36;14m⠙[38;2;11;10;21m⠋[38;2;27;16;17m▛[38;2;11;10;21m⠻[48;2;6;12;21m[38;2;47;24;13m⠷[48;2;1;17;21m[38;2;72;194;84m⠠[38;2;0;0;0m  [48;2;0;0;0m[38;2;199;64;59m⢀▌⢹⡀[48;2;1;17;21m[38;2;159;67;12m⠋[38;2;0;0;0m [38;2;72;194;84m⠄[38;2;0;0;0m [38;2;72;193;84m⡀[38;2;255;82;92m⠏[38;2;254;82;92m⠅[38;2;253;82;92m⡥[38;2;169;60;68m⠍[48;2;1;17;20m[38;2;254;82;92m⠏[38;2;127;49;56m⣅[48;2;182;26;108m[38;2;252;82;92m⎺[48;2;10;10;20m[38;2;170;17;110m▌[48;2;249;82;91m[38;2;168;17;109m▆[48;2;10;9;20m▌[48;2;246;80;90m[38;2;166;17;107m▆[48;2;9;9;19m[38;2;165;17;107m▌[48;2;242;79;88m[38;2;163;17;105m▆[48;2;9;9;19m[38;2;162;17;105m▌[48;2;236;78;87m[38;2;159;17;103m▆[48;2;9;9;18m[38;2;158;17;102m▌[48;2;166;25;98m[38;2;231;76;85m⎺[48;2;9;8;17m[38;2;154;17;100m▌[48;2;225;74;83m[38;2;152;17;98m▆[48;2;8;8;17m[38;2;150;17;97m▌[48;2;148;17;96m[38;2;196;54;86m⠋[48;2;8;8;16m[38;2;147;17;95m▌[48;2;145;17;93m[38;2;180;44;87m⠏[48;2;153;24;91m[38;2;213;71;79m⎺[48;2;1;13;16m[38;2;61;159;70m⠰[38;2;0;0;0m [48;2;1;13;15m[38;2;10;35;24m▛[48;2;1;12;15m[38;2;1;13;15m▛[48;2;11;16;17m[38;2;0;0;0m [48;2;16;18;18m [48;2;15;15;15m[38;2;255;180;89m⠸[0m
[48;2;15;15;15m[38;2;255;180;89m▌[48;2;16;18;18m[38;2;34;82;38m⢄[48;2;11;16;17m[38;2;0;0;0m [48;2;1;12;15m [38;2;30;84;42m⡈[38;2;1;13;16m⠹[48;2;1;13;16m[38;2;60;158;69m⠄[48;2;38;81;27m[38;2;38;52;11m⣨[48;2;8;8;16m[38;2;110;158;0m⢫[48;2;28;38;12m[38;2;111;160;0m⠋[48;2;8;8;17m[38;2;111;161;0m⣮[38;2;112;162;0m⡅[48;2;16;51;30m[38;2;8;8;17m▌[48;2;1;14;17m[38;2;0;0;0m  [38;2;12;42;28m▜[38;2;1;15;18m⠙[48;2;1;14;18m[38;2;67;176;77m⠐[48;2;1;15;18m[38;2;23;69;38m⠙[48;2;9;9;19m[38;2;167;157;146m⡏[38;2;169;159;148m⠑[48;2;0;0;0m[38;2;226;224;224m⠸[38;2;227;224;225m⢳[38;2;201;194;190m⡡[38;2;198;190;185m⡶[48;2;5;5;4m[38;2;0;0;0m [48;2;0;0;0m[38;2;175;165;153m⢢[48;2;10;10;20m[38;2;193;87;0m⢀[48;2;89;43;11m[38;2;10;10;20m⠈[48;2;195;88;0m⠔[48;2;196;88;0m⠠[48;2;10;10;20m[38;2;197;88;0m⠳[48;2;10;10;21m[38;2;195;88;0m⣄[38;2;103;49;10m▂[48;2;55;27;11m[38;2;10;10;21m⠾[48;2;10;10;20m[38;2;111;49;0m⠐[48;2;1;17;20m[38;2;10;10;21m⠟[48;2;1;17;21m[38;2;72;191;83m⢀[38;2;0;0;0m [38;2;72;192;84m⠄[38;2;0;0;0m [38;2;72;193;84m⠂[38;2;72;192;83m⢈[38;2;0;0;0m [38;2;72;191;83m⡀[48;2;1;17;20m⠰[38;2;1;17;21m⡿⠟[38;2;15;51;33m⠟[38;2;252;82;92m⠏[38;2;126;49;56m⠏[38;2;249;82;91m⡥[48;2;1;16;20m[38;2;250;82;91m⠅[38;2;249;82;91m⠏[38;2;125;49;56m⠝[48;2;10;10;20m[38;2;174;17;112m▌[48;2;181;26;107m[38;2;246;81;90m⎺[48;2;10;9;19m[38;2;166;17;107m▌[48;2;243;80;89m[38;2;164;17;106m▆[48;2;163;17;106m[38;2;9;9;19m⠸[48;2;181;25;107m[38;2;239;78;87m⎺[48;2;170;17;109m[38;2;9;9;19m⠸[48;2;239;78;87m[38;2;167;17;108m▆[48;2;9;9;18m[38;2;164;17;106m▌[48;2;165;25;97m[38;2;229;75;84m⎺[48;2;153;17;99m[38;2;9;8;17m⠸[48;2;149;17;97m[38;2;174;35;93m▛[48;2;8;8;17m[38;2;150;17;97m▌[48;2;146;17;95m[38;2;170;34;91m▛[48;2;8;8;16m[38;2;146;17;95m▌[48;2;154;24;91m[38;2;214;71;79m⎺[48;2;8;8;16m[38;2;144;17;93m▌[48;2;165;35;87m[38;2;143;17;92m⠆[48;2;1;13;16m[38;2;0;0;0m [48;2;1;13;15m[38;2;1;13;16m▛[48;2;1;12;15m[38;2;12;41;25m⠟[38;2;0;0;0m [48;2;11;16;17m[38;2;45;115;51m⠂[48;2;16;18;18m[38;2;0;0;0m [48;2;15;15;15m[38;2;255;180;89m⠸[0m
[48;2;15;15;15m[38;2;255;180;89m▌[48;2;17;17;18m[38;2;40;17;36m▌[48;2;55;15;47m[38;2;151;51;56m▂[48;2;8;8;16m[38;2;75;11;64m▌[48;2;75;11;64m[38;2;206;69;76m▂[48;2;8;8;16m[38;2;75;11;64m▌[48;2;75;11;64m[38;2;134;36;70m⣙[48;2;8;8;16m[38;2;75;11;65m▌[48;2;76;11;65m[38;2;209;70;78m▂[48;2;8;8;16m[38;2;76;11;65m▌[48;2;77;11;66m[38;2;211;71;78m▂[48;2;8;8;16m[38;2;77;11;66m▌[48;2;78;11;67m[38;2;139;37;73m⣙[48;2;8;8;17m[38;2;79;11;67m▌[48;2;79;11;68m[38;2;128;32;73m⣙[48;2;8;8;17m[38;2;80;11;69m▌[48;2;81;11;69m[38;2;125;30;73m⣻[48;2;82;11;70m[38;2;9;8;17m⠸[48;2;83;11;71m[38;2;133;33;76m⣉[48;2;1;14;18m[38;2;1;15;18m⠻[48;2;1;15;18m⠙[48;2;0;0;0m[38;2;221;218;219m⠸[38;2;223;220;221m⠹[48;2;44;43;44m[38;2;224;222;222m⠸[48;2;0;0;0m[38;2;224;221;222m⡥[38;2;200;193;189m⠳[38;2;201;194;190m▘[38;2;171;162;150m⢶[38;2;172;163;151m⠴[48;2;1;16;19m[38;2;11;42;29m⢿[38;2;36;101;51m▘[48;2;1;16;20m[38;2;1;17;20m⎺[38;2;24;74;40m⠙[38;2;1;16;20m⠋[38;2;1;17;20m⠋⠋⠻[38;2;15;51;32m⠟[48;2;10;10;20m[38;2;119;246;109m⢀[48;2;119;247;109m[38;2;10;10;20m⎺[48;2;10;10;20m[38;2;119;248;110m▬⢎[38;2;119;247;109m⣦[48;2;119;247;109m[38;2;10;10;20m⎺[48;2;10;10;20m[38;2;118;246;109m⣦[38;2;118;245;109m▂⡀[48;2;1;16;20m[38;2;24;74;41m⠋[38;2;1;16;20m⠋[38;2;247;82;91m⠏[48;2;1;16;19m[38;2;246;81;91m⠅[38;2;244;81;90m⡥[38;2;89;39;45m⠟[38;2;244;80;90m⠏[38;2;162;59;66m⠍[48;2;245;80;89m[38;2;163;17;105m▆[48;2;166;17;108m[38;2;10;9;20m⠸[48;2;245;79;89m[38;2;173;17;112m▆[48;2;9;9;19m[38;2;168;17;109m▌[48;2;182;26;107m[38;2;254;81;91m⎺[48;2;9;9;18m[38;2;163;17;105m▌[48;2;166;25;98m[38;2;231;76;85m⎺[48;2;155;17;100m[38;2;9;8;18m⠸[48;2;226;75;83m[38;2;152;17;98m▆[48;2;9;8;17m[38;2;151;17;98m▌[48;2;159;25;94m[38;2;222;73;82m⎺[48;2;8;8;17m[38;2;148;17;96m▌[48;2;146;17;94m[38;2;172;37;89m⠟[48;2;8;8;16m[38;2;146;17;94m▌[48;2;154;24;91m[38;2;214;71;79m⎺[48;2;8;8;16m[38;2;143;17;93m▌[48;2;142;17;92m[38;2;170;38;86m⠟[48;2;141;17;91m[38;2;165;35;87m▛[48;2;1;12;15m[38;2;1;13;16m⠏[38;2;1;12;15m▘[38;2;60;156;69m⠈[38;2;60;156;68m⡀[48;2;11;16;17m[38;2;45;115;51m⢀[48;2;16;18;18m[38;2;34;82;38m⠢[48;2;15;15;15m[38;2;255;180;89m⠸[0m
[48;2;15;15;15m[38;2;255;180;89m▌[48;2;78;21;47m[38;2;109;38;41m⎺[48;2;14;14;17m[38;2;102;18;66m▌[48;2;148;24;88m[38;2;205;69;76m⎺[48;2;8;8;16m[38;2;139;17;90m▌[48;2;149;24;88m[38;2;206;69;77m⎺[48;2;8;8;16m[38;2;140;17;90m▌[48;2;140;17;91m[38;2;174;43;84m⠹[48;2;8;8;16m[38;2;141;17;91m▌[48;2;141;17;91m[38;2;166;36;86m⠻[48;2;8;8;16m[38;2;142;17;92m▌[48;2;170;38;86m[38;2;143;17;93m⠲[48;2;8;8;16m[38;2;144;17;93m▌[48;2;144;17;93m[38;2;192;53;84m⠙[48;2;8;8;16m[38;2;146;17;94m▌[48;2;146;17;95m[38;2;195;54;86m⠙[48;2;8;8;17m[38;2;148;17;96m▌[48;2;222;74;82m[38;2;149;17;96m▆[48;2;9;8;17m[38;2;150;17;97m▌[48;2;1;14;17m[38;2;1;14;18m⠈[38;2;13;45;29m⠻[38;2;1;14;18m⠙[48;2;1;14;18m[38;2;27;79;41m⠻[48;2;0;0;0m[38;2;217;214;215m⢰[38;2;218;216;217m⣟[38;2;194;187;183m⢼[38;2;195;188;184m⢞[38;2;167;158;147m⢈⡥[48;2;1;15;19m[38;2;13;47;30m⠻[38;2;13;45;29m⠻[38;2;69;180;79m⢀[38;2;0;0;0m [38;2;24;71;40m⠩[48;2;1;16;19m[38;2;24;72;40m⠋[38;2;1;16;19m⠙[38;2;1;16;20m⠋[48;2;29;102;33m[38;2;46;87;49m⠋[48;2;67;241;62m[38;2;10;9;19m⠠[48;2;10;9;20m[38;2;0;239;0m▄[48;2;10;9;19m[38;2;78;242;72m⡻[48;2;47;241;43m[38;2;10;9;19m⡘[48;2;23;240;21m[38;2;117;244;108m⠋[48;2;10;9;19m[38;2;58;241;54m⢜⡣[48;2;117;243;107m[38;2;0;238;0m▄[48;2;10;9;19m[38;2;58;240;53m⡸[48;2;3;14;19m⢇[48;2;1;15;19m[38;2;0;0;0m [38;2;241;80;89m⠏[38;2;80;37;42m⠟[38;2;237;79;88m⡥[38;2;95;41;46m⠟[48;2;1;15;18m[38;2;237;78;87m⠏[38;2;79;36;41m⠟[48;2;159;17;103m[38;2;9;9;18m⠸[48;2;235;77;86m[38;2;157;17;102m▆[48;2;9;9;18m▌[48;2;239;78;87m[38;2;155;17;100m▆[48;2;155;17;100m[38;2;9;8;18m⠸[48;2;163;25;96m[38;2;227;75;84m⎺[48;2;9;8;17m[38;2;152;17;98m▌[48;2;149;17;96m[38;2;180;39;91m⠟[48;2;8;8;17m[38;2;149;17;97m▌[48;2;146;17;95m[38;2;172;35;91m⠟[48;2;8;8;16m[38;2;147;17;95m▌[48;2;155;24;92m[38;2;216;71;79m⎺[48;2;8;8;16m[38;2;145;17;93m▌[48;2;143;17;92m[38;2;171;38;87m⠟[48;2;8;8;16m[38;2;143;17;92m▌[48;2;151;24;89m[38;2;210;70;78m⎺[48;2;8;8;16m[38;2;141;17;91m▌[48;2;140;17;91m[38;2;165;35;85m⠟[48;2;1;12;15m[38;2;1;12;15m⠁[38;2;0;0;0m [38;2;60;156;68m⠠⠁[48;2;11;16;17m[38;2;0;0;0m [48;2;16;18;18m [48;2;15;15;15m[38;2;255;180;89m⠸[0m
[48;2;15;15;15m[38;2;255;180;89m▌[48;2;17;17;18m[38;2;73;19;48m▌[48;2;109;22;64m[38;2;151;51;56m⎺[48;2;8;8;15m[38;2;139;17;90m▌[48;2;148;24;88m[38;2;205;69;76m⎺[48;2;8;8;15m[38;2;139;17;90m▌[48;2;148;24;88m[38;2;206;69;77m⎺[48;2;8;8;16m[38;2;139;17;90m▌[48;2;149;24;88m[38;2;207;69;77m⎺[48;2;8;8;16m[38;2;140;17;91m▌[48;2;150;24;89m[38;2;208;69;77m⎺[48;2;8;8;16m[38;2;141;17;91m▌[48;2;142;17;92m[38;2;170;38;86m⠻[48;2;8;8;16m[38;2;143;17;92m▌[48;2;143;17;92m[38;2;166;34;88m⢿[48;2;8;8;16m[38;2;144;17;93m▌[48;2;155;24;92m[38;2;216;72;80m⎺[48;2;8;8;16m[38;2;146;17;94m▌[48;2;146;17;95m[38;2;176;39;90m⠻[48;2;1;13;16m[38;2;11;39;26m⠻[48;2;1;14;17m[38;2;8;8;17m▂[38;2;0;0;0m  [38;2;1;14;17m⠙[38;2;13;45;29m⠻[48;2;161;152;141m[38;2;9;8;18m⢰[48;2;9;8;18m[38;2;60;57;59m⠟[38;2;163;154;143m⠩[48;2;9;9;18m[38;2;162;153;142m⡥[38;2;163;154;143m⡌[38;2;164;154;143m⣗[48;2;1;15;18m[38;2;1;15;18m⠙[38;2;23;69;38m⠋[38;2;1;15;19m⠋⠋⠟[38;2;12;41;28m▛[48;2;0;233;0m[38;2;9;9;18m⢱[48;2;0;234;0m⡆[48;2;0;235;0m▄[48;2;0;233;0m[38;2;10;9;19m⠈[48;2;0;234;0m[38;2;9;9;18m⡅[48;2;0;233;0m[38;2;9;9;19m⠒[38;2;9;9;18m⡕[48;2;0;232;0m[38;2;9;9;19m⠊[48;2;9;9;19m[38;2;0;233;0m⣭[48;2;9;9;18m[38;2;0;232;0m⣳[48;2;0;232;0m[38;2;9;9;19m⠁[48;2;1;76;13m⎺[48;2;1;15;18m[38;2;234;78;87m⠏[38;2;155;56;64m⠍[48;2;1;14;18m[38;2;230;77;85m⡥[38;2;81;36;41m⠟[38;2;230;76;85m⠏[48;2;1;14;17m[38;2;102;42;47m⠏[48;2;229;76;85m[38;2;153;17;99m▆[48;2;1;14;17m▌[48;2;227;75;83m[38;2;152;17;98m▆[48;2;1;14;17m[38;2;151;17;98m▌[48;2;223;74;82m[38;2;150;17;97m▆[48;2;1;13;17m[38;2;149;17;97m▌[48;2;220;73;81m[38;2;148;17;95m▆[48;2;1;13;16m[38;2;147;17;95m▌[48;2;156;24;92m[38;2;217;72;80m⎺[48;2;1;13;16m[38;2;145;17;94m▌[48;2;144;17;93m[38;2;191;53;84m⠋[48;2;1;13;16m[38;2;143;17;93m▌[48;2;142;17;92m[38;2;170;38;86m⠟[48;2;1;13;16m[38;2;142;17;92m▌[48;2;150;24;89m[38;2;209;70;77m⎺[48;2;1;12;15m[38;2;141;17;91m▌[48;2;149;24;88m[38;2;207;69;77m⎺[48;2;1;12;15m[38;2;140;17;90m▌[38;2;0;0;0m    [48;2;11;16;17m[38;2;44;114;50m⡅[48;2;16;18;18m[38;2;34;82;37m⡂[48;2;15;15;15m[38;2;255;180;89m⠸[0m
[48;2;15;15;15m[38;2;255;180;89m▌[48;2;78;21;47m[38;2;109;38;41m⎺[48;2;14;14;17m[38;2;102;18;66m▌[48;2;148;24;88m[38;2;204;69;76m⎺[48;2;8;8;15m[38;2;139;17;90m▌[48;2;148;24;88m[38;2;205;69;76m⎺[48;2;8;8;15m[38;2;139;17;90m▌[48;2;148;24;88m[38;2;205;69;76m⎺[48;2;8;8;16m[38;2;139;17;90m▌[48;2;149;24;88m[38;2;206;69;77m⎺[48;2;8;8;16m[38;2;140;17;90m▌[48;2;140;17;91m[38;2;167;37;85m⠻[48;2;8;8;16m[38;2;140;17;91m▌[48;2;141;17;91m[38;2;167;37;86m⠻[48;2;8;8;16m[38;2;142;17;91m▌[48;2;142;17;92m[38;2;170;38;86m⠻[48;2;8;8;16m[38;2;143;17;92m▌[48;2;143;17;93m[38;2;165;33;88m⢿[48;2;8;8;16m[38;2;144;17;93m▌[48;2;1;13;16m[38;2;8;8;16m▆[48;2;8;8;16m[38;2;8;8;17m⠻[48;2;1;13;16m[38;2;1;14;17m⠈[38;2;1;13;17m⠻[38;2;1;14;17m⠻[48;2;1;13;17m[38;2;63;165;72m⡀[48;2;1;14;17m[38;2;0;0;0m [48;2;8;8;17m[38;2;183;177;173m⡾[38;2;185;178;174m⢏[48;2;9;8;17m[38;2;185;179;175m⠾[38;2;115;111;112m⠟[38;2;186;180;176m⢱[48;2;186;179;176m[38;2;9;8;17m⡙[48;2;1;14;17m[38;2;44;119;56m⡉[38;2;1;15;18m⠋[38;2;17;54;32m⠋⠋[38;2;1;15;18m⠻[48;2;0;169;0m[38;2;9;8;17m⣱[48;2;9;8;17m[38;2;7;41;14m⠟[48;2;0;227;0m[38;2;9;8;17m⣄[48;2;9;8;17m[38;2;177;79;0m⢱[48;2;177;79;0m[38;2;9;8;17m⢁[48;2;42;22;14m[38;2;178;80;0m⡉[48;2;9;8;17m[38;2;177;79;0m⡷⢎[48;2;178;79;0m[38;2;1;14;17m▂[48;2;1;14;17m[38;2;0;157;6m⠋[38;2;0;86;12m⠋[38;2;1;14;18m⠋[38;2;226;75;84m⠏[38;2;150;55;61m⠍[38;2;223;75;83m⡥[38;2;224;75;83m⠅[38;2;223;74;83m⠏[38;2;222;74;82m⠅[48;2;191;136;82m[38;2;1;14;17m⎺[48;2;1;14;17m[38;2;190;135;81m▆[38;2;189;134;81m▆[38;2;188;134;80m▆[48;2;1;13;16m[38;2;1;14;17m⠁[38;2;214;71;79m⣠[48;2;213;71;79m[38;2;1;13;16m⎺[48;2;1;13;16m[38;2;211;71;78m⣄[38;2;0;0;0m [38;2;182;130;78m▆[38;2;182;129;78m▆[48;2;1;13;15m[38;2;181;129;78m⡆[48;2;1;13;16m[38;2;180;128;77m▆[48;2;1;13;15m▆[48;2;99;76;49m⠖[48;2;1;12;15m[38;2;179;127;77m▆[38;2;178;127;77m▆⠄[38;2;0;0;0m   [38;2;59;155;68m⠁[48;2;11;16;17m[38;2;27;65;33m▗[48;2;16;18;18m[38;2;0;0;0m [48;2;15;15;15m[38;2;255;180;89m⠸[0m
[48;2;15;15;15m[38;2;255;180;89m▌[48;2;17;17;18m[38;2;73;19;48m▌[48;2;109;22;64m[38;2;151;51;56m⎺[48;2;8;8;15m[38;2;138;17;90m▌[48;2;138;17;90m[38;2;164;37;84m⠻[48;2;8;8;15m[38;2;138;17;90m▌[48;2;148;24;88m[38;2;205;69;76m⎺[48;2;8;8;15m[38;2;139;17;90m▌[48;2;148;24;88m[38;2;205;69;76m⎺[48;2;8;8;15m[38;2;139;17;90m▌[48;2;148;24;88m[38;2;206;69;77m⎺[48;2;8;8;16m[38;2;139;17;90m▌[48;2;166;37;84m[38;2;140;17;91m▬[48;2;8;8;16m[38;2;140;17;90m▌[48;2;140;17;91m[38;2;165;36;86m⠻[48;2;8;8;16m[38;2;141;17;91m▌[48;2;141;17;91m[38;2;169;38;86m⠻[48;2;8;8;16m[38;2;142;17;91m▌[48;2;142;17;92m[38;2;170;38;86m⠻[48;2;8;8;16m[38;2;0;0;0m  [48;2;1;13;16m[38;2;61;160;70m⢀[38;2;0;0;0m [38;2;62;161;71m⢀[38;2;0;0;0m [38;2;41;113;53m⠜[38;2;1;13;16m⠙[48;2;8;8;17m[38;2;163;156;148m⣜[48;2;180;173;170m[38;2;0;0;0m⠁[48;2;0;0;0m[38;2;181;175;171m⠇[48;2;180;174;170m[38;2;0;0;0m⠑[48;2;8;8;17m[38;2;81;76;76m⢍[38;2;173;165;160m⣳[48;2;1;13;16m[38;2;11;39;26m⠟[48;2;1;13;17m[38;2;20;61;34m⢿[38;2;1;14;17m⡿⡿[48;2;8;8;17m[38;2;74;35;10m⠻[38;2;35;19;14m▛[38;2;63;31;11m⠟[38;2;9;8;17m⠟[38;2;58;29;11m▜[48;2;172;77;0m[38;2;8;8;17m⠄[38;2;5;10;17m▚[48;2;1;13;17m[38;2;173;77;0m▘[38;2;1;14;17m⡿[38;2;170;76;0m⡀[38;2;1;14;17m⠟[48;2;1;13;16m[38;2;57;34;11m⠟[48;2;220;73;82m[38;2;1;13;16m⣰[48;2;1;13;16m[38;2;73;33;38m⠟[38;2;217;73;81m⡥[38;2;109;43;49m⠏[38;2;217;72;80m⠏[38;2;145;52;59m⠍[48;2;216;166;81m[38;2;214;164;80m▄[48;2;8;8;16m[38;2;8;8;17m⠋[38;2;8;8;16m⠋[48;2;212;163;79m[38;2;214;164;80m⠋[48;2;43;24;28m[38;2;212;71;78m⠸[48;2;211;70;78m[38;2;8;8;16m▗[48;2;210;70;78m[38;2;211;71;78m⠋[38;2;8;8;16m▖[48;2;1;13;15m[38;2;209;70;78m▌[48;2;4;10;15m[38;2;208;160;78m⢟[48;2;107;83;47m⠋[48;2;1;12;15m[38;2;83;71;40m⡏[48;2;206;158;77m[38;2;207;159;78m⠟[48;2;8;8;16m[38;2;206;158;77m▌[38;2;0;0;0m [48;2;47;38;28m[38;2;205;158;77m⠸[48;2;205;157;77m⠟[48;2;1;12;15m[38;2;205;157;77m⡅[38;2;0;0;0m   [38;2;59;155;68m⠰[48;2;11;16;17m[38;2;0;0;0m [48;2;16;18;18m [48;2;15;15;15m[38;2;255;180;89m⠸[0m
[48;2;15;15;15m[38;2;255;180;89m▌[48;2;78;21;47m[38;2;109;38;41m⎺[48;2;13;13;14m[38;2;102;18;66m▌[48;2;147;24;88m[38;2;204;69;76m⎺[48;2;5;5;9m[38;2;138;17;90m▌[48;2;147;24;88m[38;2;204;69;76m⎺[48;2;5;5;9m[38;2;138;17;90m▌[48;2;148;24;88m[38;2;204;69;76m⎺[48;2;5;5;9m[38;2;139;17;90m▌[48;2;148;24;88m[38;2;205;69;76m⎺[48;2;5;5;9m[38;2;139;17;90m▌[48;2;148;24;88m[38;2;205;69;76m⎺[48;2;5;5;9m[38;2;139;17;90m▌[48;2;148;24;88m[38;2;206;69;77m⎺[48;2;5;5;9m[38;2;139;17;90m▌[48;2;166;37;84m[38;2;140;17;90m⠲[48;2;5;5;9m▌[48;2;140;17;91m[38;2;165;36;86m⠻[48;2;5;5;9m[38;2;141;17;91m▌[48;2;8;8;16m[38;2;0;0;0m  [48;2;1;13;16m [38;2;61;159;70m⠐[38;2;0;0;0m [38;2;61;159;70m⠄[38;2;62;161;70m⠁[38;2;61;160;70m⠅[38;2;0;0;0m [48;2;0;0;0m[38;2;150;141;131m⣆[38;2;150;142;132m⢶[38;2;151;142;132m⡶[48;2;8;8;16m⡥[38;2;115;109;103m⡍[48;2;151;143;132m[38;2;8;8;16m⡨[48;2;11;37;25m▂[48;2;1;13;16m▂[48;2;11;38;25m▂[48;2;40;21;12m[38;2;8;8;17m⠓⠚[48;2;8;8;16m[38;2;166;74;0m⣠[48;2;103;48;6m[38;2;8;8;17m⠋[48;2;167;75;0m[38;2;8;8;16m⡕[48;2;88;42;8m[38;2;167;75;0m▙[48;2;4;10;16m⢲[48;2;166;74;0m[38;2;1;13;16m⠙[48;2;1;13;16m[38;2;0;0;0m [38;2;169;76;0m⠁[38;2;167;75;0m⠐[38;2;0;0;0m [38;2;214;72;80m⠏[38;2;214;72;79m⠅[38;2;212;71;79m⡥[38;2;213;71;79m⠅⠏[38;2;212;71;79m⠅[48;2;168;132;66m[38;2;212;163;79m⠋[48;2;210;161;79m[38;2;212;163;80m⠋[48;2;209;161;79m[38;2;210;162;79m⠟[38;2;1;13;16m⢀[48;2;42;24;28m[38;2;209;70;78m⠸[48;2;208;70;77m[38;2;6;6;11m⢨[48;2;207;69;77m[38;2;209;70;78m⠋[48;2;6;6;11m[38;2;207;69;77m⢺[48;2;1;12;15m▌[48;2;124;100;52m[38;2;207;159;78m⠚[48;2;206;158;77m[38;2;206;159;77m⠋[48;2;1;12;15m[38;2;205;158;77m▌[48;2;164;128;64m[38;2;206;158;77m⠋[48;2;205;157;77m[38;2;205;158;77m⠁⠟[48;2;204;157;77m⠁[38;2;205;157;77m⠋[48;2;1;12;15m[38;2;204;157;77m⠆[38;2;0;0;0m    [48;2;11;16;17m[38;2;44;114;50m⡂[48;2;16;18;18m[38;2;0;0;0m [48;2;15;15;15m[38;2;255;180;89m⠸[0m
[48;2;15;15;15m[38;2;255;180;89m▌[48;2;16;16;16m[38;2;94;67;41m▆[48;2;12;12;13m[38;2;131;93;56m▆[48;2;2;3;5m[38;2;177;126;76m▆▆⡆[48;2;5;5;9m[38;2;204;69;76m⢀⣴⣦⡀[48;2;4;4;8m[38;2;177;126;76m⢰[48;2;103;74;46m[38;2;178;127;77m⠲[48;2;2;3;5m[38;2;177;126;76m▆[38;2;178;127;77m⢰[48;2;4;4;8m▆▆[48;2;100;72;46m[38;2;179;127;77m▬[48;2;4;4;8m[38;2;178;127;77m▆[38;2;8;8;16m⠸[48;2;8;8;16m[38;2;0;0;0m  [48;2;1;12;15m[38;2;1;13;16m⠈[38;2;1;13;15m⠙[48;2;4;10;16m[38;2;30;36;13m▇[48;2;8;8;16m[38;2;164;207;0m⡰[48;2;7;8;16m⣖[48;2;6;8;16m[38;2;165;207;0m⡰[48;2;8;8;16m⢆[38;2;0;0;0m [48;2;174;167;164m[38;2;24;24;30m⢁[48;2;8;8;16m[38;2;174;168;164m⢏[38;2;174;168;165m⠻⠎[38;2;174;168;164m⢱⠦[48;2;1;13;16m[38;2;0;0;0m [38;2;61;159;70m⠠⠠⠢[38;2;0;0;0m   [38;2;61;160;70m⠈⠐[38;2;61;159;70m⠨[38;2;61;160;70m⠐[38;2;0;0;0m [38;2;61;159;70m⠄[38;2;0;0;0m [38;2;210;70;78m⠏⠅[38;2;209;70;78m⡥⠅[48;2;1;13;15m⠏⠅[48;2;1;12;15m[38;2;60;157;69m⢀[38;2;11;38;25m⢉[38;2;12;40;25m⠟[38;2;20;61;33m⠋[38;2;1;12;15m⠋[38;2;0;0;0m [38;2;60;156;68m⠌[38;2;60;156;69m⠁[38;2;60;156;68m⠢[38;2;0;0;0m  [38;2;60;155;68m⠥⠓[38;2;0;0;0m [38;2;59;155;68m⠂[38;2;0;0;0m [38;2;59;155;68m⠰[38;2;0;0;0m [48;2;4;10;15m[38;2;169;163;160m⡾[48;2;8;8;15m⢏⠟⠎[48;2;14;14;17m[38;2;125;120;118m⢱[48;2;17;17;18m[38;2;90;86;85m▬[48;2;15;15;15m[38;2;255;180;89m⠸[0m
[48;2;15;15;15m[38;2;255;180;89m▌[48;2;109;83;42m[38;2;0;0;0m [48;2;14;14;17m[38;2;151;115;57m▌[48;2;8;8;15m[38;2;0;0;0m [38;2;204;157;77m⠸[48;2;5;5;9m▌[48;2;204;68;76m[38;2;204;69;76m⢿[48;2;8;8;15m▜▛[48;2;204;69;76m[38;2;0;0;0m [48;2;5;5;9m[38;2;204;157;77m⠸[48;2;8;8;15m⣉[48;2;6;6;11m⣣[48;2;44;35;22m⠸[48;2;8;8;15m▌[38;2;8;8;16m⠈[48;2;205;157;77m[38;2;205;158;77m⠙⠻[48;2;8;8;15m[38;2;8;8;16m⢿[48;2;8;8;16m[38;2;0;0;0m  [48;2;1;12;15m [38;2;60;156;68m⡖[48;2;8;8;16m[38;2;135;180;0m⢇[38;2;129;175;0m⣸[48;2;57;81;8m[38;2;164;206;0m⠋⠋[48;2;145;189;0m[38;2;8;8;16m⢄[48;2;8;8;16m[38;2;0;0;0m [48;2;1;12;15m[38;2;1;13;16m⠈[48;2;8;8;16m[38;2;156;149;142m⣜[48;2;0;0;0m[38;2;172;166;162m⡶⡐[38;2;85;82;83m⣺[48;2;8;8;16m[38;2;146;138;128m⢄[38;2;162;155;149m⣓[48;2;1;12;15m[38;2;1;13;16m⠙⠋⠋⠋[38;2;16;49;29m⠋[38;2;1;13;16m⠋⠋⠋⠋[38;2;18;54;31m⠙[38;2;15;49;29m⠍[38;2;1;13;15m⠟[38;2;12;42;26m⠟[38;2;208;70;77m⠏[38;2;83;35;40m⠟[38;2;207;70;77m⡥[38;2;138;51;56m⠍[38;2;207;70;77m⠏⠅[38;2;0;0;0m [38;2;60;156;68m⡀⠌⠐[38;2;0;0;0m   [38;2;60;155;68m⢀[38;2;0;0;0m [38;2;60;155;68m⠐[38;2;0;0;0m   [38;2;59;155;68m⡌[38;2;0;0;0m  [38;2;59;155;68m⠠[38;2;0;0;0m [48;2;8;8;15m[38;2;154;146;139m⣜[38;2;156;149;143m⡣[38;2;144;136;126m▄[38;2;154;146;139m⡧[48;2;14;14;17m[38;2;106;100;93m⢄[48;2;46;44;42m[38;2;90;86;85m⠋[48;2;15;15;15m[38;2;255;180;89m⠸[0m
[48;2;19;19;19m[38;2;255;180;89m▙▟⡉▌[48;2;108;83;41m[38;2;0;0;0m [48;2;15;16;16m[38;2;108;83;41m⠇[48;2;108;38;41m[38;2;0;0;0m [48;2;15;16;16m[38;2;108;38;41m⢺⡗[48;2;108;38;41m[38;2;0;0;0m [48;2;15;16;16m[38;2;108;83;41m⠰[48;2;108;83;41m[38;2;0;0;0m  [48;2;33;29;21m[38;2;108;83;41m⠸[48;2;84;66;35m[38;2;109;83;41m⠳[48;2;15;17;17m[38;2;108;83;41m▆[48;2;109;83;41m[38;2;0;0;0m [48;2;15;17;17m[38;2;109;83;41m▛[38;2;0;0;0m   [48;2;14;18;17m [38;2;33;82;37m⢀[48;2;15;17;17m[38;2;56;82;14m▝[38;2;56;81;14m⢫[38;2;56;82;14m⠋⣮⡅[38;2;0;0;0m [48;2;14;18;17m  [48;2;14;15;14m[38;2;77;73;67m⠦⡶[48;2;14;16;16m⡍[48;2;15;17;17m⡥⡌[48;2;56;54;50m▘[48;2;14;18;17m[38;2;33;83;37m⢈[38;2;0;0;0m  [38;2;33;83;37m⡀⠈[38;2;0;0;0m [38;2;33;83;37m⠠[38;2;0;0;0m   [38;2;33;83;37m⠈[38;2;0;0;0m [38;2;109;38;41m⠏⠅⡥⠅⠏⠅[38;2;0;0;0m [38;2;33;82;37m⠠[38;2;0;0;0m [38;2;33;82;37m⠐[38;2;0;0;0m [38;2;33;82;37m⠠⢀[38;2;0;0;0m  [38;2;33;82;37m⠄⡔⡀[38;2;0;0;0m  [38;2;33;82;37m⡁⠈⡀⠄[48;2;15;17;17m[38;2;76;72;67m⡏⠑[48;2;23;24;24m⎺[48;2;19;19;19m[38;2;255;180;89m⠸⡉▙▟[0m
[48;2;0;0;0m[38;2;140;140;140m║[48;2;19;19;19m[38;2;255;180;89m▝━━━━━━━━━━━━━━━━━━━━━━━━━━━━━━━━━━━━━━━━━━━━━━━━━━━━━━━━━━━━━━━━━━━━━━━━━━━━▘[48;2;0;0;0m[38;2;140;140;140m║[0m
[48;2;0;0;0m[38;2;140;140;140m║[38;2;240;240;240m >Paladin↝Move:_____[38;2;140;140;140m >Bard: Play Sleep >Ranger: Arrow 7d >Sorceror: Move >Pal [38;2;140;140;140m║[0m
[48;2;0;0;0m[38;2;140;140;140m╚══════════════════════════════════════════════════════════════════════════════╝[0m
