[?25l[48;2;0;0;0m[38;2;0;0;0m [38;2;156;255;255m⢀⡀[38;2;255;255;255m⡶[38;2;210;210;210m⢀[38;2;0;0;0m [38;2;255;255;255m╱[38;2;0;0;0m [38;2;89;180;255m▄[38;2;0;0;0m   [48;2;18;42;18m[38;2;111;255;111m▅[48;2;0;0;0m[38;2;0;0;0m        [38;2;181;99;0m⠰[38;2;255;180;89m⡶[38;2;188;78;56m▂[38;2;0;0;0m    [38;2;255;89;127m▄[38;2;0;0;0m            [38;2;89;180;255m⢄⣦⡠[38;2;188;188;188m▗[38;2;0;0;0m                [38;2;181;99;0m⠰[38;2;238;181;110m⡦[38;2;0;0;0m [38;2;158;81;7m⣄[38;2;0;0;0m  [38;2;89;180;255m▃[38;2;0;0;0m   [48;2;11;25;11m[38;2;111;255;111m▃[48;2;0;0;0m[38;2;0;0;0m        [0m
[48;2;0;0;0m[38;2;0;0;0m [38;2;156;255;255m⢿[48;2;14;14;14m⡿[48;2;159;159;159m[38;2;255;255;255m▬[48;2;0;0;0m[38;2;210;210;210m⠋[38;2;232;232;232m⠞[38;2;210;210;210m⠄[38;2;0;0;0m [48;2;89;180;255m [48;2;0;0;0m [38;2;255;89;127m▇[38;2;0;0;0m [48;2;111;255;111m [48;2;0;0;0m       [38;2;181;99;0m⠎[38;2;188;78;56m⣖⠞[38;2;181;99;0m⠐[38;2;0;0;0m  [38;2;89;180;255m▅[38;2;0;0;0m [48;2;255;89;127m [48;2;0;0;0m [48;2;18;42;18m[38;2;111;255;111m▅[48;2;0;0;0m[38;2;0;0;0m          [38;2;255;0;255m⡠[38;2;255;180;89m⣭[38;2;255;0;255m⡤[38;2;181;0;181m⠤[38;2;255;180;89m⠄[38;2;0;0;0m [38;2;89;180;255m▅[38;2;0;0;0m [48;2;63;22;31m[38;2;255;89;127m▆[48;2;0;0;0m[38;2;0;0;0m [38;2;111;255;111m▄[38;2;0;0;0m        [38;2;85;187;60m⡔⣳⣞⠢[38;2;158;81;7m▌[48;2;21;10;0m▎[48;2;0;0;0m[38;2;0;0;0m [48;2;89;180;255m [48;2;0;0;0m [48;2;42;14;21m[38;2;255;89;127m▅[48;2;0;0;0m[38;2;0;0;0m [48;2;111;255;111m [48;2;0;0;0m        [0m
[48;2;0;0;0m[38;2;0;0;0m  [38;2;210;210;210m⣸[48;2;14;14;14m[38;2;101;101;101m⎺[48;2;0;0;0m[38;2;210;210;210m⣇[38;2;0;0;0m  [38;2;129;129;129m⢀[48;2;89;180;255m[38;2;0;0;0m [48;2;0;0;0m[38;2;129;129;129m▂[48;2;255;89;127m[38;2;0;0;0m [48;2;0;0;0m[38;2;129;129;129m▂[48;2;111;255;111m[38;2;0;0;0m [48;2;0;0;0m[38;2;129;129;129m⡀[38;2;0;0;0m       [38;2;123;129;236m⣇⠈⣆[38;2;0;0;0m [38;2;129;129;129m⢀[48;2;89;180;255m[38;2;0;0;0m [48;2;0;0;0m[38;2;129;129;129m▂[48;2;255;89;127m[38;2;0;0;0m [48;2;0;0;0m[38;2;129;129;129m▂[48;2;111;255;111m[38;2;0;0;0m [48;2;0;0;0m[38;2;129;129;129m⡀[38;2;0;0;0m        [38;2;255;180;89m⠈[38;2;181;0;181m⣠[48;2;181;0;181m[38;2;255;0;255m▜[48;2;0;0;0m[38;2;181;0;181m⣦[38;2;188;188;188m⠸[38;2;0;0;0m [38;2;129;129;129m⢀[48;2;89;180;255m[38;2;0;0;0m [48;2;0;0;0m[38;2;129;129;129m▂[48;2;255;89;127m[38;2;0;0;0m [48;2;0;0;0m[38;2;129;129;129m▂[48;2;111;255;111m[38;2;0;0;0m [48;2;0;0;0m[38;2;129;129;129m⡀[38;2;0;0;0m       [38;2;180;72;44m⢀▌⢹⡀[38;2;144;74;6m⠋[38;2;0;0;0m [38;2;129;129;129m⢀[48;2;89;180;255m[38;2;0;0;0m [48;2;0;0;0m[38;2;129;129;129m▂[48;2;255;89;127m[38;2;0;0;0m [48;2;0;0;0m[38;2;129;129;129m▂[48;2;111;255;111m[38;2;0;0;0m [48;2;0;0;0m[38;2;129;129;129m⡀[38;2;0;0;0m       [0m
[48;2;3;3;3m[38;2;19;19;19m▅[48;2;11;11;11m[38;2;255;180;89m▗━━━━━━━━━━━━━━━━━━━━━━━━━━━━━━━━━━━━━━━━━━━━━━━━━━━━━━━━━━━━━━━━━━━━━━━━━━━━▖[48;2;3;3;3m[38;2;19;19;19m▅[0m
[48;2;19;19;19m[38;2;255;180;89m▛▜[38;2;19;19;19m[48;2;255;180;89m▬[48;2;19;19;19m[38;2;255;180;89m▌[48;2;14;16;15m[38;2;0;0;0m [38;2;18;21;20m⠊[38;2;0;0;0m  [38;2;18;21;20m⠰[38;2;0;0;0m  [38;2;18;21;20m⠠⠈⢀⠄⠁[38;2;0;0;0m  [38;2;18;21;20m⠐⡀⡈[38;2;0;0;0m  [38;2;18;21;20m⢐[38;2;0;0;0m [38;2;19;23;14m⢀⡰⣖⡰⢆[38;2;0;0;0m [38;2;18;21;20m⠐[38;2;0;0;0m [38;2;18;21;20m⡂⡀⢆[38;2;0;0;0m  [38;2;18;21;20m⠐⠄[38;2;0;0;0m [38;2;18;21;20m⠂[38;2;0;0;0m    [38;2;18;21;20m⠈[38;2;0;0;0m [38;2;18;21;20m⠈⢀⠐⠂⠑▖[38;2;0;0;0m [38;2;18;21;20m⢀⠠[38;2;0;0;0m [38;2;18;21;20m⠁⠁[38;2;0;0;0m [38;2;18;23;14m⢀⡰▆⡰⢆[38;2;0;0;0m [38;2;18;21;20m⠠▘[38;2;0;0;0m  [38;2;18;21;20m⠈[38;2;0;0;0m [38;2;18;23;14m⢀⡰▆[48;2;19;19;19m[38;2;255;180;89m▐[38;2;19;19;19m[48;2;255;180;89m▬[48;2;19;19;19m[38;2;255;180;89m▛▜[0m
[48;2;15;15;15m[38;2;255;180;89m▌[48;2;15;16;16m[38;2;19;21;21m⢐[48;2;11;11;12m[38;2;0;0;0m [48;2;0;2;2m[38;2;20;27;27m⠠[38;2;0;0;0m [38;2;20;27;27m⠐[38;2;0;0;0m [38;2;20;27;27m⠐⠈[38;2;0;0;0m [38;2;20;27;27m⠂[38;2;0;0;0m [38;2;20;27;27m⠰[38;2;0;0;0m   [38;2;20;27;27m⠑[38;2;0;0;0m  [38;2;20;27;27m⢀[38;2;0;0;0m [38;2;20;27;27m⠄[38;2;0;0;0m [38;2;20;27;27m⠄⠈[48;2;2;2;3m[38;2;19;27;0m⢇[38;2;18;26;0m⣸[38;2;20;28;0m⣉⢟[48;2;9;12;1m[38;2;23;32;0m⠋[48;2;2;2;3m[38;2;0;0;0m [48;2;0;2;2m   [38;2;20;28;28m⠐[38;2;0;0;0m [38;2;20;28;28m⢂▂⠐[38;2;0;0;0m [38;2;20;28;28m⡀[38;2;0;0;0m [38;2;20;28;28m⢂[38;2;0;0;0m   [38;2;20;28;28m⢈⠆[38;2;0;0;0m [38;2;20;28;28m⡀[38;2;0;0;0m    [38;2;20;27;27m⡐[38;2;0;0;0m [38;2;20;27;27m⠂⠡[38;2;0;0;0m  [38;2;20;27;27m⠈[48;2;2;2;3m[38;2;18;27;0m⢇[38;2;17;26;0m⣸[48;2;8;12;1m[38;2;22;32;0m⠋⠋⠋[48;2;2;2;3m[38;2;0;0;0m [48;2;0;2;2m[38;2;20;27;27m⠐[38;2;0;0;0m [38;2;20;27;27m⠌⠂[38;2;0;0;0m  [48;2;2;2;3m[38;2;18;27;0m⢇[38;2;17;26;0m⣸[48;2;8;12;1m[38;2;22;32;0m⠋⠋[48;2;14;15;11m[38;2;21;26;11m⠋[48;2;16;16;16m[38;2;0;0;0m [48;2;15;15;15m[38;2;255;180;89m▐[0m
[48;2;15;15;15m[38;2;255;180;89m▌[48;2;15;16;16m[38;2;0;0;0m [48;2;11;11;12m[38;2;20;23;23m⡀[48;2;0;2;2m[38;2;20;27;27m⡀[38;2;0;0;0m [38;2;20;27;27m⢀[38;2;0;0;0m [38;2;20;27;27m⠐⠈⡀⡨⠄[38;2;0;0;0m [48;2;2;2;3m[38;2;22;32;0m⢀⡰⡶⡰⢆[38;2;0;0;0m [48;2;0;2;2m[38;2;20;27;27m⡀[38;2;0;0;0m    [38;2;20;27;27m⠈[48;2;2;2;3m[38;2;15;22;0m▝⢫[38;2;16;23;0m⠋[48;2;10;14;1m▃[48;2;2;2;3m⡅[38;2;0;0;0m [48;2;0;2;2m[38;2;20;28;28m⠁⠂⠠⢀[38;2;0;0;0m  [38;2;20;28;28m⠂[38;2;0;0;0m     [38;2;20;28;28m⠁[38;2;0;0;0m    [38;2;20;28;28m⡀⠈⠠⠁[38;2;0;0;0m  [38;2;20;27;27m⠐[38;2;0;0;0m [38;2;20;27;27m⠁⡀[38;2;0;0;0m [38;2;20;27;27m⠠[38;2;0;0;0m [48;2;2;2;3m[38;2;15;22;0m▝⢫⠋⣮⡅[38;2;0;0;0m [48;2;0;2;2m[38;2;20;27;27m⢀⠁[38;2;0;0;0m [38;2;20;27;27m⢢[38;2;0;0;0m [38;2;20;27;27m⡀[48;2;2;2;3m[38;2;15;22;0m▝⢫⠋⣮[48;2;11;11;12m[38;2;17;20;11m⡅[48;2;16;16;16m[38;2;0;0;0m [48;2;15;15;15m[38;2;255;180;89m▐[0m
[48;2;15;15;15m[38;2;255;180;89m▌[48;2;16;16;16m[38;2;17;16;19m▌[48;2;15;12;18m[38;2;25;24;27m▂[48;2;2;2;3m[38;2;9;3;18m▌[48;2;9;3;18m[38;2;30;28;33m▂[48;2;2;2;3m[38;2;9;3;18m▌[48;2;9;3;18m[38;2;30;28;33m▂[48;2;0;2;2m[38;2;20;27;27m⠈⠐⢀[38;2;0;0;0m  [38;2;20;27;27m⠆[48;2;2;2;3m[38;2;18;27;0m⢇[38;2;17;26;0m⣸[48;2;8;12;1m[38;2;22;32;0m⠋⠋[38;2;23;32;0m⠋[48;2;2;2;3m[38;2;0;0;0m [48;2;0;0;0m[38;2;0;2;2m⠟[38;2;3;6;6m⠟⠟⠟[38;2;42;46;63m⡶⠰[38;2;43;47;63m⢖[38;2;43;47;64m⡐⡶[38;2;44;48;64m⣦⢶⠲[38;2;45;49;65m⡂⢶[38;2;46;50;66m⠦⡶⠰⢶[38;2;46;51;67m⡶⠰[38;2;46;50;66m⠲[38;2;46;51;67m⡶[38;2;47;52;68m▗[38;2;46;51;67m⣦[38;2;47;51;67m⠄⣄[38;2;46;50;66m⢒⣐[38;2;45;49;65m⣖⢖▖[38;2;44;48;64m⢶[38;2;43;47;64m⢐⣲⣐[38;2;42;46;63m⡶⠐⡶[38;2;41;45;62m⠖[38;2;40;44;62m⠰⡶⡶⠤⡶[38;2;39;43;61m⠰⠖⣰⢶⢶⠆⢴⢶⢶⢶⠦⠰⡶⡶[48;2;11;11;11m[38;2;31;33;45m⢶[48;2;15;15;15m[38;2;25;27;34m⢖[38;2;255;180;89m▐[0m
[48;2;15;15;15m[38;2;255;180;89m▌[48;2;18;16;22m[38;2;22;21;23m⎺[48;2;11;11;12m[38;2;17;13;24m▌[48;2;18;8;28m[38;2;30;28;33m⎺[48;2;2;2;3m[38;2;16;5;28m▌[48;2;18;8;28m[38;2;30;28;33m⎺[48;2;2;2;3m[38;2;16;5;28m▌[48;2;0;2;2m[38;2;20;27;27m⠰[38;2;0;0;0m  [38;2;20;27;27m⢈⢀[38;2;0;0;0m [48;2;2;2;3m[38;2;15;22;0m▝⢫⠋⣮⡅[38;2;0;0;0m [48;2;0;0;0m[38;2;39;43;59m⡓[48;2;23;25;34m[38;2;42;46;63m⠟[48;2;0;0;0m[38;2;40;43;59m⢘[38;2;41;45;62m⡻[48;2;17;19;26m[38;2;36;39;53m▄[48;2;0;0;0m[38;2;35;38;52m⠇[38;2;37;40;53m⡴[38;2;38;41;54m⢤[38;2;37;40;54m⡛[38;2;39;42;55m⣒[38;2;0;0;0m [38;2;39;42;55m⠟⠟[38;2;40;43;56m⠇⠳[38;2;41;44;57m⡿[48;2;41;45;57m[38;2;0;0;0m⠁[48;2;0;0;0m[38;2;41;44;57m⠇[38;2;41;45;58m⣮[38;2;41;44;57m⠇[38;2;41;45;58m⢿[38;2;42;45;58m▬⠦[38;2;42;45;57m⠰[48;2;41;45;58m[38;2;0;0;0m⠁[48;2;0;0;0m[38;2;42;45;57m⠄[38;2;41;44;56m⠬[38;2;41;44;57m⣬[38;2;40;43;56m⣭⢰[48;2;33;36;47m[38;2;41;44;57m▁[48;2;0;0;0m[38;2;39;42;55m⡰[38;2;38;41;54m⠖[38;2;37;40;54m⢡[48;2;22;23;32m[38;2;38;41;54m▃[48;2;0;0;0m[38;2;36;39;53m⡌[48;2;29;32;43m▂[48;2;0;0;0m[38;2;35;38;52m⠟[38;2;34;37;51m⠾⢂⣂[38;2;33;36;51m⡐⣒⣐⠳⣂[38;2;32;35;50m⣐▬⡶⢰⡶⡆⢒⣒⠈⢥⡛⣒[48;2;11;11;11m[38;2;26;28;38m⡀[48;2;15;15;15m[38;2;23;24;30m⠻[38;2;255;180;89m▐[0m
[48;2;15;15;15m[38;2;255;180;89m▌[48;2;16;16;16m[38;2;18;16;22m▌[48;2;18;14;24m[38;2;25;24;27m⎺[48;2;2;2;3m[38;2;16;5;28m▌[48;2;18;8;28m[38;2;30;28;33m⎺[48;2;2;2;3m[38;2;16;5;28m▌[48;2;18;8;28m[38;2;30;28;33m⎺[48;2;0;2;2m[38;2;20;27;27m⠁[38;2;2;2;3m▂[38;2;20;27;27m⠌⠨[38;2;0;0;0m      [38;2;20;28;28m⠐[48;2;3;3;4m[38;2;37;41;56m▬[48;2;0;0;0m[38;2;34;37;51m⠙[38;2;35;38;52m⠟[48;2;23;25;35m[38;2;36;39;53m⠤[48;2;0;0;0m▘[38;2;31;34;45m⡶[38;2;32;34;46m⣲[38;2;33;35;46m⢶[38;2;33;36;47m⢶[38;2;35;37;48m⢦⠠[38;2;36;38;48m⢺[38;2;36;38;49m⡃[38;2;37;39;50m⠰[48;2;37;40;50m[38;2;0;0;0m⢀[48;2;0;0;0m[38;2;37;41;51m⡶[38;2;38;42;51m⢂[38;2;38;42;52m⣆⢶⡶[38;2;38;43;53m⣲[38;2;38;43;52m⢦⠠[38;2;38;42;52m⢶⢶⡶⠠[38;2;37;41;51m⣥⣥[38;2;38;41;51m⢄[38;2;37;39;49m▬[38;2;36;38;48m⠖[38;2;35;37;48m⠖[38;2;35;37;47m⣘[38;2;33;35;46m▘[38;2;34;36;47m▂[38;2;33;35;46m⠄[38;2;31;34;45m⢰[38;2;31;33;45m⡍[48;2;30;33;44m[38;2;0;0;0m⠒[48;2;0;0;0m[38;2;30;32;44m⡌[38;2;29;31;43m⢬[38;2;28;31;43m⣥⡭[38;2;27;30;42m⠍⠡⡭[48;2;3;4;6m⎺[48;2;0;0;0m⠵[38;2;27;29;42m⡶⡔⢶⢶⣮⠍⢶⢶⢦⠠[48;2;11;11;11m[38;2;23;25;33m⠲[48;2;15;15;15m[38;2;21;22;26m⠟[38;2;255;180;89m▐[0m
[48;2;15;15;15m[38;2;255;180;89m▌[48;2;18;16;22m[38;2;22;21;23m⎺[48;2;11;11;12m[38;2;17;13;24m▌[48;2;18;8;28m[38;2;30;28;33m⎺[48;2;2;2;3m[38;2;16;5;28m▌[48;2;18;8;28m[38;2;30;28;33m⎺[48;2;2;2;3m[38;2;16;5;28m▌[48;2;1;2;2m[38;2;20;27;27m⠁[48;2;2;2;3m[38;2;0;0;0m [48;2;0;2;2m [38;2;20;27;27m⠠⡂⠠[38;2;0;0;0m   [48;2;0;0;0m[38;2;42;46;63m⠸[38;2;43;47;64m⠹[38;2;36;39;53m⢢⡉[38;2;31;33;45m▬[38;2;33;35;46m▗[48;2;27;29;38m[38;2;1;1;1m⣱[48;2;34;36;47m[38;2;4;4;6m⢎[48;2;0;0;0m[38;2;12;13;17m⠋[48;2;0;2;3m[38;2;0;0;0m [38;2;20;35;35m⡀[38;2;0;0;0m     [38;2;21;38;38m⠄[38;2;0;0;0m   [38;2;21;39;39m⠂[38;2;0;0;0m [38;2;21;40;39m⠂[38;2;0;0;0m    [38;2;21;42;41m⢀[38;2;21;40;40m⠄[38;2;0;0;0m [38;2;21;39;39m⠄[38;2;0;0;0m [38;2;20;37;36m⠐[38;2;0;0;0m  [38;2;20;35;35m⠄⢀[38;2;20;34;33m⠠[48;2;0;2;2m[38;2;20;34;34m⡀[38;2;0;2;3m⣦[48;2;2;2;3m[38;2;31;46;46m⢀[38;2;31;45;44m⣦[38;2;31;44;43m⠦[38;2;30;43;42m⢎[38;2;30;42;42m⣦[38;2;30;41;41m⣦⣦⢀[38;2;30;40;40m⡀[48;2;0;2;2m[38;2;11;14;15m⣆[38;2;20;27;27m⠂⢀⠂⢀[38;2;0;0;0m   [48;2;9;3;18m[38;2;30;28;33m▂[48;2;2;2;3m[38;2;9;3;18m▌[48;2;9;3;18m[38;2;30;28;33m▂[48;2;2;2;3m[38;2;9;3;18m▌[48;2;15;12;18m[38;2;25;24;27m▂[48;2;16;16;16m[38;2;17;16;19m▌[48;2;15;15;15m[38;2;255;180;89m▐[0m
[48;2;15;15;15m[38;2;255;180;89m▌[48;2;16;16;16m[38;2;18;16;22m▌[48;2;18;14;24m[38;2;25;24;27m⎺[48;2;2;2;3m[38;2;16;5;28m▌[48;2;18;8;28m[38;2;30;28;33m⎺[48;2;2;2;3m[38;2;16;5;28m▌[48;2;18;8;28m[38;2;30;28;33m⎺[48;2;2;2;3m[38;2;0;0;0m  [48;2;0;2;2m  [38;2;20;28;28m⢀[38;2;0;0;0m [38;2;20;28;28m⡀[48;2;0;0;0m[38;2;42;46;63m⠸[38;2;43;47;64m⢩[38;2;44;48;64m▝[38;2;45;49;65m⣋[38;2;39;42;55m⢬[38;2;40;43;56m⣵[48;2;7;7;9m[38;2;34;36;47m⠸[48;2;0;0;0m[38;2;35;37;48m⡂[38;2;24;25;33m⠋[48;2;0;2;3m[38;2;20;35;35m⠠⠂[38;2;0;0;0m [38;2;20;38;37m⢈[38;2;21;38;38m⠂[38;2;21;42;41m⢀[38;2;21;38;38m⠁[38;2;21;43;43m⡀[38;2;21;42;41m⠪[38;2;21;45;45m⢀[38;2;21;42;41m⠁[38;2;0;0;0m [38;2;21;44;44m⠅[38;2;0;0;0m  [38;2;21;45;45m⠐[38;2;0;0;0m [38;2;21;48;48m⣠[38;2;21;46;46m⠠[38;2;0;0;0m [38;2;21;45;45m⠅[38;2;0;0;0m [38;2;21;42;42m⠈[38;2;0;0;0m [38;2;21;43;42m⡈[38;2;0;0;0m    [38;2;20;37;37m⠐[38;2;0;0;0m [38;2;2;2;3m⢀[48;2;1;9;2m[38;2;20;46;32m⠸[48;2;6;33;10m[38;2;31;48;48m⠋[48;2;2;2;3m[38;2;0;38;0m▄[48;2;7;24;10m[38;2;31;45;45m⠋[48;2;2;2;3m[38;2;12;39;17m⢧[48;2;0;26;0m[38;2;31;44;43m⠋[48;2;2;2;3m[38;2;15;38;21m⢜[48;2;1;12;2m[38;2;30;42;41m▘[48;2;0;27;0m[38;2;30;41;41m⠋[48;2;1;12;2m[38;2;30;40;40m▝[48;2;0;2;2m[38;2;15;36;19m⢇[38;2;2;2;3m⡀[38;2;20;28;28m⠄[38;2;20;27;27m⠄[38;2;0;0;0m   [38;2;20;27;27m⡀[48;2;2;2;3m[38;2;16;5;28m▌[48;2;18;8;28m[38;2;30;28;33m⎺[48;2;2;2;3m[38;2;16;5;28m▌[48;2;18;8;28m[38;2;30;28;33m⎺[48;2;11;11;12m[38;2;17;13;24m▌[48;2;18;16;22m[38;2;22;21;23m⎺[48;2;15;15;15m[38;2;255;180;89m▐[0m
[48;2;15;15;15m[38;2;255;180;89m▌[48;2;18;16;22m[38;2;22;21;23m⎺[48;2;11;11;11m[38;2;17;13;24m▌[48;2;18;8;28m[38;2;30;28;33m⎺[48;2;1;1;2m[38;2;16;5;28m▌[48;2;18;8;28m[38;2;30;28;33m⎺[48;2;1;1;2m[38;2;16;5;28m▌[48;2;2;2;3m[38;2;0;0;0m  [48;2;0;2;2m [38;2;20;28;28m⠰⠢⠌⢁[48;2;0;0;0m[38;2;44;48;64m⡶[38;2;45;49;65m⣋[48;2;9;10;13m[38;2;46;51;67m⠸[48;2;0;0;0m[38;2;47;53;68m⣪[38;2;41;44;57m⡌[48;2;41;46;58m[38;2;0;0;0m⠒[48;2;0;0;0m[38;2;37;39;49m▝[38;2;37;39;50m⠁[48;2;0;3;4m[38;2;15;27;27m⠂[48;2;0;2;3m[38;2;21;40;39m⢀[38;2;20;37;37m⠁[38;2;21;42;41m⠠[38;2;0;0;0m  [38;2;21;43;43m⠈[38;2;21;47;47m⢐[38;2;21;45;45m⠈[38;2;14;33;33m⣈[38;2;4;12;13m⣨[38;2;0;3;4m▄[38;2;7;19;19m▆[38;2;0;3;4m▆[38;2;3;10;11m▇[38;2;5;17;17m▇[48;2;0;3;4m[38;2;0;0;0m   [48;2;0;2;3m[38;2;21;55;55m⡀[38;2;0;3;4m▇[38;2;3;10;11m▇[38;2;3;11;12m▆▅[38;2;0;2;3m▄[38;2;0;3;4m▂[38;2;10;25;25m⡂[38;2;0;0;0m  [38;2;21;46;46m⡀[38;2;21;43;43m⠄[38;2;0;0;0m [38;2;21;38;38m⠈[48;2;0;8;2m[38;2;2;2;3m⠰[48;2;2;2;3m[38;2;0;40;0m⢹⢓[38;2;0;39;0m⠷[48;2;0;20;1m[38;2;0;38;0m⡦[48;2;2;2;3m[38;2;0;36;0m⢭[38;2;0;35;0m⠪⢵[38;2;0;34;0m⡭⢷[48;2;0;21;1m⣦[48;2;0;8;1m[38;2;2;2;3m⡅[48;2;0;2;2m[38;2;20;28;28m⠁[38;2;0;0;0m    [38;2;20;27;27m⠠[48;2;18;8;28m[38;2;30;28;33m⎺[48;2;2;2;3m[38;2;16;5;28m▌[48;2;18;8;28m[38;2;30;28;33m⎺[48;2;2;2;3m[38;2;16;5;28m▌[48;2;18;14;24m[38;2;25;24;27m⎺[48;2;16;16;16m[38;2;18;16;22m▌[48;2;15;15;15m[38;2;255;180;89m▐[0m
[48;2;15;15;15m[38;2;255;180;89m▌[48;2;16;16;16m[38;2;21;21;22m▆[48;2;18;18;19m[38;2;23;24;26m▃[48;2;1;1;1m[38;2;26;27;30m▆[38;2;26;28;31m▆⡆[38;2;2;2;3m⠸[48;2;2;2;3m[38;2;0;0;0m  [48;2;0;2;2m[38;2;20;28;28m⠠⠂⠢[38;2;0;0;0m [48;2;9;10;13m[38;2;45;49;65m⠸[48;2;0;0;0m[38;2;46;51;67m⣗[38;2;40;43;56m⢈[38;2;41;45;58m⢰[38;2;35;37;48m⠆[48;2;37;39;50m[38;2;0;0;0m⢀[48;2;0;2;3m[38;2;20;35;35m⠂[38;2;0;0;0m [38;2;21;38;38m⠂[38;2;21;41;41m⠠[38;2;21;40;39m⠁[38;2;0;0;0m [48;2;2;2;3m[38;2;16;3;23m▌[48;2;17;3;23m[38;2;34;19;45m▄[48;2;2;3;4m[38;2;18;3;24m▌[48;2;18;3;24m[38;2;30;13;39m▆[48;2;2;3;4m[38;2;19;3;25m▌[48;2;19;3;25m[38;2;33;16;43m▅[48;2;2;3;4m[38;2;20;3;26m▌[48;2;20;3;26m[38;2;33;16;44m▅[48;2;2;3;4m[38;2;21;3;26m▌[48;2;21;3;26m[38;2;54;36;71m▂[48;2;2;3;4m[38;2;22;3;27m▌[48;2;54;36;71m⠟[48;2;2;3;4m[38;2;22;3;28m▌[48;2;54;36;72m[38;2;22;3;27m⠟[48;2;2;3;4m[38;2;22;3;28m▌[48;2;54;36;72m[38;2;22;3;27m⠟[48;2;2;3;4m[38;2;22;3;28m▌[48;2;21;3;27m[38;2;38;19;50m▄[48;2;2;3;4m[38;2;22;3;27m▌[48;2;21;3;27m[38;2;54;36;71m▂[48;2;2;3;4m[38;2;21;3;27m▌[48;2;20;3;26m[38;2;34;16;44m▅[48;2;2;3;4m[38;2;21;3;26m▌[48;2;19;3;25m[38;2;31;13;40m▆[48;2;0;2;3m[38;2;0;3;4m▇[38;2;3;10;11m▆[38;2;4;13;13m⣆[38;2;0;2;3m▁[38;2;21;47;47m⢀[38;2;0;0;0m  [38;2;0;44;0m⠁[48;2;2;2;3m[38;2;0;42;0m⠟[38;2;24;24;0m⢱[38;2;23;23;0m⡾[48;2;6;6;2m[38;2;22;22;0m⡉[48;2;2;2;3m[38;2;22;21;0m⡷[38;2;21;20;0m⢎[38;2;20;19;0m⠟[38;2;0;35;0m⠈[38;2;0;34;0m⠑[48;2;0;2;2m[38;2;2;2;3m▌[38;2;20;28;28m⠂⠅▂[38;2;20;27;27m⠁[38;2;0;0;0m [38;2;2;2;3m⠸[48;2;2;2;3m[38;2;16;5;28m▌[48;2;18;8;29m[38;2;32;29;35m⎺[48;2;2;2;3m[38;2;16;5;28m▌[48;2;18;8;28m[38;2;30;28;33m⎺[48;2;11;11;12m[38;2;17;13;24m▌[48;2;18;16;22m[38;2;22;21;23m⎺[48;2;15;15;15m[38;2;255;180;89m▐[0m
[48;2;15;15;15m[38;2;255;180;89m▌[48;2;22;23;23m[38;2;23;23;24m▇[48;2;11;11;12m[38;2;26;27;28m▌[48;2;2;2;3m[38;2;0;0;0m [48;2;32;34;35m [48;2;2;2;3m[38;2;32;34;35m▌[38;2;0;0;0m   [48;2;0;2;2m    [48;2;0;0;0m[38;2;47;52;68m⢨[38;2;47;54;69m⡁[38;2;42;46;59m⢴[38;2;42;48;60m⡌[38;2;37;41;51m⡅[38;2;38;44;53m▆[48;2;0;2;3m[38;2;21;38;38m⠄[38;2;0;0;0m [38;2;21;43;43m⡀⠂[38;2;21;44;44m⠁[38;2;7;18;19m⣠[48;2;35;9;44m[38;2;52;35;67m⎺[48;2;2;3;4m[38;2;33;5;41m▌[48;2;52;35;69m[38;2;35;5;42m▆[48;2;2;3;4m[38;2;35;5;43m▌[48;2;38;9;48m[38;2;53;36;70m⎺[48;2;2;3;4m[38;2;36;5;45m▌[48;2;38;9;50m[38;2;53;36;71m⎺[48;2;2;3;4m[38;2;36;5;46m▌[48;2;54;36;71m[38;2;36;5;48m▆[48;2;2;3;4m▌[48;2;54;36;72m[38;2;36;5;49m▆[48;2;36;5;49m[38;2;2;3;4m⠸[48;2;54;36;72m[38;2;37;5;49m▆[48;2;2;3;4m[38;2;36;5;49m▌[48;2;54;37;72m[38;2;37;5;50m▆[48;2;2;3;4m[38;2;36;5;49m▌[48;2;54;37;72m[38;2;37;5;50m▆[48;2;36;5;49m[38;2;2;3;4m⠸[48;2;54;36;72m[38;2;36;5;49m▆[48;2;2;3;4m[38;2;36;5;48m▌[48;2;39;9;51m[38;2;54;36;71m⎺[48;2;2;3;4m[38;2;36;5;47m▌[48;2;38;9;50m[38;2;53;36;71m⎺[48;2;36;5;45m[38;2;41;15;54m⣭[48;2;0;3;4m[38;2;0;0;0m [38;2;21;54;54m⠈[38;2;21;55;54m⠅[38;2;0;0;0m [48;2;0;2;3m[38;2;6;17;18m⣷[38;2;0;3;4m⣄[38;2;8;17;18m⢡[38;2;11;16;11m⣬[48;2;2;2;3m[38;2;20;20;1m⡤[38;2;0;0;0m [38;2;25;25;0m⢨[48;2;24;24;0m[38;2;2;2;3m⡀[48;2;2;2;3m[38;2;23;23;0m⡼[38;2;22;21;0m⠊[38;2;0;0;0m [38;2;22;21;0m⡀[38;2;0;0;0m [48;2;1;2;2m[38;2;19;19;0m⠤[48;2;0;2;2m[38;2;20;30;29m▖[38;2;20;28;28m▖[38;2;0;0;0m   [38;2;20;27;27m⢀[48;2;18;8;29m[38;2;32;29;35m⎺[48;2;2;2;3m[38;2;16;5;28m▌[48;2;18;8;29m[38;2;32;29;35m⎺[48;2;2;2;3m[38;2;16;5;28m▌[48;2;19;14;24m[38;2;26;25;28m⎺[48;2;16;16;16m[38;2;18;16;22m▌[48;2;15;15;15m[38;2;255;180;89m▐[0m
[48;2;15;15;15m[38;2;255;180;89m▌[48;2;23;23;24m[38;2;0;0;0m [48;2;11;11;12m[38;2;26;27;28m⣷[48;2;2;2;3m[38;2;32;34;35m▆[48;2;32;34;35m[38;2;0;0;0m [48;2;2;2;3m[38;2;32;34;35m▌[38;2;0;0;0m   [48;2;0;2;2m  [38;2;20;29;29m⠁[38;2;20;31;30m⠌[48;2;0;0;0m[38;2;47;55;70m⠸[38;2;47;57;71m⠓[38;2;42;49;61m⢿[38;2;42;52;63m▙[38;2;38;44;54m⠣[38;2;38;48;57m▬[48;2;0;2;3m[38;2;0;0;0m [38;2;21;45;45m⡀[38;2;0;0;0m [38;2;0;2;3m⣠[38;2;3;10;10m⣾[48;2;0;3;4m[38;2;21;53;53m⠢[48;2;2;3;4m[38;2;35;5;43m▌[48;2;38;9;48m[38;2;53;36;70m⎺[48;2;2;3;4m[38;2;36;5;45m▌[48;2;38;9;50m[38;2;54;36;71m⎺[48;2;2;3;4m[38;2;36;5;47m▌[48;2;54;36;72m[38;2;36;5;49m▆[48;2;2;3;4m▌[48;2;39;10;54m[38;2;55;37;73m⎺[48;2;2;3;5m[38;2;37;5;51m▌[48;2;39;10;55m[38;2;55;37;73m⎺[48;2;2;3;5m[38;2;37;6;52m▌[48;2;39;10;56m[38;2;55;37;73m⎺[48;2;2;3;5m[38;2;37;6;53m▌[48;2;39;10;56m[38;2;56;38;74m⎺[48;2;2;3;5m[38;2;37;6;53m▌[48;2;39;10;56m[38;2;56;38;74m⎺[48;2;2;3;5m[38;2;37;6;53m▌[48;2;39;10;56m[38;2;56;37;74m⎺[48;2;2;3;5m[38;2;37;6;52m▌[48;2;37;6;52m[38;2;44;18;61m⣍[48;2;2;3;5m[38;2;37;6;51m▌[48;2;39;10;54m[38;2;55;37;73m⎺[48;2;2;3;4m[38;2;37;5;50m▌[48;2;54;36;72m[38;2;37;5;49m▆[48;2;0;4;4m[38;2;22;63;62m⠔[48;2;1;2;3m[38;2;0;3;4m⠟[48;2;0;3;4m[38;2;0;4;4m⣄[38;2;0;3;4m⡀[38;2;21;57;57m⡁[38;2;0;0;0m [38;2;12;19;13m⣸[48;2;2;3;4m[38;2;32;32;0m⠁⣠[48;2;2;2;3m[38;2;16;17;1m▆[38;2;28;27;0m⢪[38;2;27;26;0m⣎[38;2;25;25;0m⢳[38;2;25;24;0m⣦[38;2;0;0;0m [38;2;22;21;0m⠁[38;2;21;20;0m⠐[38;2;0;0;0m [48;2;0;2;2m  [38;2;20;28;28m⠔[38;2;0;0;0m   [48;2;1;1;2m[38;2;16;5;28m▌[48;2;18;8;29m[38;2;32;29;35m⎺[48;2;1;1;2m[38;2;16;5;28m▌[48;2;18;8;29m[38;2;32;29;35m⎺[48;2;11;11;11m[38;2;18;13;24m▌[48;2;18;16;22m[38;2;23;22;24m⎺[48;2;15;15;15m[38;2;255;180;89m▐[0m
[48;2;15;15;15m[38;2;255;180;89m▌[48;2;15;16;16m[38;2;0;0;0m [48;2;11;11;12m[38;2;20;23;23m⠁[48;2;0;2;2m[38;2;20;27;27m⠄[38;2;0;0;0m [38;2;20;28;28m⠈[38;2;0;0;0m [38;2;20;28;28m⢀⠈[38;2;20;29;29m⠄[38;2;20;30;30m⡀[38;2;20;31;31m⢈[38;2;2;6;7m⣾[48;2;0;0;0m[38;2;48;59;73m⠸[38;2;48;62;76m⢳[38;2;43;53;64m⡡[38;2;43;57;68m▆[38;2;0;0;0m [38;2;38;53;61m⢢[48;2;0;2;3m[38;2;0;0;0m [38;2;0;3;4m⢀[38;2;21;49;48m⠁[48;2;0;3;4m[38;2;0;0;0m [38;2;21;56;56m⠐[38;2;0;0;0m [48;2;38;9;50m[38;2;53;36;71m⎺[48;2;2;3;4m[38;2;36;5;47m▌[48;2;39;9;52m[38;2;54;37;72m⎺[48;2;2;3;5m[38;2;37;5;50m▌[48;2;39;10;54m[38;2;55;37;73m⎺[48;2;2;3;5m[38;2;37;6;52m▌[48;2;39;10;56m[38;2;56;37;74m⎺[48;2;2;3;5m[38;2;37;6;53m▌[48;2;39;10;57m[38;2;56;38;74m⎺[48;2;37;6;55m[38;2;2;3;5m⠸[38;2;45;20;65m⣩[48;2;2;3;5m[38;2;37;6;56m▌[48;2;39;10;59m[38;2;57;38;75m⎺[48;2;2;3;6m[38;2;37;6;56m▌[48;2;39;10;59m[38;2;57;38;75m⎺[48;2;2;3;6m[38;2;37;6;56m▌[48;2;57;38;75m[38;2;37;6;57m▆[48;2;2;3;5m[38;2;37;6;56m▌[48;2;37;6;55m[38;2;45;19;64m⣍[38;2;2;3;5m⠸[48;2;37;6;54m[38;2;44;18;63m⣍[48;2;2;3;5m[38;2;37;6;54m▌[48;2;39;10;56m[38;2;56;38;74m⎺[48;2;37;6;52m[38;2;42;15;60m⣭[48;2;0;2;3m[38;2;0;4;4m⎺[48;2;1;2;3m[38;2;0;0;0m [48;2;0;4;4m [48;2;0;3;4m[38;2;22;63;62m⠂[38;2;8;26;26m⣦[38;2;14;41;41m⡅[38;2;21;56;55m⠐[38;2;0;0;0m [48;2;0;2;3m[38;2;21;52;52m⡐[38;2;0;2;3m⣄[38;2;0;0;0m   [48;2;2;2;3m[38;2;31;59;59m⢀[38;2;31;56;56m⣦[38;2;31;53;52m⠦[38;2;31;50;50m⢎[38;2;31;48;48m⣖[48;2;31;46;46m[38;2;0;2;2m⠙[48;2;24;35;34m[38;2;31;45;45m▖[48;2;1;2;2m[38;2;31;44;43m▂[48;2;0;2;2m[38;2;6;8;9m▆[38;2;2;2;3m▖⠰[48;2;1;1;1m[38;2;27;28;32m⢶[38;2;26;28;31m▆[48;2;0;1;1m⢰[48;2;0;2;2m▆[48;2;11;11;12m[38;2;23;24;26m▆[48;2;15;16;16m[38;2;21;21;22m▆[48;2;15;15;15m[38;2;255;180;89m▐[0m
[48;2;15;15;15m[38;2;255;180;89m▌[48;2;15;16;16m[38;2;0;0;0m [48;2;11;11;12m[38;2;20;23;23m⠠[48;2;0;2;2m[38;2;20;28;28m⢀⠄[38;2;0;0;0m [38;2;20;28;28m⠰[38;2;0;0;0m  [38;2;20;30;29m⡁[38;2;0;0;0m [38;2;0;2;3m⣾[48;2;0;2;3m[38;2;20;34;34m⡨[48;2;0;0;0m[38;2;48;63;76m⠸[38;2;48;66;79m⠹[38;2;43;58;68m⢢[38;2;43;60;70m⡉[38;2;38;53;61m▬[38;2;39;57;66m▗[48;2;0;2;3m[38;2;0;2;3m⣠[38;2;21;52;51m⠈[48;2;0;3;4m[38;2;0;0;0m [38;2;21;56;55m⠁[38;2;0;3;4m⣠[38;2;22;62;62m⠢[48;2;2;3;4m[38;2;36;5;48m▌[48;2;39;10;54m[38;2;55;37;73m⎺[48;2;2;3;5m[38;2;37;6;51m▌[48;2;39;10;56m[38;2;56;37;74m⎺[48;2;2;3;5m[38;2;37;6;54m▌[48;2;37;6;54m[38;2;44;18;63m⣩[48;2;2;3;5m[38;2;37;6;55m▌[48;2;37;6;56m[38;2;45;19;65m⣩[48;2;2;3;6m[38;2;37;6;57m▌[48;2;37;6;58m[38;2;45;19;65m⣩[48;2;2;3;6m[38;2;37;6;58m▌[48;2;37;6;58m[38;2;44;18;66m⣩[48;2;2;3;6m[38;2;37;6;59m▌[48;2;40;10;62m[38;2;58;39;76m⎺[48;2;2;3;6m[38;2;37;6;59m▌[48;2;40;10;62m[38;2;58;39;76m⎺[48;2;2;3;6m[38;2;37;6;59m▌[48;2;37;6;59m[38;2;44;18;65m⣍[48;2;2;3;6m[38;2;37;6;59m▌[48;2;37;6;58m[38;2;44;18;65m⣍[48;2;2;3;6m[38;2;37;6;58m▌[48;2;37;6;56m[38;2;44;17;64m⣍[48;2;2;3;5m[38;2;37;6;56m▌[48;2;37;6;55m[38;2;43;16;62m⣭[48;2;1;2;3m[38;2;0;0;0m  [48;2;0;4;4m[38;2;0;4;5m▇⣦[38;2;22;64;62m⢀[38;2;22;63;62m⠐[48;2;0;3;4m[38;2;7;23;23m⣮[38;2;21;58;58m⠜[38;2;21;57;57m⠄[38;2;0;0;0m [48;2;0;2;3m[38;2;3;11;11m▙[38;2;21;48;48m⢀[48;2;0;11;2m[38;2;21;59;43m⠸[48;2;6;41;13m[38;2;32;62;62m⠋[48;2;2;2;3m[38;2;0;45;0m▄[48;2;7;29;12m[38;2;31;55;55m⠋[48;2;2;2;3m[38;2;12;45;21m⢧[48;2;6;33;10m[38;2;31;50;49m⠋[48;2;2;2;3m[38;2;10;41;15m⢔[48;2;1;13;2m[38;2;31;46;45m▘[48;2;0;26;0m[38;2;31;44;43m⠋[48;2;2;2;3m[38;2;15;38;21m⡸[48;2;0;2;2m[38;2;15;38;20m⢇[38;2;2;2;3m▂[48;2;2;2;3m[38;2;32;34;35m▙⣜⠸[48;2;32;34;35m[38;2;0;0;0m [48;2;11;11;12m [48;2;16;16;16m [48;2;15;15;15m[38;2;255;180;89m▐[0m
[48;2;15;15;15m[38;2;255;180;89m▌[48;2;15;16;16m[38;2;19;21;21m⠈[48;2;11;11;12m[38;2;20;23;23m⢑[48;2;0;2;2m[38;2;0;0;0m  [38;2;20;28;28m⡀[38;2;0;0;0m [38;2;20;29;29m⡀[38;2;0;0;0m [48;2;2;6;6m[38;2;20;30;30m⎺[48;2;0;2;2m[38;2;0;2;3m▟[48;2;0;2;3m[38;2;0;0;0m [38;2;20;36;36m⢀[48;2;0;0;0m[38;2;48;66;79m▝[38;2;49;71;83m⣋[38;2;43;62;71m⢬[38;2;43;65;75m⣵[48;2;7;11;13m[38;2;39;56;65m⠸[48;2;0;0;0m[38;2;39;57;68m⡂[48;2;0;3;4m[38;2;21;51;51m⠁[38;2;21;54;54m⠂[38;2;0;0;0m [38;2;3;14;13m▟[48;2;0;4;4m[38;2;22;63;62m⠂[38;2;11;34;33m⢐[48;2;39;10;55m[38;2;55;37;73m⎺[48;2;1;2;3m[38;2;37;6;52m▌[48;2;37;6;54m[38;2;44;18;62m⣩[48;2;1;2;3m[38;2;37;6;55m▌[48;2;39;10;59m[38;2;57;38;75m⎺[48;2;1;2;4m[38;2;37;6;57m▌[48;2;37;6;58m[38;2;43;16;64m⣭[48;2;1;2;4m[38;2;37;6;59m▌[48;2;37;6;60m[38;2;47;22;68m⢩[48;2;1;2;4m[38;2;37;6;60m▌[48;2;37;6;60m[38;2;45;19;67m⣩[48;2;1;2;4m[38;2;37;6;61m▌[48;2;40;10;63m[38;2;58;40;77m⎺[48;2;1;2;4m[38;2;37;6;61m▌[48;2;37;6;61m[38;2;51;28;72m⡉[48;2;1;2;4m[38;2;37;6;61m▌[48;2;40;10;63m[38;2;58;40;77m⎺[48;2;1;2;4m[38;2;37;6;61m▌[48;2;37;6;61m[38;2;45;19;67m⣍[48;2;1;2;4m[38;2;37;6;60m▌[48;2;37;6;60m[38;2;45;19;67m⣍[48;2;1;2;4m[38;2;37;6;59m▌[48;2;37;6;58m[38;2;45;19;66m⣍[48;2;1;2;4m[38;2;37;6;58m▌[48;2;1;2;3m[38;2;1;2;4m⣷⣄[48;2;0;4;5m[38;2;0;0;0m [38;2;22;65;63m⡀[48;2;0;4;4m[38;2;0;4;5m⣷[38;2;11;34;34m▖[38;2;39;32;62m▗[48;2;0;3;4m[38;2;38;27;52m⡖[38;2;27;22;39m⡉[38;2;41;32;55m⠑[38;2;30;21;32m▂[48;2;0;2;3m[38;2;0;3;4m▙[38;2;5;21;12m⢺[48;2;1;12;3m[38;2;0;48;0m⠸[48;2;2;2;3m[38;2;0;46;0m⠓[48;2;0;35;0m[38;2;0;45;0m⡆[48;2;0;26;1m[38;2;0;42;0m▆[48;2;0;27;1m[38;2;0;41;0m▖[48;2;2;2;3m[38;2;0;38;0m⢪[38;2;0;37;0m⣵[38;2;0;36;0m⣭[38;2;0;35;0m⣷[48;2;0;26;0m⡆[48;2;2;2;3m[38;2;0;34;0m⠒[48;2;33;35;36m[38;2;33;35;36m▖[48;2;32;34;35m▖[48;2;1;2;2m[38;2;32;34;35m⠸[48;2;32;34;35m[38;2;0;0;0m [48;2;26;27;28m [48;2;23;23;24m [48;2;15;15;15m[38;2;255;180;89m▐[0m
[48;2;15;15;15m[38;2;255;180;89m▌[48;2;16;16;16m[38;2;17;16;19m▌[48;2;15;12;19m[38;2;26;25;28m▂[48;2;2;2;3m[38;2;10;3;18m▌[48;2;10;3;18m[38;2;32;30;35m▂[48;2;2;2;3m[38;2;10;3;18m▌[48;2;10;3;19m[38;2;34;32;37m▂[48;2;0;2;2m[38;2;20;29;29m⡈[38;2;20;30;30m⠁[38;2;6;12;12m⢨[48;2;0;2;3m[38;2;20;33;33m⡀[38;2;0;0;0m [38;2;20;37;37m⢀[48;2;9;14;16m[38;2;49;71;83m⠸[48;2;0;0;0m[38;2;49;75;87m⣪[38;2;43;64;73m⡌[38;2;44;66;78m⣭[38;2;39;57;68m▝[38;2;39;57;71m⡣[48;2;0;3;4m[38;2;0;0;0m [38;2;21;59;58m⠈[38;2;3;13;13m⣺[48;2;0;4;4m[38;2;0;0;0m [38;2;11;34;33m⢄[38;2;0;4;5m⣾[48;2;21;26;34m[38;2;48;57;73m▗[48;2;25;30;39m[38;2;48;57;74m⣰[48;2;1;1;2m⢰[38;2;48;58;74m⡶⣆[38;2;49;58;75m⡆▆[48;2;28;34;44m[38;2;49;59;76m⣠[48;2;1;1;2m[38;2;49;59;75m▆[38;2;49;59;76m▆▆[48;2;29;35;46m▃[48;2;1;2;4m[38;2;0;0;0m [38;2;59;40;78m⣠▆⣄[48;2;1;1;2m[38;2;1;2;4m▌[48;2;28;34;44m[38;2;50;59;76m▃[48;2;1;1;2m[38;2;49;59;76m⢲⣖⡆[38;2;49;59;75m▆[38;2;49;58;75m⡶[38;2;0;0;0m [38;2;1;2;4m⠸[48;2;1;2;4m[38;2;0;0;0m [48;2;0;4;5m[38;2;22;65;64m⠈⠁[38;2;0;0;0m  [48;2;0;4;4m[38;2;0;4;5m⣆[48;2;0;0;0m[38;2;43;37;67m⡭[38;2;48;42;74m⣚[38;2;48;42;73m⣓[38;2;45;43;65m⢤[48;2;0;3;4m[38;2;36;25;44m⠢[48;2;0;2;3m[38;2;0;3;4m▙[38;2;2;3;4m▄[48;2;2;2;3m[38;2;0;48;0m⠟[38;2;27;27;0m⢱[38;2;26;25;0m⡾[48;2;6;6;2m[38;2;24;24;0m⡉[48;2;13;12;1m[38;2;23;23;0m▌[48;2;2;2;3m[38;2;22;21;0m⢎[38;2;20;20;0m⠟[48;2;1;6;2m[38;2;0;35;0m⎺[48;2;2;2;3m⠁[38;2;0;0;0m [48;2;1;1;2m[38;2;36;39;43m⢰[38;2;35;38;42m⢲⡲⡶[48;2;17;18;19m[38;2;28;30;32m⡂[48;2;15;16;16m[38;2;0;0;0m [48;2;15;15;15m[38;2;255;180;89m▐[0m
[48;2;15;15;15m[38;2;255;180;89m▌[48;2;18;16;22m[38;2;23;22;24m⎺[48;2;11;11;12m[38;2;18;13;24m▌[48;2;19;8;29m[38;2;32;30;35m⎺[48;2;2;2;3m[38;2;17;5;29m▌[48;2;19;8;30m[38;2;33;31;36m⎺[48;2;2;2;3m[38;2;17;5;29m▌[48;2;0;2;2m[38;2;0;0;0m [38;2;20;31;30m⠁[38;2;0;2;3m▟[48;2;0;2;3m[38;2;20;34;34m⠈[38;2;0;0;0m  [48;2;0;0;0m[38;2;49;74;86m⢨[38;2;50;78;91m⠸[38;2;44;65;75m⠅[38;2;44;66;80m▛[38;2;39;57;69m⡂[48;2;39;57;73m[38;2;40;58;75m⢰[48;2;0;3;4m[38;2;0;0;0m [38;2;0;3;4m⢰[48;2;0;4;4m[38;2;22;63;62m⠂[38;2;0;0;0m [38;2;22;64;63m⢂[48;2;0;4;5m[38;2;0;0;0m [48;2;34;42;47m[38;2;57;70;75m⢰[48;2;1;2;5m⣝[48;2;12;15;18m[38;2;57;70;76m⠸[48;2;2;3;6m[38;2;58;71;77m⡧[48;2;58;71;77m[38;2;58;72;78m⣰[48;2;1;2;4m▌[48;2;59;72;78m[38;2;0;0;0m [48;2;2;3;6m [48;2;13;17;20m[38;2;59;72;79m⠸[48;2;2;3;6m[38;2;59;73;79m▌[38;2;0;0;0m [48;2;59;73;79m[38;2;60;73;79m▄[48;2;12;9;19m[38;2;59;40;78m⠸[48;2;2;3;6m▛[48;2;59;40;78m[38;2;60;41;79m▄[48;2;2;3;6m[38;2;59;40;78m▜[48;2;1;2;4m▌[48;2;46;57;62m[38;2;60;73;79m⣄[48;2;59;73;79m[38;2;59;73;79m▂[48;2;2;3;6m⣹[48;2;1;2;4m[38;2;59;72;79m▌[48;2;38;46;51m[38;2;59;73;79m▂[48;2;1;2;5m[38;2;59;72;78m⢞[48;2;1;2;4m[38;2;0;0;0m   [48;2;0;4;5m [38;2;23;65;64m⢂[38;2;22;65;64m⠠[38;2;22;65;63m⡀[38;2;34;28;54m▝[48;2;0;0;0m[38;2;46;36;63m⣆[38;2;51;67;107m⠺[38;2;51;67;103m⠗[38;2;45;35;60m⣰[48;2;0;3;4m[38;2;34;27;44m▘[38;2;2;3;4m⠸[48;2;2;3;4m[38;2;33;33;0m⡀[48;2;2;2;3m[38;2;30;30;0m⠤[38;2;0;0;0m [48;2;7;6;2m[38;2;26;25;0m⠸[48;2;17;17;1m[38;2;25;25;0m▘[48;2;2;2;3m[38;2;23;23;0m▞[38;2;22;22;0m▘[38;2;0;0;0m [38;2;20;20;0m⡀[38;2;0;0;0m [38;2;19;18;0m⠤[48;2;1;1;2m[38;2;37;40;44m⠸[38;2;36;39;43m⠼[48;2;23;25;28m▖[48;2;1;1;2m[38;2;35;38;42m⡧[48;2;14;14;15m[38;2;25;27;30m▬[48;2;15;16;16m[38;2;18;19;19m⠠[48;2;15;15;15m[38;2;255;180;89m▐[0m
[48;2;15;15;15m[38;2;255;180;89m▌[48;2;16;16;16m[38;2;18;16;22m▌[48;2;19;14;24m[38;2;26;25;28m⎺[48;2;2;2;3m[38;2;17;5;29m▌[48;2;19;8;30m[38;2;33;31;36m⎺[48;2;2;2;3m[38;2;17;5;29m▌[48;2;20;9;30m[38;2;35;33;37m⎺[48;2;0;2;2m[38;2;20;31;30m⢀[38;2;10;17;17m▝[48;2;0;2;3m[38;2;0;0;0m  [38;2;20;37;37m⢀[38;2;21;38;38m⠄[48;2;0;0;0m[38;2;0;0;0m [38;2;50;78;91m⡚[38;2;44;66;79m⢤[38;2;44;67;83m⣦[38;2;39;57;73m▗[38;2;40;57;76m⣅[48;2;0;3;4m[38;2;0;0;0m [48;2;0;4;4m[38;2;22;62;61m⠁[38;2;0;0;0m [38;2;3;14;14m⢺[48;2;0;4;5m[38;2;22;64;63m⠂[38;2;0;0;0m [48;2;2;3;6m[38;2;57;70;75m⢷[48;2;57;70;76m[38;2;58;71;77m⢰[48;2;1;2;4m⠸[48;2;58;71;77m[38;2;58;72;78m⢰[48;2;58;72;78m[38;2;59;72;78m▟[48;2;1;2;4m⠇[48;2;48;59;64m[38;2;59;73;79m▗[48;2;59;73;79m[38;2;0;0;0m [38;2;59;73;79m⢀[38;2;60;73;79m⣴[48;2;60;73;79m[38;2;0;0;0m [48;2;1;2;5m[38;2;60;73;79m⡿[48;2;1;2;4m[38;2;60;41;79m⠸[48;2;1;2;5m⡗[48;2;60;41;79m[38;2;0;0;0m [48;2;1;2;5m[38;2;60;41;79m⢺▌[48;2;40;49;54m[38;2;60;73;79m⢄[48;2;60;73;79m[38;2;0;0;0m [48;2;2;3;6m[38;2;59;73;79m▙[48;2;1;2;4m▌[48;2;59;73;79m[38;2;0;0;0m [48;2;1;2;4m[38;2;59;72;78m⡯[38;2;0;0;0m   [48;2;0;4;5m   [38;2;22;65;64m⢀[38;2;22;64;63m⠁[48;2;0;4;4m⠐⡀[38;2;0;0;0m [48;2;1;8;8m[38;2;5;18;18m▎[48;2;0;3;4m[38;2;21;57;56m⠐[38;2;13;13;2m⠸[48;2;2;3;4m[38;2;34;34;0m⠁[38;2;31;31;0m⣠[48;2;2;2;3m[38;2;30;29;0m⡔[38;2;27;26;0m⢪[48;2;19;19;0m[38;2;26;25;0m▌[48;2;2;2;3m[38;2;24;23;0m⢳[38;2;22;22;0m⣦[38;2;0;0;0m [38;2;21;20;0m⠁[38;2;19;19;0m⠐[38;2;0;0;0m [48;2;1;1;2m [38;2;18;17;0m⠠⠟⠧[48;2;11;11;11m[38;2;0;0;0m [48;2;15;16;16m[38;2;18;19;19m⠐[48;2;15;15;15m[38;2;255;180;89m▐[0m
[48;2;15;15;15m[38;2;255;180;89m▌[48;2;19;16;22m[38;2;23;22;24m⎺[48;2;11;11;12m[38;2;18;13;24m▌[48;2;19;8;29m[38;2;32;30;35m⎺[48;2;2;2;3m[38;2;17;5;29m▌[48;2;19;8;30m[38;2;34;32;37m⎺[48;2;2;2;3m[38;2;18;5;29m▌[38;2;0;0;0m  [48;2;0;2;3m [38;2;20;34;34m⡈[38;2;0;0;0m [38;2;21;40;39m⠠[48;2;0;0;0m[38;2;49;77;89m⠐[48;2;16;26;31m[38;2;50;79;92m⠟[48;2;0;0;0m[38;2;44;66;80m⢈[38;2;44;67;83m⡅[48;2;8;11;14m[38;2;40;57;74m⠸[48;2;40;58;77m[38;2;0;0;0m⢐[48;2;0;3;4m[38;2;21;60;60m⡈[48;2;0;4;4m[38;2;22;63;62m⢀⡀[38;2;0;4;5m⣾[48;2;0;4;5m[38;2;0;0;0m [38;2;22;65;63m⠂[38;2;23;65;64m⡀[38;2;0;0;0m  [38;2;4;15;16m⢹[48;2;0;5;6m[38;2;0;0;0m [38;2;23;66;65m⠒[38;2;60;85;106m⢰[48;2;0;3;5m⢲⡲[48;2;0;4;5m[38;2;60;85;107m⡶⣲[48;2;0;5;6m[38;2;0;0;0m [38;2;51;105;182m⢀⡀[38;2;73;118;229m⡶[38;2;60;90;174m⢀[38;2;0;0;0m [38;2;73;117;229m╱[38;2;0;0;0m  [38;2;23;67;66m⢂[38;2;0;0;0m  [38;2;23;66;65m⠄[38;2;0;0;0m [48;2;0;4;5m[38;2;23;66;65m⠐[38;2;0;0;0m [38;2;23;66;64m⠄[38;2;23;65;64m⠁[38;2;22;65;64m⠈[38;2;22;65;63m⡀[38;2;0;0;0m [48;2;0;4;4m[38;2;0;4;5m▎[38;2;22;63;62m⢀[48;2;0;3;4m[38;2;4;15;15m▊[38;2;21;59;59m⡀[38;2;0;0;0m [38;2;21;51;51m⠠[48;2;0;2;3m[38;2;21;48;48m⢁[38;2;21;46;46m⡀[38;2;0;3;4m▊[38;2;32;37;0m⢢[38;2;30;36;0m⡔[38;2;0;2;4m▇[48;2;3;7;8m[38;2;0;2;3m▎[48;2;0;2;2m▊[38;2;20;31;31m⠁[38;2;20;30;29m⠨[38;2;20;29;29m⠂[38;2;0;0;0m [38;2;20;28;28m⠠[38;2;0;0;0m [48;2;11;11;12m[38;2;20;24;24m⢀[48;2;15;16;16m[38;2;0;0;0m [48;2;15;15;15m[38;2;255;180;89m▐[0m
[48;2;15;15;15m[38;2;255;180;89m▌[48;2;16;16;16m[38;2;18;16;22m▌[48;2;19;14;24m[38;2;26;25;28m⎺[48;2;2;2;3m[38;2;17;5;29m▌[48;2;19;8;30m[38;2;33;31;36m⎺[48;2;2;2;3m[38;2;17;5;29m▌[48;2;20;9;30m[38;2;35;33;37m⎺[48;2;2;2;3m[38;2;0;0;0m  [48;2;0;2;3m [38;2;20;35;35m⠐[38;2;0;0;0m  [48;2;9;15;17m[38;2;50;77;89m⠸[48;2;0;0;0m[38;2;50;79;92m⠗[48;2;44;66;79m[38;2;0;0;0m▘[48;2;0;0;0m[38;2;44;67;83m⡧[38;2;40;57;74m⢀[38;2;40;58;77m⡥[48;2;0;3;4m[38;2;0;3;4m[48;2;0;4;4m[38;2;22;63;62m⠈ [38;2;0;0;0m [48;2;0;4;5m[38;2;22;64;63m⠂⠈[38;2;22;65;63m⠂[38;2;0;0;0m  [38;2;23;66;64m⡀[38;2;3;15;15m▜[48;2;0;5;6m[38;2;23;66;65m⠈⠠[38;2;60;85;106m⠸[48;2;0;3;5m⠼[48;2;1;2;4m⣮[48;2;0;3;5m[38;2;60;85;107m⡧[48;2;0;4;5m[38;2;61;85;107m⠾[48;2;0;5;6m[38;2;0;0;0m [38;2;51;105;182m⢿[48;2;2;3;7m⡿[48;2;45;64;123m[38;2;73;118;229m▬[48;2;0;5;6m[38;2;60;90;174m⠋[38;2;66;104;201m⠞[38;2;59;90;174m⠄[38;2;24;67;66m⠂[38;2;0;0;0m [38;2;23;67;66m⠂[38;2;0;0;0m   [48;2;1;2;4m [38;2;42;98;149m▗[38;2;52;101;168m▬[38;2;41;97;144m▖[38;2;0;0;0m [48;2;0;4;5m [38;2;22;64;63m⢁⢀[48;2;1;9;8m[38;2;5;19;19m▎[48;2;0;4;4m[38;2;0;0;0m [48;2;0;3;4m[38;2;0;4;4m▊[38;2;0;0;0m  [38;2;21;52;52m⠄[48;2;0;2;3m[38;2;21;49;49m⡀[38;2;21;46;46m⠄[48;2;0;2;4m[38;2;34;40;0m⠼[38;2;0;37;56m⢹[48;2;0;19;29m▌[48;2;0;2;4m[38;2;28;34;0m⡹[48;2;0;2;3m[38;2;0;2;4m▎[48;2;0;2;2m[38;2;3;6;7m▊[38;2;20;31;30m⠐[38;2;0;0;0m [38;2;20;28;28m⠐⠠[38;2;0;0;0m  [48;2;11;11;12m [48;2;15;16;16m[38;2;19;21;21m⡰[48;2;15;15;15m[38;2;255;180;89m▐[0m
[48;2;15;15;15m[38;2;255;180;89m▌[48;2;18;16;22m[38;2;20;18;22m⢹[48;2;11;11;11m[38;2;18;13;24m▌[48;2;19;8;29m[38;2;32;30;35m⎺[48;2;1;1;2m[38;2;17;5;29m▌[48;2;19;8;30m[38;2;34;32;37m⎺[48;2;1;1;2m[38;2;18;5;29m▌[48;2;2;2;3m[38;2;0;0;0m  [48;2;0;2;3m[38;2;20;33;33m⠈[38;2;20;34;34m⡠[38;2;0;0;0m  [48;2;0;0;0m[38;2;49;76;88m⢨[38;2;50;78;91m⣅[38;2;44;66;78m⢖[38;2;44;67;83m⣦[48;2;7;11;14m[38;2;40;57;73m⠸[48;2;0;0;0m[38;2;40;58;76m⣝[48;2;0;3;4m[38;2;21;59;59m⡀[48;2;0;4;4m[38;2;22;63;62m⠂⠁[38;2;0;4;5m▜[48;2;0;4;5m[38;2;29;68;116m⢄[38;2;29;69;120m⣦[38;2;29;70;123m⡠[38;2;50;75;135m▗[38;2;0;0;0m [38;2;10;31;31m⢙[48;2;0;5;6m[38;2;23;66;65m⠌⠂[38;2;0;0;0m [38;2;41;37;0m⠠⠟⠧[38;2;0;0;0m   [38;2;59;90;174m⣸[48;2;4;9;15m[38;2;28;39;71m⎺[48;2;0;5;6m[38;2;59;90;174m⣇[38;2;0;0;0m   [38;2;11;36;36m▝[38;2;0;0;0m [38;2;23;67;65m⠌[38;2;0;0;0m [38;2;23;66;65m⠄[48;2;1;2;4m[38;2;42;99;151m⢎[38;2;32;76;112m⢙[48;2;42;33;119m[38;2;48;101;161m⠟[48;2;0;4;5m[38;2;32;76;108m⡋[48;2;0;3;4m[38;2;40;96;138m⢱[48;2;0;4;5m[38;2;0;0;0m   [48;2;0;4;4m[38;2;22;64;62m⠐[38;2;22;63;62m⠁[48;2;0;3;4m[38;2;0;3;4m▌[38;2;0;0;0m [38;2;21;54;54m⠈[48;2;0;2;3m[38;2;0;3;4m⡿[38;2;21;46;46m⢀[38;2;0;0;0m [48;2;0;2;4m[38;2;5;12;14m▊[38;2;35;57;67m⡏[38;2;35;52;63m▝[38;2;34;50;61m⣢[48;2;0;2;3m[38;2;0;2;4m▎[48;2;0;2;2m[38;2;0;2;3m▊[38;2;20;30;30m⡐[38;2;20;30;29m⠅[38;2;0;0;0m [38;2;20;28;28m⠐⠠⠈[48;2;11;11;12m[38;2;20;24;24m⡠[48;2;15;16;16m[38;2;0;0;0m [48;2;15;15;15m[38;2;255;180;89m▐[0m
[48;2;15;15;15m[38;2;255;180;89m▌[48;2;16;16;16m[38;2;21;21;22m⢶[48;2;11;11;11m[38;2;23;24;26m▆[48;2;1;1;1m[38;2;0;0;0m [38;2;28;29;32m▆▆[38;2;2;2;3m⠸[48;2;2;2;3m[38;2;0;0;0m  [48;2;0;2;2m[38;2;0;2;3m⢿[48;2;0;2;3m[38;2;0;0;0m [38;2;20;35;35m⠂[38;2;0;0;0m [48;2;0;0;0m[38;2;49;75;87m⠸[38;2;49;78;90m⠏[38;2;44;66;77m⢶[38;2;44;66;81m⣦[38;2;39;57;72m⢘[38;2;39;57;75m⣫[48;2;0;3;4m[38;2;21;59;58m⢀[38;2;4;15;15m▜[48;2;0;4;4m[38;2;22;63;62m⠂[38;2;0;4;4m▝[48;2;0;4;5m[38;2;52;0;88m⡠[38;2;56;69;74m⣭[38;2;53;0;92m⡤[38;2;40;0;64m⠤[38;2;57;71;76m⠄[48;2;4;15;16m[38;2;0;0;0m [48;2;0;4;5m[38;2;7;25;25m⠙[48;2;0;5;6m[38;2;23;66;65m⡀⠁[38;2;0;0;0m [38;2;41;37;0m⠰[38;2;59;73;79m⡶[38;2;44;31;52m▂[38;2;0;0;0m [38;2;60;40;79m⠏[38;2;60;41;79m⠅[38;2;60;40;79m⡥[38;2;60;41;79m⠅[38;2;60;40;79m⡖[38;2;59;40;78m⡂⠏⠅⡥⠅⡖[38;2;59;40;77m⡂[48;2;1;2;4m[38;2;26;77;107m⢀[48;2;16;49;68m⠌[48;2;48;100;159m[38;2;48;100;157m⣰[48;2;0;4;5m[38;2;25;76;102m▙[38;2;25;76;98m⡀[38;2;42;29;57m⡂[38;2;56;38;74m⠏[48;2;0;4;4m[38;2;18;15;27m▊[38;2;55;37;72m⡥[48;2;0;3;4m[38;2;54;36;72m⠅[38;2;53;36;71m⡖[38;2;53;36;70m⡂[38;2;52;35;70m⠏[48;2;0;2;3m[38;2;26;18;36m▌[38;2;51;34;64m⡥[38;2;51;34;60m⠅[38;2;51;34;56m⡖[38;2;50;34;52m⡂[38;2;47;33;49m⠏[38;2;44;33;46m⠅[38;2;41;33;43m⡥[48;2;0;2;2m[38;2;19;17;22m▌[38;2;37;33;39m⡖[38;2;35;33;38m⡂[38;2;34;32;37m⠏[38;2;33;31;36m⠅[38;2;32;30;35m⡥⠅[48;2;11;11;12m[38;2;26;25;28m⡖[48;2;15;16;16m[38;2;23;22;24m⡂[48;2;15;15;15m[38;2;255;180;89m▐[0m
[48;2;15;15;15m[38;2;255;180;89m▌[48;2;16;16;16m[38;2;23;23;24m▙[48;2;11;11;12m[38;2;26;27;28m⣜[48;2;2;2;3m[38;2;0;0;0m [48;2;32;34;35m[38;2;33;35;36m▜[48;2;33;35;36m⠸[48;2;2;2;3m[38;2;0;0;0m   [48;2;0;2;2m[38;2;0;2;3m⢹[48;2;0;2;3m[38;2;0;0;0m [38;2;20;35;35m⠕[38;2;0;0;0m [48;2;0;0;0m[38;2;49;72;84m⢘[38;2;49;75;87m⡗[48;2;43;65;75m[38;2;0;0;0m⠄[48;2;0;0;0m[38;2;44;66;79m⠗[38;2;39;57;69m⢰[38;2;39;57;72m⣌[48;2;0;3;4m[38;2;21;58;58m⠈[38;2;0;0;0m [38;2;22;62;62m⠌[48;2;0;4;4m[38;2;55;68;73m⠈[38;2;21;1;34m⣸[48;2;48;0;79m[38;2;52;0;90m▝[48;2;0;4;5m[38;2;40;0;61m⣦[38;2;9;14;25m[48;2;44;70;120m▊[48;2;0;4;5m[38;2;0;0;0m   [38;2;0;5;6m⠈[38;2;23;66;65m⡀[48;2;0;5;6m[38;2;41;37;0m⠎[48;2;0;0;0m[38;2;44;31;51m⣖[38;2;44;31;52m⠞[48;2;0;5;6m[38;2;41;37;0m⠐[38;2;59;73;79m⠁[38;2;59;40;78m⠏⠅⡥⠅⡖⡂⠏⠅⡥[38;2;59;40;77m⠅[48;2;0;4;5m[38;2;58;40;77m⡖[38;2;29;22;41m⡋[38;2;58;39;77m⠏[38;2;58;39;76m⠅[38;2;57;39;75m⡥[38;2;57;38;75m⠅[38;2;56;38;74m⡖⡂[48;2;0;4;4m[38;2;55;37;73m⠏⠅[38;2;54;36;72m⡥[48;2;0;3;4m[38;2;54;36;71m⠅[38;2;53;36;70m⡖[38;2;53;35;70m⡂[48;2;0;2;3m[38;2;52;35;69m⠏[38;2;52;35;67m⠅[38;2;51;34;61m⡥[38;2;51;34;58m⠅[38;2;51;34;54m⡖[38;2;49;34;51m⡂[38;2;45;33;48m⠏[38;2;43;33;45m⠅[48;2;0;2;2m[38;2;40;33;42m⡥[38;2;38;33;40m⠅[38;2;36;33;39m⡖[38;2;35;33;37m⡂[38;2;34;32;37m⠏[38;2;33;31;36m⠅[38;2;32;30;35m⡥⠅[48;2;11;11;12m[38;2;26;25;28m⡖[48;2;15;16;16m[38;2;23;22;24m⡂[48;2;15;15;15m[38;2;255;180;89m▐[0m
[48;2;15;15;15m[38;2;255;180;89m▌[48;2;23;23;24m[38;2;0;0;0m [48;2;26;27;28m[38;2;26;28;28m▝[48;2;2;2;3m[38;2;0;0;0m [48;2;32;34;35m[38;2;32;34;35m▝[48;2;2;2;3m[38;2;33;35;36m▛[38;2;0;0;0m   [48;2;0;2;2m[38;2;20;31;31m⠁[38;2;0;2;3m⢿[48;2;0;2;3m[38;2;20;33;33m⡀[38;2;20;35;35m⠄[48;2;0;0;0m[38;2;48;68;81m⢘[38;2;49;73;85m⢋[38;2;43;62;71m⣴[38;2;44;65;74m⡂[38;2;39;56;66m⠻[38;2;39;57;69m⠗[48;2;0;3;4m[38;2;0;0;0m [38;2;21;58;58m⠐[38;2;10;30;31m⡈[38;2;0;4;4m⢿[48;2;0;4;4m[38;2;22;63;62m⠄[38;2;7;24;24m⠸[38;2;0;4;5m⢿[48;2;0;4;5m[38;2;0;0;0m [38;2;22;65;64m⠈[38;2;0;0;0m  [38;2;23;65;64m⢀[38;2;0;0;0m [38;2;0;5;6m⠈[38;2;38;55;137m⣇[38;2;6;12;26m⢿[48;2;0;5;6m[38;2;38;55;140m⣆[38;2;0;0;0m [38;2;59;40;78m⠏⠅[38;2;59;40;77m⡥[38;2;59;40;78m⠅[38;2;59;40;77m⡖⡂⠏[48;2;0;4;5m⠅[38;2;58;39;77m⡥[38;2;29;22;41m⠏[38;2;58;39;76m⡖⡂[38;2;57;39;76m⠏[38;2;57;39;75m⠅[38;2;56;38;75m⡥[38;2;56;38;74m⠅⡖[48;2;0;4;4m[38;2;19;15;28m▛[38;2;55;37;73m⠏[38;2;54;37;72m⠅[48;2;0;3;4m[38;2;54;36;71m⡥[38;2;53;36;71m⠅[38;2;53;35;70m⡖[48;2;0;2;3m[38;2;52;35;69m⡂[38;2;52;35;68m⠏[38;2;51;34;64m⠅[38;2;51;34;59m⡥[38;2;51;34;56m⠅[38;2;49;34;51m⡖[38;2;46;33;49m⡂[38;2;44;33;46m⠏[38;2;41;33;43m⠅[48;2;0;2;2m[38;2;38;33;41m⡥[38;2;37;33;40m⠅[38;2;35;33;38m⡖[38;2;34;32;37m⡂[38;2;33;31;36m⠏⠅[38;2;32;30;35m⡥⠅[48;2;11;11;12m[38;2;26;25;28m⡖[48;2;15;16;16m[38;2;23;22;24m⡂[48;2;15;15;15m[38;2;255;180;89m▐[0m
[48;2;15;15;15m[38;2;255;180;89m▌[48;2;16;16;16m[38;2;23;23;24m▆[48;2;11;11;12m[38;2;26;27;28m▆[48;2;2;2;3m[38;2;32;34;35m▆▆[48;2;22;23;24m⠰[48;2;2;2;3m[38;2;0;0;0m   [48;2;0;2;2m [38;2;0;2;2m▝[38;2;20;32;32m⠢[48;2;0;2;3m[38;2;20;33;33m⡀[48;2;9;12;15m[38;2;48;65;78m⠸[48;2;0;0;0m[38;2;48;67;80m⡥[38;2;43;58;69m⠳[38;2;43;62;72m▘[38;2;38;54;62m⢶[38;2;39;56;66m⠴[48;2;0;2;3m[38;2;3;10;11m▜[48;2;0;3;4m[38;2;0;0;0m [38;2;21;58;58m⠐[38;2;21;59;59m⠠[38;2;0;4;4m⠻[48;2;0;4;4m[38;2;22;63;62m⠠[38;2;22;64;63m⠈[48;2;2;3;5m[38;2;35;92;88m⢀[38;2;35;92;89m⣴[38;2;36;93;90m▬[38;2;36;94;90m⢎[48;2;2;3;6m▆[38;2;36;95;91m⣴[38;2;37;95;91m⣦[38;2;37;95;92m▂[38;2;37;96;92m⡀[48;2;0;4;5m[38;2;2;3;6m▌[38;2;11;35;35m⠨[38;2;0;4;5m⠙⠋[38;2;7;25;25m⠩⠋[38;2;0;4;5m⠋[38;2;0;5;6m⠁[38;2;0;0;0m [38;2;23;66;64m⠊⠂[38;2;23;65;64m⢢[38;2;0;0;0m  [38;2;57;38;75m⠏[38;2;56;38;74m⠅⡥[48;2;0;4;4m[38;2;17;14;26m⡿[38;2;55;37;73m⠏[38;2;55;37;72m⠅[48;2;0;3;4m[38;2;22;63;62m⠈[38;2;7;22;22m⠓[38;2;21;58;58m⠈[38;2;21;55;55m⠄[48;2;0;2;3m[38;2;0;3;4m⡿[38;2;10;26;27m▘[38;2;21;44;44m⢀[38;2;21;43;43m⠐[38;2;21;40;40m⡀[38;2;0;0;0m [38;2;20;36;36m⠠[38;2;0;0;0m [38;2;20;32;32m⠠[48;2;0;2;2m[38;2;3;7;8m▛[38;2;20;31;30m⡀[38;2;0;0;0m  [38;2;20;28;28m⠠⠁⠈⠐[38;2;0;0;0m [48;2;11;11;12m [48;2;15;16;16m [48;2;15;15;15m[38;2;255;180;89m▐[0m
[48;2;15;15;15m[38;2;255;180;89m▌[48;2;23;23;24m[38;2;0;0;0m [48;2;11;11;12m[38;2;26;27;28m▌[48;2;2;2;3m[38;2;0;0;0m [48;2;32;34;35m  [48;2;2;2;3m   [48;2;0;2;2m[38;2;20;30;29m⠐[38;2;0;0;0m [38;2;10;16;17m⠝[38;2;0;2;3m⢿[48;2;0;0;0m[38;2;48;60;74m⢰[48;2;48;64;77m[38;2;0;0;0m⠠[48;2;0;0;0m[38;2;43;54;65m▟[38;2;43;59;69m⢘[38;2;38;50;58m⢀[38;2;38;53;61m⡥[48;2;0;2;3m[38;2;0;0;0m [38;2;4;11;12m⡹[38;2;21;53;53m⠁[48;2;0;3;4m[38;2;21;54;54m⢀[38;2;21;59;59m⠑[38;2;11;33;33m▝[38;2;0;44;0m⢰[48;2;20;80;50m[38;2;2;3;4m⠠[48;2;2;3;5m[38;2;0;68;0m▄[38;2;0;72;0m⡻[38;2;35;92;89m⢧[38;2;35;93;89m⡻[38;2;18;84;45m⢜[48;2;0;77;0m[38;2;1;10;4m━[48;2;36;94;90m[38;2;5;12;14m▗[48;2;2;3;5m[38;2;0;79;0m⡸[48;2;2;3;6m[38;2;36;95;91m⢇[48;2;0;3;5m[38;2;23;65;64m⠊[48;2;0;4;5m[38;2;0;0;0m  [38;2;23;65;64m⠠⠐[38;2;0;0;0m       [38;2;22;65;63m⠈[48;2;0;4;4m[38;2;56;38;74m⠏[38;2;20;16;29m⠟[38;2;55;37;73m⡥[38;2;55;37;72m⠅[48;2;0;3;4m[38;2;54;36;72m⠏[38;2;27;20;37m⠏[38;2;21;60;59m⠈[38;2;21;55;55m⡀[38;2;21;53;53m⣅[48;2;0;2;3m[38;2;0;3;4m▛[38;2;21;49;48m⠈[38;2;0;0;0m [38;2;21;42;42m⠐[38;2;0;0;0m [38;2;21;38;38m⠄⠁[38;2;20;34;34m⠐[38;2;0;0;0m [48;2;0;2;2m[38;2;0;2;3m▛[38;2;20;31;30m⡀[38;2;0;0;0m [38;2;20;29;29m⠆[38;2;20;28;28m⠐[38;2;0;0;0m [38;2;20;28;28m⡐⠈[38;2;0;0;0m [38;2;20;27;27m⡈[48;2;11;11;12m[38;2;0;0;0m [48;2;15;16;16m [48;2;15;15;15m[38;2;255;180;89m▐[0m
[48;2;15;15;15m[38;2;255;180;89m▌[48;2;23;23;24m[38;2;0;0;0m [48;2;11;11;12m[38;2;26;27;28m⣷[48;2;2;2;3m[38;2;32;34;35m▆[48;2;32;34;35m[38;2;0;0;0m [48;2;2;2;3m[38;2;32;34;35m▛[38;2;0;0;0m   [48;2;0;2;2m[38;2;20;28;28m⢀[38;2;0;0;0m  [38;2;0;2;2m▝[48;2;0;0;0m[38;2;47;57;71m⢨[38;2;48;59;73m⡰[38;2;48;63;76m⠷[38;2;45;59;70m⠱[38;2;43;56;67m⡶[38;2;43;58;68m▖[38;2;38;53;61m⣉[38;2;39;55;63m⢴[48;2;0;2;3m[38;2;0;3;4m⠈[38;2;3;11;12m⠻[48;2;0;3;4m[38;2;0;0;0m [48;2;2;9;10m [48;2;0;3;4m [48;2;2;3;4m[38;2;0;63;0m⢹[38;2;0;65;0m⠟[48;2;0;44;0m[38;2;2;3;4m⠊[48;2;0;68;0m⢁[48;2;2;3;5m[38;2;0;69;0m⣬[38;2;0;71;0m⢺[38;2;0;72;0m⡱[48;2;0;74;0m[38;2;0;48;0m▖[48;2;0;41;0m[38;2;0;51;0m⠑[48;2;2;3;5m[38;2;0;75;0m⢾[48;2;0;18;4m[38;2;2;3;5m⡅[48;2;0;4;5m[38;2;0;0;0m [38;2;22;64;63m⠄[38;2;22;65;63m⠂[38;2;0;0;0m [48;2;0;0;0m[38;2;41;37;0m⠰[38;2;54;69;87m⡦[38;2;0;0;0m [48;2;0;3;4m[38;2;36;30;6m⣄[48;2;0;4;4m[38;2;0;4;5m⡿[38;2;3;13;13m⡿[38;2;0;4;5m⠟[38;2;7;24;24m⠋[38;2;55;37;72m⠏[38;2;54;37;72m⠅[48;2;0;3;4m[38;2;54;36;71m⡥[38;2;27;20;37m⠏[38;2;53;36;71m⠏[38;2;53;36;70m⠅[38;2;21;55;55m⠈[48;2;0;2;3m[38;2;3;10;11m⡿[38;2;0;2;3m⣋[38;2;2;2;3m▂[38;2;11;22;23m⣰[38;2;2;2;3m⡀[38;2;0;0;0m [38;2;2;2;3m▂⡀[38;2;20;34;33m⢐[38;2;2;2;3m▂[48;2;0;2;2m[38;2;8;12;12m⣄[38;2;20;30;30m⡀[38;2;0;0;0m [38;2;8;10;11m⣠[38;2;2;2;3m▂▂[38;2;20;28;28m⢐[38;2;20;27;27m⢀[38;2;0;0;0m [38;2;20;27;27m⠄⠠[48;2;11;11;12m[38;2;20;23;23m⠠[48;2;15;16;16m[38;2;19;21;21m⠈[48;2;15;15;15m[38;2;255;180;89m▐[0m
[48;2;15;15;15m[38;2;255;180;89m▌[48;2;15;16;16m[38;2;19;21;21m⠠[48;2;11;11;12m[38;2;20;23;23m⠈[48;2;0;2;2m[38;2;20;27;27m⠂⡐[38;2;0;0;0m  [38;2;5;7;2m▟[48;2;2;2;3m[38;2;23;33;0m⡰[48;2;1;2;2m[38;2;24;33;0m⣲⡰[48;2;2;2;3m[38;2;25;34;0m⢆[48;2;0;2;2m[38;2;2;2;3m▛[38;2;0;2;2m⠈[38;2;0;2;3m▜[48;2;0;0;0m[38;2;47;58;72m⣻[38;2;43;52;65m⢚[38;2;48;66;79m⠸[38;2;48;69;81m⢳[38;2;43;57;68m⡡[38;2;43;61;71m⡶[38;2;38;54;62m⠱[38;2;39;55;63m⢢[48;2;0;2;3m[38;2;10;24;25m⢈[38;2;4;12;13m⠻[38;2;21;55;55m⠈[48;2;2;3;4m[38;2;0;0;0m [38;2;0;60;0m⠟[38;2;38;36;0m⢱[48;2;5;5;3m[38;2;39;36;0m⣸[48;2;2;3;4m[38;2;0;44;0m⠙[38;2;40;36;0m⡧⢎[48;2;4;4;4m⠸[48;2;0;39;1m[38;2;2;3;5m⠢[48;2;1;30;2m⠾[48;2;0;4;4m[38;2;2;3;4m▌[38;2;7;24;24m⠩⠋[38;2;4;15;16m⡛[48;2;0;0;0m[38;2;24;64;52m⡔[48;2;13;35;28m[38;2;25;65;52m⠓[48;2;0;0;0m[38;2;24;64;52m⣞⠢[38;2;36;29;6m▌[48;2;4;7;4m▎[48;2;0;4;4m[38;2;0;0;0m [48;2;0;3;4m[38;2;22;60;60m⢀[38;2;3;13;13m⢟[38;2;54;36;71m⠏[38;2;53;36;71m⠅[38;2;53;35;70m⡥⠅[38;2;52;35;70m⠏[48;2;0;2;3m[38;2;17;13;25m⠟[48;2;2;3;4m[38;2;18;3;24m▌[48;2;17;3;23m[38;2;30;14;37m⣋[48;2;2;2;3m[38;2;16;3;23m▌[48;2;15;3;22m[38;2;28;14;34m⣋[48;2;2;2;3m[38;2;15;3;22m▌[48;2;14;3;21m[38;2;31;18;36m⣃[48;2;2;2;3m[38;2;13;3;21m▌[48;2;13;3;20m[38;2;25;15;30m⣋[48;2;2;2;3m[38;2;12;3;20m▌[48;2;11;3;19m[38;2;21;13;27m⣋[48;2;2;2;3m[38;2;11;3;19m▌[48;2;11;3;19m[38;2;36;33;38m▂[48;2;2;2;3m[38;2;10;3;19m▌[48;2;10;3;19m[38;2;34;32;37m▂[48;2;2;2;3m[38;2;10;3;18m▌[48;2;10;3;18m[38;2;32;30;35m▂[48;2;2;2;3m[38;2;10;3;18m▌[48;2;10;3;18m[38;2;32;29;35m▂[48;2;0;2;2m[38;2;0;0;0m [38;2;20;27;27m⠁[38;2;0;0;0m [38;2;20;27;27m⠄[48;2;11;11;12m[38;2;20;23;23m⠂[48;2;15;16;16m[38;2;0;0;0m [48;2;15;15;15m[38;2;255;180;89m▐[0m
[48;2;15;15;15m[38;2;255;180;89m▌[48;2;15;16;16m[38;2;0;0;0m [48;2;11;11;12m[38;2;20;23;23m⢂[48;2;0;2;2m[38;2;0;0;0m [38;2;20;27;27m⠐[38;2;0;0;0m  [48;2;2;2;3m[38;2;19;27;0m⢇[38;2;18;26;0m⣸[48;2;9;12;1m[38;2;23;33;0m⠋[48;2;2;2;3m[38;2;21;29;0m⢟[48;2;9;12;1m[38;2;24;33;0m⠋[48;2;0;2;2m[38;2;2;2;3m▌[38;2;0;0;0m [38;2;20;31;30m⠁[38;2;5;9;9m⠝[38;2;0;2;3m⢿[48;2;0;0;0m[38;2;48;60;74m⠸[38;2;48;63;77m⠹[38;2;43;52;63m⢢[38;2;43;56;66m⡉[38;2;38;48;56m⠾[38;2;38;49;58m▗[38;2;38;51;59m⢄[38;2;41;60;71m⣓[48;2;0;2;3m[38;2;0;0;0m [48;2;2;3;4m[38;2;18;17;0m⡀[38;2;20;19;0m⠄[48;2;4;5;3m╸[48;2;2;3;4m[38;2;35;34;0m⣸[38;2;37;35;0m▜⡼[38;2;40;36;0m⠁[38;2;0;0;0m [38;2;22;19;0m⡀[38;2;0;0;0m [48;2;1;3;4m[38;2;24;19;0m⠤[48;2;0;3;4m[38;2;4;15;15m⠻[38;2;0;4;4m⠻⠟[48;2;0;0;0m[38;2;40;27;41m⢀▌⢹⡀[48;2;0;3;4m[38;2;33;26;5m⠋[38;2;0;4;4m⠁[38;2;21;57;57m⠄[38;2;0;0;0m [38;2;21;53;53m⡀[38;2;53;35;70m⠏[48;2;0;2;3m[38;2;52;35;69m⠅[38;2;52;35;68m⡥[38;2;26;19;36m⠏[38;2;52;34;66m⠏[38;2;51;34;63m⠅[48;2;27;5;36m[38;2;36;15;46m⠟[48;2;2;2;3m[38;2;27;5;36m▌[48;2;29;9;38m[38;2;51;34;56m⎺[48;2;2;2;3m[38;2;25;5;34m▌[48;2;26;9;35m[38;2;49;34;51m⎺[48;2;2;2;3m[38;2;22;5;32m▌[48;2;20;5;31m[38;2;31;16;38m⠟[48;2;2;2;3m[38;2;20;5;31m▌[48;2;19;5;30m[38;2;26;13;34m⡿[48;2;2;2;3m[38;2;19;5;30m▌[48;2;18;5;29m[38;2;26;16;33m⠟[48;2;2;2;3m[38;2;18;5;29m▌[48;2;19;8;30m[38;2;34;32;37m⎺[48;2;2;2;3m[38;2;17;5;29m▌[48;2;19;8;30m[38;2;33;31;36m⎺[48;2;2;2;3m[38;2;17;5;29m▌[48;2;18;8;29m[38;2;32;29;35m⎺⎺[48;2;0;2;2m[38;2;20;27;27m⠰[38;2;0;0;0m [38;2;20;27;27m⡀[38;2;0;0;0m [48;2;11;11;12m [48;2;15;16;16m [48;2;15;15;15m[38;2;255;180;89m▐[0m
[48;2;15;15;15m[38;2;255;180;89m▌[48;2;15;16;16m[38;2;19;21;21m⢄[48;2;11;11;12m[38;2;0;0;0m [48;2;0;2;2m [38;2;20;27;27m⡀[38;2;0;0;0m [38;2;20;27;27m⠄[48;2;1;2;2m[38;2;16;23;9m⠚[48;2;2;2;3m[38;2;15;22;0m⢫[48;2;4;6;2m⠋[48;2;2;2;3m⣮[38;2;16;23;0m⡅[48;2;0;2;2m[38;2;5;7;8m⣇[38;2;0;0;0m  [38;2;20;30;29m⢀[38;2;0;0;0m [38;2;6;12;12m⠙[38;2;20;33;33m⠐[48;2;2;2;3m[38;2;37;39;49m⡏[38;2;38;42;52m⠑[48;2;0;0;0m[38;2;48;66;79m⠸[38;2;48;68;80m⢳[38;2;43;56;67m⡡[38;2;42;57;67m⡶[48;2;1;1;1m[38;2;0;0;0m [48;2;0;0;0m[38;2;38;52;60m⢢[48;2;2;2;3m[38;2;7;8;3m⢉[38;2;30;29;0m⡔[48;2;2;3;4m[38;2;31;31;0m⣫[48;2;32;32;0m[38;2;2;3;4m⠠[48;2;2;3;4m[38;2;33;33;0m⠳[38;2;32;32;0m⣄[38;2;17;17;2m▂[38;2;22;19;0m⠁⠐[48;2;0;3;4m[38;2;2;3;4m⠟[38;2;21;52;52m⢀[38;2;0;0;0m [38;2;21;54;54m⠄[38;2;0;0;0m [38;2;21;56;55m⠂[38;2;21;54;54m⢈[38;2;0;0;0m [38;2;21;51;51m⡀[48;2;0;2;3m[38;2;21;52;52m⠰[38;2;0;3;4m⡿⠟[48;2;4;11;12m⠋[48;2;0;2;3m[38;2;52;35;67m⠏[38;2;51;34;65m⠅[38;2;51;34;61m⡥⠅[38;2;51;34;59m⠏[38;2;51;34;56m⠅[48;2;2;2;3m[38;2;25;5;34m▌[48;2;23;5;33m[38;2;35;16;41m⠟[48;2;2;2;3m[38;2;23;5;33m▌[48;2;22;5;32m[38;2;38;23;43m⠋[48;2;2;2;3m[38;2;21;5;31m▌[48;2;20;5;31m[38;2;35;23;40m⠋[48;2;2;2;3m[38;2;20;5;30m▌[48;2;22;9;31m[38;2;38;33;41m⎺[48;2;2;2;3m[38;2;18;5;29m▌[48;2;20;9;30m[38;2;36;33;38m⎺[48;2;2;2;3m[38;2;17;5;29m▌[48;2;19;8;30m[38;2;34;32;37m⎺[48;2;2;2;3m[38;2;17;5;29m▌[48;2;19;8;29m[38;2;32;30;35m⎺[48;2;2;2;3m[38;2;16;5;28m▌[48;2;18;8;29m[38;2;32;29;35m⎺[48;2;2;2;3m[38;2;16;5;28m▌[48;2;18;8;29m[38;2;32;29;35m⎺[48;2;0;2;2m[38;2;0;0;0m  [38;2;20;27;27m⠐[38;2;0;0;0m [48;2;11;11;12m[38;2;20;23;23m⠂[48;2;15;16;16m[38;2;0;0;0m [48;2;15;15;15m[38;2;255;180;89m▐[0m
[48;2;15;15;15m[38;2;255;180;89m▌[48;2;16;16;16m[38;2;17;16;19m▌[48;2;15;12;18m[38;2;25;24;27m▂[48;2;2;2;3m[38;2;9;3;18m▌[48;2;9;3;18m[38;2;30;28;33m▂[48;2;2;2;3m[38;2;9;3;18m▌[48;2;9;3;18m[38;2;17;13;24m⣙[48;2;2;2;3m[38;2;9;3;18m▌[48;2;10;3;18m[38;2;32;29;35m▂[48;2;2;2;3m[38;2;10;3;18m▌[48;2;10;3;18m[38;2;32;29;35m▂[48;2;2;2;3m[38;2;10;3;18m▌[48;2;10;3;18m[38;2;32;29;35m▂[48;2;2;2;3m[38;2;10;3;18m▌[48;2;10;3;18m[38;2;18;13;25m⣙[48;2;2;2;3m[38;2;10;3;18m▌[48;2;10;3;19m[38;2;34;32;37m▂[48;2;2;2;3m[38;2;10;3;19m▌[48;2;11;3;19m[38;2;36;33;38m▂[48;2;0;2;2m[38;2;0;2;2m⠙[38;2;0;2;3m⠻[48;2;0;0;0m[38;2;48;59;73m⠸[38;2;48;62;75m⠹[48;2;9;12;14m[38;2;48;64;77m⠸[48;2;0;0;0m⡥[38;2;43;55;66m⠳[38;2;43;57;68m▘[38;2;38;47;56m⢶[38;2;38;49;57m⠴[48;2;0;2;3m[38;2;21;42;41m⠠[38;2;21;43;43m⠂[38;2;0;0;0m [38;2;21;46;46m⠐[38;2;0;0;0m   [38;2;0;3;4m⠈[48;2;1;5;6m[38;2;10;26;27m⎺[48;2;2;3;4m[38;2;32;69;68m⢀[38;2;32;71;71m▆[38;2;32;72;72m▬⢎[38;2;32;70;69m⣦▆[38;2;32;69;68m⣦[48;2;2;2;3m[38;2;32;66;65m▂[38;2;7;13;14m▛[48;2;0;2;3m[38;2;21;46;46m⠈[38;2;0;0;0m [38;2;51;34;59m⠏[38;2;51;34;57m⠅[38;2;50;34;54m⡥⠅[38;2;50;34;52m⠏[38;2;48;33;50m⠅[48;2;22;5;32m[38;2;32;16;39m⠟[48;2;2;2;3m[38;2;22;5;32m▌[48;2;20;5;31m[38;2;29;14;36m⠟[48;2;2;2;3m[38;2;20;5;31m▌[48;2;19;5;30m[38;2;27;14;35m⠟[48;2;2;2;3m[38;2;19;5;30m▌[48;2;18;5;29m[38;2;25;15;33m⠟[48;2;2;2;3m[38;2;18;5;29m▌[48;2;17;5;29m[38;2;24;16;32m⠟[48;2;2;2;3m[38;2;17;5;29m▌[48;2;19;8;30m[38;2;33;31;36m⎺[48;2;2;2;3m[38;2;17;5;29m▌[48;2;18;8;29m[38;2;32;30;35m⎺[48;2;2;2;3m[38;2;16;5;28m▌[48;2;18;8;29m[38;2;32;29;35m⎺[48;2;2;2;3m[38;2;16;5;28m▌[48;2;18;8;29m[38;2;32;29;35m⎺⎺[48;2;0;2;2m[38;2;0;0;0m  [38;2;20;27;27m⠈⡀[48;2;11;11;12m[38;2;20;23;23m⢀[48;2;15;16;16m[38;2;19;21;21m⠢[48;2;15;15;15m[38;2;255;180;89m▐[0m
[48;2;15;15;15m[38;2;255;180;89m▌[48;2;18;16;22m[38;2;22;21;23m⎺[48;2;11;11;12m[38;2;17;13;24m▌[48;2;18;8;28m[38;2;30;28;33m⎺[48;2;2;2;3m[38;2;16;5;28m▌[48;2;18;8;28m[38;2;30;28;33m⎺[48;2;2;2;3m[38;2;16;5;28m▌[48;2;18;8;28m[38;2;30;28;33m⎺[48;2;2;2;3m[38;2;16;5;28m▌[48;2;18;8;29m[38;2;32;29;35m⎺[48;2;2;2;3m[38;2;16;5;28m▌[48;2;18;8;29m[38;2;32;29;35m⎺[48;2;2;2;3m[38;2;16;5;28m▌[48;2;16;5;28m[38;2;22;15;31m⠻[48;2;2;2;3m[38;2;16;5;28m▌[48;2;19;8;30m[38;2;33;31;36m⎺[48;2;2;2;3m[38;2;17;5;29m▌[48;2;19;9;30m[38;2;34;32;37m⎺[48;2;2;2;3m[38;2;17;5;29m▌[48;2;0;2;2m[38;2;0;0;0m [38;2;20;30;30m⠠[38;2;0;2;2m⠈[38;2;20;32;32m⠑[48;2;0;0;0m[38;2;47;56;70m⢰[48;2;47;58;72m[38;2;0;0;0m⠠[48;2;0;0;0m[38;2;42;48;60m⢼[38;2;42;50;61m⢞[38;2;38;42;52m⢈[38;2;38;43;52m⡥[48;2;0;2;3m[38;2;20;37;37m⠠[38;2;21;40;40m⠈[38;2;21;38;38m⢀[38;2;0;0;0m [38;2;21;40;39m⠠[38;2;21;42;42m⠁[38;2;0;0;0m  [48;2;1;9;2m[38;2;32;65;64m▝[48;2;6;40;13m[38;2;32;65;65m⠋[48;2;2;2;3m[38;2;0;45;0m▄[48;2;7;31;14m[38;2;32;65;65m⠋[48;2;2;2;3m[38;2;12;53;25m⢧[48;2;32;64;64m[38;2;0;44;0m▄[48;2;2;2;3m[38;2;16;54;32m⢜[38;2;16;53;31m⡣[48;2;32;62;62m[38;2;0;43;0m▄[48;2;2;2;3m[38;2;15;52;30m⡸[48;2;0;15;2m[38;2;31;60;60m▘[48;2;0;2;3m[38;2;0;0;0m [38;2;49;34;52m⠏[38;2;48;33;50m⠅[38;2;45;33;48m⡥[38;2;45;33;47m⠅[38;2;44;33;46m⠏[38;2;42;33;45m⠅[48;2;2;2;3m[38;2;20;5;31m▌[48;2;19;5;30m[38;2;26;13;34m⡿[48;2;2;2;3m[38;2;19;5;30m▌[48;2;21;9;31m[38;2;38;33;40m⎺[48;2;2;2;3m[38;2;18;5;29m▌[48;2;17;5;29m[38;2;23;13;31m⡿[48;2;2;2;3m[38;2;17;5;29m▌[48;2;19;8;30m[38;2;34;32;37m⎺[48;2;2;2;3m[38;2;17;5;29m▌[48;2;19;8;30m[38;2;32;30;35m⎺[48;2;2;2;3m[38;2;16;5;28m▌[48;2;18;8;29m[38;2;32;29;35m⎺[48;2;2;2;3m[38;2;16;5;28m▌[48;2;18;8;29m[38;2;32;29;35m⎺[48;2;2;2;3m[38;2;16;5;28m▌[48;2;18;8;29m[38;2;32;29;35m⎺[48;2;2;2;3m[38;2;16;5;28m▌[48;2;18;8;28m[38;2;30;28;33m⎺[48;2;0;2;2m[38;2;0;0;0m  [38;2;20;27;27m⠠⠁[48;2;11;11;12m[38;2;0;0;0m [48;2;15;16;16m [48;2;15;15;15m[38;2;255;180;89m▐[0m
[48;2;15;15;15m[38;2;255;180;89m▌[48;2;16;16;16m[38;2;18;16;22m▌[48;2;18;14;24m[38;2;25;24;27m⎺[48;2;2;2;3m[38;2;16;5;28m▌[48;2;18;8;28m[38;2;30;28;33m⎺[48;2;2;2;3m[38;2;16;5;28m▌[48;2;18;8;28m[38;2;30;28;33m⎺[48;2;2;2;3m[38;2;16;5;28m▌[48;2;18;8;28m[38;2;30;28;33m⎺[48;2;2;2;3m[38;2;16;5;28m▌[48;2;18;8;28m[38;2;31;28;34m⎺[48;2;2;2;3m[38;2;16;5;28m▌[48;2;18;8;29m[38;2;32;29;35m⎺[48;2;2;2;3m[38;2;16;5;28m▌[48;2;18;8;29m[38;2;32;29;35m⎺[48;2;2;2;3m[38;2;16;5;28m▌[48;2;19;8;29m[38;2;32;30;35m⎺[48;2;2;2;3m[38;2;17;5;29m▌[48;2;19;8;30m[38;2;33;31;36m⎺[48;2;0;2;2m[38;2;20;28;28m⠂[38;2;2;2;3m▂[38;2;0;0;0m   [38;2;20;31;30m⠂[48;2;2;2;3m[38;2;34;36;47m⡏[38;2;35;37;48m⠑[38;2;36;38;49m⠩[38;2;36;38;48m⡥[38;2;36;39;49m⡌[38;2;37;40;50m⣗[48;2;0;2;3m[38;2;0;0;0m [38;2;20;36;35m⠂[38;2;0;0;0m   [38;2;20;35;35m⡀[48;2;2;2;3m[38;2;0;41;0m⡎[38;2;0;42;0m⢹[48;2;1;10;2m[38;2;0;43;0m⠋[48;2;0;32;0m[38;2;0;42;0m⠓[48;2;2;2;3m[38;2;0;41;0m⢺⣭⢪[38;2;0;40;0m⣵⣭⣳[48;2;0;31;0m⠚[48;2;0;12;2m[38;2;2;2;3m⎺[48;2;0;2;3m[38;2;43;33;46m⠏[38;2;42;33;44m⠅[48;2;0;2;2m[38;2;40;33;42m⡥[38;2;14;13;17m⠟[38;2;39;33;41m⠏[38;2;38;33;41m⠅[48;2;21;9;31m[38;2;38;33;40m⎺[48;2;0;2;2m[38;2;18;5;29m▌[48;2;20;9;30m[38;2;36;33;38m⎺[48;2;0;2;2m[38;2;17;5;29m▌[48;2;19;9;30m[38;2;34;32;37m⎺[48;2;0;2;2m[38;2;17;5;29m▌[48;2;19;8;30m[38;2;33;31;36m⎺[48;2;0;2;2m[38;2;17;5;29m▌[48;2;16;5;28m[38;2;22;14;31m⠟[48;2;0;2;2m[38;2;16;5;28m▌[48;2;18;8;29m[38;2;32;29;35m⎺[48;2;0;2;2m[38;2;16;5;28m▌[48;2;18;8;29m[38;2;32;29;35m⎺[48;2;0;2;2m[38;2;16;5;28m▌[48;2;18;8;28m[38;2;30;28;33m⎺[48;2;0;2;2m[38;2;16;5;28m▌[48;2;18;8;28m[38;2;30;28;33m⎺[48;2;0;2;2m[38;2;16;5;28m▌[38;2;0;0;0m    [48;2;11;11;12m[38;2;20;23;23m⡅[48;2;15;16;16m[38;2;19;21;21m⡂[48;2;15;15;15m[38;2;255;180;89m▐[0m
[48;2;15;15;15m[38;2;255;180;89m▌[48;2;18;16;22m[38;2;22;21;23m⎺[48;2;11;11;12m[38;2;17;13;24m▌[48;2;18;8;28m[38;2;30;28;33m⎺[48;2;2;2;3m[38;2;16;5;28m▌[48;2;18;8;28m[38;2;30;28;33m⎺[48;2;2;2;3m[38;2;16;5;28m▌[48;2;18;8;28m[38;2;30;28;33m⎺[48;2;2;2;3m[38;2;16;5;28m▌[48;2;18;8;28m[38;2;30;28;33m⎺[48;2;2;2;3m[38;2;16;5;28m▌[48;2;18;8;28m[38;2;30;28;33m⎺[48;2;2;2;3m[38;2;16;5;28m▌[48;2;18;8;29m[38;2;32;29;35m⎺[48;2;2;2;3m[38;2;16;5;28m▌[48;2;18;8;29m[38;2;32;29;35m⎺[48;2;2;2;3m[38;2;16;5;28m▌[48;2;18;8;29m[38;2;32;30;35m⎺[48;2;2;2;3m[38;2;16;5;28m▌[48;2;0;2;2m[38;2;2;2;3m▆[48;2;2;2;3m[38;2;0;0;0m [48;2;0;2;2m   [38;2;20;28;28m⡀[38;2;0;0;0m [48;2;38;41;54m[38;2;2;2;3m⢁[48;2;2;2;3m[38;2;39;42;55m⢏[38;2;40;43;56m⠾⠎[38;2;41;44;56m⢱[38;2;41;43;56m⢦[48;2;0;2;2m[38;2;6;11;12m⡻[38;2;0;2;3m⢿[38;2;2;6;7m⡿[38;2;20;34;34m⠁[48;2;0;2;3m[38;2;0;0;0m [48;2;2;2;3m[38;2;0;26;0m⠎[38;2;0;27;0m⠁[38;2;0;38;0m⠻[38;2;22;21;0m⢱[48;2;22;21;0m[38;2;2;2;3m⢁[48;2;5;5;2m[38;2;22;21;0m⡉[48;2;21;21;0m[38;2;2;2;3m⢈[48;2;2;2;3m[38;2;21;20;0m⢎[48;2;10;11;1m[38;2;22;21;0m⠋[48;2;0;19;1m[38;2;0;2;3m▬[48;2;0;10;1m⠚[48;2;0;2;2m⠋[38;2;38;33;41m⠏[38;2;38;33;40m⠅[38;2;37;33;39m⡥⠅[38;2;36;33;38m⠏[38;2;35;33;37m⠅[38;2;28;29;32m▆[48;2;14;16;17m[38;2;29;30;33m▬[48;2;0;2;2m[38;2;28;29;32m▆[48;2;14;15;17m▬[48;2;0;2;2m[38;2;0;0;0m [38;2;32;29;35m⣠[48;2;19;18;21m▬[48;2;0;2;2m⣄[38;2;0;0;0m [38;2;26;28;31m▆[38;2;26;27;30m▆⡆▆▆▆▆▆⠄[38;2;0;0;0m   [38;2;20;27;27m⠁[48;2;11;11;12m[38;2;15;17;17m▗[48;2;15;16;16m[38;2;0;0;0m [48;2;15;15;15m[38;2;255;180;89m▐[0m
[48;2;15;15;15m[38;2;255;180;89m▌[48;2;16;16;16m[38;2;18;16;22m▌[48;2;18;14;24m[38;2;25;24;27m⎺[48;2;2;2;3m[38;2;16;5;28m▌[48;2;18;8;28m[38;2;30;28;33m⎺[48;2;2;2;3m[38;2;16;5;28m▌[48;2;18;8;28m[38;2;30;28;33m⎺[48;2;2;2;3m[38;2;16;5;28m▌[48;2;18;8;28m[38;2;30;28;33m⎺[48;2;2;2;3m[38;2;16;5;28m▌[48;2;18;8;28m[38;2;30;28;33m⎺[48;2;2;2;3m[38;2;16;5;28m▌[48;2;18;8;28m[38;2;30;28;33m⎺[48;2;2;2;3m[38;2;16;5;28m▌[48;2;18;8;28m[38;2;31;28;34m⎺[48;2;2;2;3m[38;2;16;5;28m▌[48;2;18;8;29m[38;2;32;29;35m⎺[48;2;2;2;3m[38;2;16;5;28m▌[48;2;18;8;29m[38;2;32;29;35m⎺[48;2;2;2;3m[38;2;0;0;0m  [48;2;0;2;2m[38;2;20;27;27m⢀[38;2;0;0;0m [38;2;20;28;28m⢀[38;2;0;0;0m [38;2;20;28;28m⠔[38;2;0;0;0m [48;2;2;2;3m[38;2;32;35;47m⣜[48;2;28;31;42m[38;2;37;40;54m⠚[48;2;0;0;0m⠇⣮[48;2;2;2;3m[38;2;31;33;45m⢄[38;2;36;38;51m⣳[48;2;0;2;2m[38;2;20;30;29m⠠[38;2;20;30;30m⠢[38;2;0;0;0m  [48;2;2;2;3m[38;2;20;19;0m▘[38;2;19;19;0m⡀⠤[38;2;0;0;0m [38;2;19;19;0m▗[48;2;14;14;0m[38;2;20;19;0m⠻[48;2;19;19;0m[38;2;1;2;2m▚[48;2;0;2;2m[38;2;20;19;0m▘[38;2;0;0;0m [38;2;19;18;0m⡀[38;2;0;0;0m [38;2;19;18;0m⠤[38;2;35;33;38m⠏[38;2;35;32;37m⠅[38;2;34;32;37m⡥⠅[38;2;33;31;36m⠏⠅[48;2;32;34;35m[38;2;33;35;36m⠟[48;2;2;2;3m[38;2;0;0;0m  [48;2;32;34;35m [48;2;6;7;8m[38;2;32;29;35m⠸[48;2;2;2;3m▛[48;2;32;29;35m[38;2;0;0;0m [48;2;2;2;3m[38;2;32;29;35m▜[48;2;0;2;2m▌[48;2;17;18;19m[38;2;31;33;34m⠋[48;2;2;2;3m[38;2;30;32;33m⣉[48;2;0;2;2m▖[48;2;30;32;33m[38;2;0;0;0m [48;2;2;2;3m[38;2;30;32;33m▌[38;2;0;0;0m [38;2;30;32;33m⠸[48;2;30;32;33m[38;2;0;0;0m [48;2;0;2;2m[38;2;30;32;33m⡅[38;2;0;0;0m   [38;2;20;27;27m⠰[48;2;11;11;12m[38;2;0;0;0m [48;2;15;16;16m [48;2;15;15;15m[38;2;255;180;89m▐[0m
[48;2;15;15;15m[38;2;255;180;89m▌[48;2;18;16;22m[38;2;22;21;23m⎺[48;2;11;11;11m[38;2;17;13;24m▌[48;2;18;8;28m[38;2;30;28;33m⎺[48;2;1;1;2m[38;2;16;5;28m▌[48;2;18;8;28m[38;2;30;28;33m⎺[48;2;1;1;2m[38;2;16;5;28m▌[48;2;18;8;28m[38;2;30;28;33m⎺[48;2;1;1;2m[38;2;16;5;28m▌[48;2;18;8;28m[38;2;30;28;33m⎺[48;2;1;1;2m[38;2;16;5;28m▌[48;2;18;8;28m[38;2;30;28;33m⎺[48;2;1;1;2m[38;2;16;5;28m▌[48;2;18;8;28m[38;2;30;28;33m⎺[48;2;1;1;2m[38;2;16;5;28m▌[48;2;18;8;28m[38;2;30;28;33m⎺[48;2;1;1;2m[38;2;16;5;28m▌[48;2;18;8;29m[38;2;32;29;35m⎺[48;2;1;1;2m[38;2;16;5;28m▌[48;2;2;2;3m[38;2;0;0;0m  [48;2;0;2;2m [38;2;20;27;27m⠐[38;2;0;0;0m [38;2;20;28;28m⠄⠁⠅[38;2;0;0;0m [48;2;0;0;0m[38;2;28;31;43m⣆⢶[38;2;29;31;43m⡶[48;2;2;2;3m[38;2;29;32;44m⡥⡌⢗[48;2;0;2;2m[38;2;8;10;11m⣄[38;2;2;2;3m▂[38;2;8;11;11m⣂[48;2;2;2;3m[38;2;19;18;0m⠈[38;2;19;19;0m⠁[38;2;18;17;0m⣠⡔⢪[48;2;14;14;0m[38;2;19;18;0m⠋[48;2;1;2;2m[38;2;18;17;0m⢲[48;2;0;2;2m⣦[38;2;0;0;0m [38;2;19;18;0m⠁[38;2;18;17;0m⠐[38;2;0;0;0m [38;2;33;31;36m⠏⠅[38;2;32;30;35m⡥⠅⠏⠅[38;2;32;34;35m⢿[48;2;32;34;35m[38;2;0;0;0m  [48;2;0;2;2m[38;2;32;34;35m⡿[38;2;32;29;35m⠸[48;2;1;1;2m⡗[48;2;30;28;33m⡿[48;2;15;14;17m⠊[48;2;0;2;2m[38;2;30;28;33m▌[38;2;30;32;33m⢾[48;2;30;32;33m[38;2;0;0;0m [48;2;0;2;2m[38;2;30;32;33m▌⢿[48;2;30;32;33m[38;2;0;0;0m    [48;2;0;2;2m[38;2;30;32;33m⠆[38;2;0;0;0m    [48;2;11;11;12m[38;2;20;23;23m⡂[48;2;15;16;16m[38;2;0;0;0m [48;2;15;15;15m[38;2;255;180;89m▐[0m
[48;2;15;15;15m[38;2;255;180;89m▌[48;2;15;15;16m[38;2;21;21;22m▆[48;2;11;11;11m[38;2;23;24;25m▆[48;2;0;0;1m[38;2;26;27;30m▆▆⡆[48;2;1;1;2m[38;2;30;28;33m⢀⣴⣦⡀[48;2;0;0;1m[38;2;26;27;30m⢰▆▆⢰[48;2;1;1;1m▆▆▆▆[38;2;2;2;3m⠸[48;2;2;2;3m[38;2;0;0;0m  [48;2;0;2;2m  [48;2;1;2;2m[38;2;23;32;0m⢀[48;2;2;2;3m⡰[48;2;1;2;2m⣖⡰[48;2;2;2;3m⢆[38;2;0;0;0m [48;2;5;5;7m[38;2;33;36;51m⡶[48;2;2;2;3m[38;2;34;37;51m⢏⠻⠎⢱⠦[48;2;0;2;2m[38;2;0;0;0m [38;2;20;28;28m⠠⠠⠢[38;2;0;0;0m   [38;2;20;28;28m⠈⠐⠨⠐[38;2;0;0;0m [38;2;20;28;28m⠄[38;2;0;0;0m [38;2;32;30;35m⠏⠅[38;2;32;29;35m⡥⠅⠏⠅[38;2;20;27;27m⢀⢀⠈⠈[38;2;0;0;0m  [38;2;20;27;27m⠌⠁⠢[38;2;0;0;0m  [38;2;20;27;27m⠥⠓[38;2;0;0;0m [38;2;20;27;27m⠂[38;2;0;0;0m [38;2;20;27;27m⠰[38;2;0;0;0m [48;2;1;2;2m[38;2;32;35;50m⡾[48;2;2;2;3m⢏⠟⠎[48;2;11;11;12m[38;2;26;28;38m⢱[48;2;16;16;16m[38;2;23;24;30m▬[48;2;15;15;15m[38;2;255;180;89m▐[0m
[48;2;15;15;15m[38;2;255;180;89m▌[48;2;22;23;23m[38;2;0;0;0m [48;2;11;11;12m[38;2;25;27;27m▌[48;2;2;2;3m[38;2;0;0;0m [38;2;30;32;33m⠸[48;2;1;1;2m▌[48;2;30;28;33m[38;2;0;0;0m [48;2;2;2;3m[38;2;30;28;33m▜▛[48;2;30;28;33m[38;2;0;0;0m [48;2;1;1;2m[38;2;30;32;33m⠸[48;2;2;2;3m⣉[48;2;1;1;2m⣣⠸[48;2;2;2;3m▌[38;2;0;0;0m [48;2;30;32;33m  [48;2;2;2;3m   [48;2;0;2;2m [38;2;20;27;27m⡖[48;2;2;2;3m[38;2;19;27;0m⢇[38;2;18;26;0m⣸[48;2;8;12;1m[38;2;23;32;0m⠋⠋⠋[48;2;2;2;3m[38;2;0;0;0m [48;2;0;2;2m [48;2;2;2;3m[38;2;29;32;45m⣜[48;2;0;0;0m[38;2;33;36;51m⡶⡐[38;2;16;18;25m⣺[48;2;2;2;3m[38;2;27;30;42m⢄[38;2;31;34;47m⣓[48;2;0;2;2m[38;2;0;0;0m    [38;2;20;28;28m⠐[38;2;0;0;0m    [38;2;20;27;27m⠐⠄[38;2;0;0;0m [38;2;20;27;27m⠁[38;2;32;29;35m⠏⠅⡥⠅⠏⠅[38;2;0;0;0m [38;2;20;27;27m⡀⠌⠐[38;2;0;0;0m   [38;2;20;27;27m⢀[38;2;0;0;0m [38;2;20;27;27m⠐[38;2;0;0;0m   [38;2;20;27;27m⡌[38;2;0;0;0m  [38;2;20;27;27m⠠[38;2;0;0;0m [48;2;2;2;3m[38;2;29;31;45m⣜[38;2;29;32;46m⡣[38;2;27;29;42m▄[38;2;29;31;45m⡧[48;2;11;11;12m[38;2;23;25;33m⢄[48;2;18;19;21m[38;2;23;24;30m⠋[48;2;15;15;15m[38;2;255;180;89m▐[0m
[48;2;19;19;19m[38;2;255;180;89m▙▟⡉▌[48;2;21;23;23m[38;2;0;0;0m [48;2;14;16;15m[38;2;21;23;23m⠇[48;2;21;21;23m[38;2;0;0;0m [48;2;14;16;15m[38;2;21;21;23m⢺⡗[48;2;21;21;23m[38;2;0;0;0m [48;2;14;16;15m[38;2;21;23;23m⠰[48;2;21;23;23m[38;2;0;0;0m  [48;2;14;16;15m[38;2;21;23;23m⠸⣷▆[48;2;21;23;23m[38;2;0;0;0m [48;2;14;16;15m[38;2;21;23;23m▛[38;2;0;0;0m    [38;2;18;21;20m⢀[38;2;17;20;14m▝⢫⠋⣮⡅[38;2;0;0;0m   [48;2;14;15;14m[38;2;20;22;26m⠦⡶⡍[48;2;14;16;15m⡥⡌⡷[38;2;18;21;20m⢈[38;2;0;0;0m  [38;2;18;21;20m⡀⠈[38;2;0;0;0m [38;2;18;21;20m⠠[38;2;0;0;0m   [38;2;18;21;20m⠈[38;2;0;0;0m [38;2;21;22;23m⠏⠅⡥⠅⠏⠅[38;2;0;0;0m [38;2;18;21;20m⠠[38;2;0;0;0m [38;2;18;21;20m⠐[38;2;0;0;0m [38;2;18;21;20m⠠⢀[38;2;0;0;0m  [38;2;18;21;20m⠄⡔⡀[38;2;0;0;0m  [38;2;18;21;20m⡁⠈⡀⠄[38;2;20;22;26m⡏⠑[48;2;14;16;16m⎺[48;2;19;19;19m[38;2;255;180;89m▐⡉▙▟[0m
[48;2;0;0;0m[38;2;140;140;140m┃[48;2;19;19;19m[38;2;255;180;89m▝━━━━━━━━━━━━━━━━━━━━━━━━━━━━━━━━━━━━━━━━━━━━━━━━━━━━━━━━━━━━━━━━━━━━━━━━━━━━▘[48;2;0;0;0m[38;2;140;140;140m┃[0m
[48;2;0;0;0m[38;2;140;140;140m┃[38;2;0;0;0m                                                                              [38;2;140;140;140m┃[0m
[48;2;0;0;0m[38;2;140;140;140m┃[38;2;0;0;0m                                                                              [38;2;140;140;140m┃[0m
