[?25l[0m[38;2;0;0;0;48;2;0;0;0m▔▔▔▔▔▔▔▔▔▔▔▔▔▔▔▔▔▔▔▔▔▔▔▔▔▔▔▔▔▔▔[38;2;255;140;0m▁▂▂[38;2;0;0;0;48;2;255;140;0m▀▀▀[38;2;255;140;0;48;2;0;0;0m▃▂[38;2;0;0;0m▔▔▔▔▔▔▔▔▔▔▔▔▔▔▔▔▔▔▔▔▔▔▔▔▔▔▔▔▔▔▔▔▔▔▔[0m
[38;2;0;0;0;48;2;0;0;0m▔▔▔▔▔▔▔▔▔▔▔▔▔▔▔▔▔▔▔▔▔▔▔▔▔[38;2;255;140;0m▂[38;2;0;0;0;48;2;255;140;0m▀▀[38;2;255;140;0;48;2;0;0;0m▆▆[48;2;255;140;0m▔▔▔▔▔▔▔▔▔▔[48;2;0;0;0m▖[38;2;0;0;0m▔▔▔▔▔▔▔▔▔▔▔▔▔▔▔▔▔▔▔▔▔▔▔▔▔▔▔▔▔▔▔▔▔[0m
[38;2;0;0;0;48;2;0;0;0m▔▔▔▔▔▔▔▔▔▔▔▔▔▔▔▔▔▔▔▔[38;2;255;140;0m▁▂[38;2;0;0;0;48;2;255;140;0m▀[38;2;255;140;0;48;2;0;0;0m▆[38;2;0;0;0;48;2;255;140;0m▔[38;2;255;140;0m▔▔▔▔▔▔▔▔▔▔[38;2;0;0;0m▁[38;2;255;140;0m▔▔▔▔[48;2;0;0;0m▘[38;2;0;0;0m▔▔▔▔▔▔▔▔▔▔▔▔▔▔▔▔▔▔▔▔▔▔▔▔▔▔▔▔▔▔▔▔▔[0m
[38;2;0;0;0;48;2;0;0;0m▔▔▔▔▔▔▔▔▔▔▔▔▔▔▔▔▔▔▔[38;2;255;140;0m▆[48;2;255;140;0m▔▔▔▔▔▔▔▔▔▔[38;2;0;0;0m▂[38;2;255;140;0;48;2;0;0;0m▀[38;2;0;0;0;48;2;255;140;0m▆▆[48;2;0;0;0m▔[38;2;255;140;0m▗[48;2;255;140;0m▔▔▔[48;2;0;0;0m▘[38;2;0;0;0m▔▔▔▔▔▔▔▔▔▔▔▔▔[38;2;255;140;0m▁▂[38;2;0;0;0;48;2;255;140;0m▀▀[38;2;255;140;0;48;2;0;0;0m▖[38;2;0;0;0m▔▔▔▔▔▔▔▔▔[38;2;40;40;40m▁▁▂▂▂▂▂[0m
[38;2;0;0;0;48;2;0;0;0m▔▔▔▔▔▔▔▔▔▔▔▔▔▔▔▔▔▔▔[38;2;255;140;0;48;2;255;140;0m▔▔▔▔▔▔▔[38;2;0;0;0m▁[38;2;255;140;0;48;2;0;0;0m▀[38;2;0;0;0;48;2;255;140;0m▆[48;2;0;0;0m▔▔▔▔[38;2;255;140;0m▗[38;2;0;0;0;48;2;255;140;0m▘[38;2;255;140;0m▔▔[48;2;0;0;0m▀[38;2;0;0;0m▔▔▔▔[38;2;255;140;0m▁[38;2;0;0;0m▔▔▔▔▔▔▔▔[38;2;255;140;0m▁[38;2;0;0;0;48;2;255;140;0m▘[38;2;255;140;0m▔▔▔▔▔[48;2;0;0;0m▖[38;2;40;40;40m▂[38;2;0;0;0;48;2;40;40;40m▀[38;2;40;40;40;48;2;0;0;0m▆▆[38;2;0;0;0;48;2;40;40;40m▔[38;2;40;40;40m▔▔▔▔▔▔▔▔▔▔[0m
[38;2;0;0;0;48;2;0;0;0m▔▔▔▔▔▔▔▔▔▔▔▔▔▔▔▔▔▔▔[38;2;255;140;0;48;2;255;140;0m▔▔▔▔▔[38;2;0;0;0m▂▆[48;2;0;0;0m▔▔▔▔▔[38;2;255;140;0m▂▆[48;2;255;140;0m▔[38;2;0;0;0m▁[38;2;255;140;0;48;2;0;0;0m▀[38;2;0;0;0m▔▔[38;2;255;140;0m▂[38;2;0;0;0;48;2;255;140;0m▀[38;2;255;140;0;48;2;0;0;0m▆[48;2;255;140;0m▔▔[48;2;0;0;0m▍[38;2;0;0;0m▔[48;2;40;40;40m▀[38;2;40;40;40;48;2;0;0;0m▂[38;2;0;0;0;48;2;40;40;40m▀[48;2;0;0;0m▔▔[38;2;255;140;0m▗[48;2;255;140;0m▔[48;2;0;0;0m▀[48;2;255;140;0m▔▔▔▔▔[48;2;40;40;40m▍[38;2;40;40;40m▔▔▔▔▔▔▔▔▔▔▔▔▔▔▔[0m
[38;2;0;0;0;48;2;0;0;0m▔▔▔▔▔▔▔▔▔▔▔▔▔▔▔▔▔▔▔[48;2;255;140;0m▍[38;2;255;140;0m▔▔▔▔[38;2;0;0;0;48;2;0;0;0m▔▔▔▔[38;2;255;140;0m▁▂▆[48;2;255;140;0m▔[38;2;40;40;40m▁[38;2;255;140;0;48;2;40;40;40m▀[38;2;40;40;40m▔▔[38;2;0;0;0;48;2;255;140;0m▀[38;2;255;140;0m▔▔▔[38;2;0;0;0m▁▂[38;2;255;140;0;48;2;7;7;7m▀[38;2;40;40;40;48;2;1;1;1m▐[48;2;40;40;40m▔▔[38;2;0;0;0m▂[38;2;255;140;0;48;2;255;140;0m▔[38;2;0;0;0m▝[48;2;0;0;0m▔[38;2;255;140;0;48;2;255;140;0m▔[48;2;40;40;40m▘[38;2;0;0;0;48;2;0;0;0m▔[38;2;255;140;0m▐[48;2;255;140;0m▔▔▔▔[38;2;40;40;40;48;2;40;40;40m▔▔▔▔▔[38;2;0;39;71m▁▂▂▃▃[38;2;40;40;40;48;2;0;39;71m▀▀[38;2;0;39;71;48;2;40;40;40m▅▅▅▅[0m
[38;2;0;0;0;48;2;0;0;0m▔▔▔▔▔▔▔▔▔▔▔[38;2;40;40;40m▁▁▁▁▁▁[38;2;0;0;0m▔▔[48;2;25;9;0m▆[48;2;255;140;0m▆[38;2;255;140;0;48;2;0;0;0m▀▀[48;2;255;140;0m▔[48;2;40;40;40m▖[38;2;40;40;40;48;2;0;0;0m▆[38;2;255;140;0;48;2;40;40;40m▗[38;2;40;40;40;48;2;255;140;0m▀[38;2;255;140;0m▔▔[38;2;40;40;40m▂▆[48;2;40;40;40m▔▔[38;2;255;140;0m▗[48;2;255;140;0m▔▔[38;2;40;40;40m▂[38;2;255;140;0;48;2;40;40;40m▀[38;2;1;1;1m▀[38;2;40;40;40;48;2;0;0;0m▆[48;2;40;40;40m▔▔▔[38;2;254;139;1m▁[38;2;255;140;0m▁[48;2;0;0;0m▕[38;2;0;0;0;48;2;255;140;0m▗[38;2;255;140;0m▔[38;2;0;0;0m▘[38;2;255;140;0;48;2;40;40;40m▊[38;2;0;39;71m▃[38;2;40;40;40;48;2;0;0;0m▍[38;2;0;0;0;48;2;255;140;0m▊[38;2;255;140;0m▔▔▔▔[38;2;0;39;71;48;2;40;40;40m▅▆[38;2;40;40;40;48;2;0;39;71m▔[38;2;0;39;71m▔▔▔▔▔▔▔▔▔▔▔▔▔[0m
[38;2;0;0;0;48;2;0;0;0m▔▔▔[38;2;40;40;40m▂▃[38;2;0;0;0;48;2;40;40;40m▀[38;2;40;40;40;48;2;0;0;0m▅▆[38;2;0;0;0;48;2;40;40;40m▔[38;2;40;40;40m▔▔▔▔▔▔▔▔▔▔[38;2;0;0;0m▔[38;2;40;40;40;48;2;0;0;0m▆▖[38;2;0;0;0m▔[38;2;255;140;0;48;2;255;140;0m▔[38;2;40;40;40m▝[38;2;255;140;0;48;2;40;40;40m▆[48;2;255;140;0m▔▔▔▔[48;2;40;40;40m▖[38;2;40;40;40m▔▔[38;2;0;0;0;48;2;0;0;0m▔[38;2;255;140;0;48;2;255;140;0m▔▔[38;2;40;40;40m▝▀[38;2;255;140;0;48;2;40;40;40m▆▆[38;2;40;40;40;48;2;255;140;0m▔[38;2;255;140;0m▔[48;2;254;139;1m▆[48;2;255;140;0m▔▔▔[48;2;25;9;0m▊[38;2;0;0;0;48;2;0;0;0m▔[38;2;254;139;1;48;2;255;140;0m▍[38;2;255;140;0m▔[38;2;0;39;71m▐[48;2;0;39;71m▔[38;2;0;0;0m▝[48;2;0;0;0m▔[38;2;255;140;0;48;2;255;140;0m▔▔▔[48;2;0;39;71m▊[38;2;0;39;71m▔▔▔▔▔▔▔▔▔▔▔▔▔▔▔▔[0m
[38;2;0;0;0;48;2;40;40;40m▀▔[38;2;40;40;40m▔▔▔▔▔▔[38;2;0;39;71m▁▂▂▂▂▂▂▂▂▂▂▂▁▁[38;2;0;0;0;48;2;0;0;0m▔[48;2;255;140;0m▍[38;2;255;140;0m▔▔▔▔[48;2;0;0;0m▍[48;2;255;140;0m▔▔[48;2;40;40;40m▖[38;2;0;0;0m▗[48;2;255;140;0m▊[38;2;255;140;0m▔▔[38;2;0;0;0m▂▃[38;2;255;140;0;48;2;0;0;0m▀▀[38;2;0;0;0;48;2;255;140;0m▅▆▆▆[38;2;210;210;210;48;2;0;0;0m▁▂[38;2;0;39;71;48;2;25;9;0m▆[38;2;0;0;0;48;2;0;0;0m▔[38;2;254;139;0;48;2;255;140;0m▏[38;2;255;140;0m▔[38;2;0;39;71m▐[48;2;0;39;71m▔▔[38;2;0;0;0;48;2;0;0;0m▔[48;2;255;140;0m▍[38;2;255;140;0m▔▔[48;2;0;39;71m▊[38;2;0;39;71m▔▔▔▔▔▔▔▔▔▔▔▔▔▔▔▔[0m
[38;2;40;40;40;48;2;40;40;40m▔▔[38;2;0;39;71m▂▃[38;2;40;40;40;48;2;0;39;71m▀[38;2;0;39;71;48;2;40;40;40m▆[38;2;40;40;40;48;2;0;39;71m▔[38;2;0;39;71m▔▔▔▔▔▔▔▔▔▔▔▔▔▔▔[48;2;0;0;0m▍[38;2;255;140;0m▐[48;2;255;140;0m▔▔▔▔[38;2;0;0;0;48;2;0;0;0m▔[38;2;255;140;0m▝[48;2;255;140;0m▔▔[38;2;0;0;0m▝[48;2;0;0;0m▔[38;2;255;140;0;48;2;255;140;0m▔▔[48;2;0;0;0m▆[38;2;188;188;188m▆[38;2;0;0;0;48;2;188;188;188m▝[38;2;188;188;188;48;2;0;0;0m▃▂▂[38;2;0;0;0;48;2;188;188;188m▀[38;2;210;210;210;48;2;19;19;19m▆[48;2;210;210;210m▔▔[38;2;0;39;71m▀[38;2;0;0;0;48;2;0;0;0m▔[48;2;255;140;0m▏[38;2;255;140;0m▔[38;2;0;39;71m▐[48;2;0;39;71m▔▔[48;2;0;0;0m▖[38;2;255;140;0m▐[48;2;255;140;0m▔[38;2;0;0;0m▁[38;2;0;39;71;48;2;0;39;71m▔▔▔▔▔▔▔▔▔▔▔▔▔▔▔▔▔[0m
[38;2;0;39;71;48;2;40;40;40m▆[48;2;0;39;71m▔▔▔▔▔▔▔▔▔▔▔▔▔▔▔▔▔[38;2;187;187;187m▂[38;2;0;39;71m▔▔▔[48;2;0;0;0m▍[38;2;0;0;0;48;2;255;140;0m▊[38;2;255;140;0m▔▔▔▔[38;2;0;0;0;48;2;159;159;159m▀[38;2;159;159;159;48;2;0;0;0m▖[38;2;0;0;0m▔[48;2;255;140;0m▖[38;2;255;140;0m▔[38;2;0;0;0m▝▆▂[38;2;255;140;0m▔▔[48;2;188;188;188m▆[38;2;188;188;188;48;2;255;140;0m▀[38;2;255;140;0;48;2;188;188;188m▂▂▂▂[38;2;188;188;188m▔▔[48;2;210;210;210m▂[38;2;0;0;0;48;2;0;0;0m▔[48;2;255;140;0m▍[38;2;255;140;0m▔[38;2;0;39;71m▐[48;2;0;39;71m▔▔[38;2;0;0;0m▝▀▀▘[38;2;0;39;71m▔▔▔▔▔▔▔▔▔▔▔▔▔▔▔▔▔[0m
[38;2;0;39;71;48;2;0;39;71m▔▔▔▔▔▔▔▔▔[38;2;255;89;188m▗[38;2;0;39;71;48;2;255;89;188m▀[38;2;255;89;188;48;2;0;39;71m▅[38;2;0;39;71;48;2;255;89;188m▀[38;2;255;89;188;48;2;0;39;71m▃▂▁[38;2;0;39;71m▔▔[38;2;188;188;188m▝[38;2;187;187;187;48;2;188;188;188m▔[38;2;188;188;188;48;2;0;39;71m▃[38;2;187;187;187m▁[38;2;188;188;188m▁[38;2;0;0;0;48;2;255;140;0m▊[38;2;255;140;0m▔▔▔[48;2;159;159;159m▊[38;2;159;159;159;48;2;0;0;0m▀[38;2;0;0;0;48;2;159;159;159m▆[48;2;0;0;0m▔▔[48;2;255;140;0m▖[38;2;255;140;0m▔▔[48;2;0;0;0m▖[38;2;0;0;0;48;2;255;140;0m▆[38;2;255;140;0;48;2;0;0;0m▀[38;2;0;0;0;48;2;255;140;0m▂▁[38;2;254;139;0m▁▂▁[38;2;255;140;0m▔[38;2;0;0;0m▗[38;2;188;188;188;48;2;0;0;0m▀[38;2;0;0;0;48;2;188;188;188m▂[48;2;0;0;0m▔[48;2;255;140;0m▍[38;2;255;140;0m▔[38;2;0;39;71m▐[48;2;0;39;71m▔▔▔▔▔▔▔▔▔▔▔▔▔▔▔▔▔▔▔▔▔▔▔[0m
[38;2;0;39;71;48;2;0;39;71m▔▔▔▔▔▔▔▔▔[38;2;255;89;188m▝[48;2;255;89;188m▔▔▔▔▔▔▔[48;2;0;39;71m▆▃▁[38;2;0;39;71;48;2;188;188;188m▖[38;2;188;188;188m▔[48;2;0;0;0m▊[38;2;0;0;0m▔[38;2;255;140;0;48;2;255;140;0m▔▔▔[48;2;0;0;0m▊[38;2;0;0;0m▔▔▔▔▔[48;2;255;140;0m▖[38;2;255;140;0m▔▔[48;2;0;0;0m▖[38;2;0;0;0m▔▔▔▔[48;2;254;139;0m▆▆▆[48;2;0;0;0m▔▔▔▔[38;2;255;140;0m▝[38;2;0;0;0;48;2;255;140;0m▖[38;2;188;188;188;48;2;188;188;188m▔[38;2;0;39;71m▀[38;2;188;188;188;48;2;0;39;71m▁[38;2;0;39;71m▔▔▔▔▔▔[38;2;209;209;209m▁▁[38;2;0;39;71m▔▔▔▔▔▔▔▔▔▔▔▔▔[0m
[38;2;0;39;71;48;2;0;39;71m▔▔▔▔▔▔▔▔▔▔▔[38;2;255;89;188m▀[38;2;0;39;71;48;2;255;89;188m▁[38;2;255;89;188m▔▔▔▔▔▔▔[48;2;0;39;71m▆[48;2;159;159;159m▂[38;2;159;159;159m▔[38;2;0;0;0;48;2;0;0;0m▔[38;2;255;140;0;48;2;255;140;0m▔▔▔[38;2;0;0;0m▐[48;2;0;0;0m▔▔▔▔▔▔[48;2;255;140;0m▖[38;2;255;140;0;48;2;254;139;0m▀[38;2;253;139;0m▗[38;2;0;0;0;48;2;252;138;0m▀[48;2;0;0;0m▔▔▔▔▔▔▔▔[38;2;255;156;156m▂[38;2;255;89;89;48;2;71;0;0m▖[38;2;0;0;0;48;2;0;0;0m▔▔[38;2;188;188;188m▀[48;2;188;188;188m▔▔[48;2;0;39;71m▆[38;2;0;39;71;48;2;188;188;188m▀[38;2;210;210;210;48;2;0;39;71m▃[38;2;0;39;71;48;2;210;210;210m▀[38;2;210;210;210;48;2;0;39;71m▅[38;2;0;39;71;48;2;209;209;209m▔▃[38;2;209;209;209;48;2;0;39;71m▔[38;2;0;39;71m▔▔▔▔▔▔▔▔▔▔▔▔▔[0m
[38;2;0;39;71;48;2;0;39;71m▔▔▔▔▔▔▔▔▔▔▔▔▔[48;2;255;89;89m▆[48;2;255;89;188m▂[38;2;255;89;188m▔▔▔▔▔▔▔[38;2;0;0;0;48;2;255;89;89m▝[48;2;0;0;0m▔[48;2;255;140;0m▍[38;2;255;140;0m▔[38;2;0;0;0m▁[38;2;255;140;0;48;2;0;0;0m▘[38;2;0;0;0m▔▔▔▔▔▔▔[48;2;252;138;0m▖[38;2;246;135;0;48;2;251;138;0m▂[38;2;243;133;0;48;2;249;136;0m▃[38;2;0;0;0;48;2;243;133;0m▝[48;2;0;0;0m▔▔▔▔▔[38;2;254;155;155m▂[48;2;255;156;156m▏[38;2;116;0;0m▗[38;2;127;0;0;48;2;0;0;0m▊[38;2;0;0;0m▔▔▔▔[48;2;188;188;188m▖[38;2;181;0;0m▁[48;2;210;210;210m▂[38;2;210;210;210;48;2;181;0;0m▀[38;2;181;0;0;48;2;226;226;226m▆[38;2;215;215;215;48;2;181;0;0m▀[38;2;0;39;71;48;2;0;39;71m▔▔▔▔[38;2;0;64;116m▂▂[38;2;0;39;71;48;2;0;64;116m▀▀[38;2;0;64;116;48;2;0;39;71m▅▅▆[48;2;0;64;116m▔[38;2;0;39;71m▔[38;2;0;64;116m▔▔▔[0m
[38;2;0;39;71;48;2;0;39;71m▔▔▔▔▔▔[38;2;255;89;188m▁▂▁▁[38;2;255;89;89m▁[38;2;0;39;71m▔▔▔▔[48;2;255;89;89m▆[48;2;255;89;188m▂[38;2;210;210;210m▁[38;2;255;89;188m▔[38;2;255;89;89m▁[38;2;255;89;188m▔[38;2;255;89;89m▂[48;2;255;89;89m▔[48;2;0;0;0m▖[38;2;0;0;0m▔[48;2;255;140;0m▆[48;2;0;0;0m▔▔▔▔▔▔▔▔▔▔[38;2;238;130;0m▝[38;2;0;0;0;48;2;230;125;0m▂[48;2;226;123;0m▂[38;2;227;124;0;48;2;0;0;0m▘[38;2;0;0;0m▔▔[38;2;240;83;83m▂[38;2;177;0;0;48;2;248;86;86m▂[38;2;180;0;0;48;2;254;155;155m▂[38;2;255;156;156;48;2;255;89;89m▘[38;2;255;89;89;48;2;127;0;0m▂[48;2;116;0;0m▆[48;2;0;0;0m▆[38;2;181;0;0m▆▆[38;2;0;0;0;48;2;181;0;0m▀[48;2;127;0;0m▘[38;2;255;211;156;48;2;181;0;0m▂[48;2;71;0;0m▆[48;2;255;211;156m▔▔[48;2;181;0;0m▖[38;2;181;0;0;48;2;0;39;71m▂[38;2;0;39;71;48;2;181;0;0m▀[38;2;181;0;0;48;2;0;39;71m▖[38;2;0;64;116;48;2;0;64;116m▔▔▔▔[38;2;156;211;255m▁▂▂▂▂▁[38;2;0;64;116m▔▔▔[0m
[38;2;0;39;71;48;2;0;39;71m▔[38;2;255;89;89m▂[38;2;0;39;71;48;2;255;89;188m▀[38;2;255;89;188;48;2;0;39;71m▆[48;2;255;89;89m▆[48;2;255;89;188m▔▔▔▔[48;2;255;89;89m▆[38;2;255;89;89;48;2;255;89;188m▀▀[38;2;0;39;71;48;2;255;89;89m▔[38;2;255;89;89;48;2;0;39;71m▆[38;2;25;40;71;48;2;255;89;89m▀[38;2;181;0;0;48;2;0;39;71m▅[38;2;159;159;159;48;2;226;226;226m▂[38;2;188;188;188;48;2;188;188;188m▔[38;2;159;159;159;48;2;255;89;188m▆[38;2;0;0;0;48;2;255;89;89m▗[38;2;255;89;89m▔▔▔[48;2;181;0;0m▊[38;2;0;0;0;48;2;255;180;89m▝[48;2;0;0;0m▔▔▔▔▔▔▔▔▔[38;2;250;140;0m▁[38;2;255;148;0m▂[38;2;0;0;0;48;2;255;148;0m▀[38;2;255;148;0;48;2;0;0;0m▅▅[38;2;12;3;0;48;2;255;148;0m▀[38;2;0;0;0;48;2;226;104;54m▀[38;2;219;75;75;48;2;229;79;79m▍[38;2;238;83;83;48;2;246;85;85m▍[38;2;251;87;87;48;2;253;88;88m▍[38;2;255;255;255;48;2;255;89;89m▂▂[38;2;181;0;0;48;2;226;226;226m▀▀[38;2;255;255;255;48;2;181;0;0m▆▆▆[38;2;127;0;0;48;2;255;255;255m▀[38;2;71;0;0m▘[38;2;255;211;156;48;2;255;211;156m▔▔[38;2;0;0;0;48;2;255;255;255m▂[38;2;255;211;156;48;2;255;211;156m▔[38;2;127;0;0m▝[38;2;255;211;156;48;2;116;0;0m▆[48;2;0;0;0m▆[38;2;116;0;0;48;2;127;0;0m▖[38;2;0;64;116;48;2;0;64;116m▔[38;2;89;180;255m▂[38;2;0;64;116;48;2;89;180;255m▀[38;2;156;211;255;48;2;0;64;116m▆[48;2;89;180;255m▆[38;2;255;255;255m▂[38;2;156;211;255;48;2;156;211;255m▔[48;2;89;180;255m▀[38;2;89;180;255;48;2;156;211;255m▆▆[38;2;3;140;255;48;2;89;180;255m▝[38;2;0;64;116;48;2;0;140;255m▀[48;2;0;64;116m▔[0m
[38;2;255;89;188;48;2;0;39;71m▝▀▀▀▀[38;2;0;39;71;48;2;255;89;188m▃▂▂▂▂▁[38;2;255;89;188m▔[38;2;255;89;89m▁▁[48;2;255;89;89m▔▔[38;2;181;0;107;48;2;181;0;0m▂[38;2;255;180;89m▀[38;2;127;0;0;48;2;159;159;159m▂[38;2;188;188;188;48;2;0;0;0m▍[38;2;0;0;0m▔[38;2;181;0;107m▀[38;2;181;99;0;48;2;255;89;89m▖[38;2;181;0;107m▂[38;2;255;180;89;48;2;181;0;0m▐[38;2;181;99;0;48;2;0;0;0m▍[38;2;0;0;0m▔▔▔▔▔[38;2;255;148;0m▂[38;2;0;0;0;48;2;255;148;0m▀[38;2;164;88;0m▔[38;2;255;148;0m▔▔[38;2;244;132;0m▁[38;2;253;142;0m▁[38;2;255;148;0m▔▔[38;2;200;200;200;48;2;247;137;25m▁[38;2;211;72;72;48;2;230;230;230m▀[38;2;219;219;219;48;2;121;0;0m▆[38;2;223;223;223;48;2;225;225;225m▘[38;2;226;226;226;48;2;255;255;255m▆[48;2;226;226;226m▔▔▔▔[48;2;188;188;188m▆[38;2;101;101;101;48;2;255;255;255m▗[38;2;226;226;226;48;2;255;211;156m▘[38;2;255;180;89m▞[38;2;77;77;77;48;2;255;255;255m▗[38;2;0;0;0;48;2;254;254;254m▆[38;2;254;254;254;48;2;255;255;255m▁[38;2;226;226;225;48;2;255;211;156m▗[38;2;25;25;25;48;2;226;226;226m▗[38;2;0;0;0;48;2;255;255;255m▖[38;2;255;211;157;48;2;226;226;226m▝[38;2;116;0;0;48;2;89;180;255m▀[38;2;90;180;255;48;2;156;211;255m▀[38;2;156;211;255;48;2;89;180;255m▆[38;2;226;226;226;48;2;156;211;255m▗▆[38;2;156;211;255;48;2;255;255;255m▁[38;2;226;226;226;48;2;89;180;255m▀[38;2;89;180;255;48;2;156;211;255m▆[48;2;89;180;255m▔▔▔[38;2;0;140;255m▂[48;2;0;140;255m▔[38;2;0;99;181;48;2;0;64;116m▍[0m
[38;2;0;39;71;48;2;0;39;71m▔▔▔▔▔▔▔▔[38;2;0;64;116m▁▁▂▂▂▂▂[38;2;0;39;71;48;2;181;99;0m▆[38;2;188;188;188;48;2;181;0;0m▆[38;2;181;0;0;48;2;255;180;89m▀▀[38;2;127;0;0m▘[38;2;0;0;0m▀[38;2;255;180;89;48;2;0;0;0m▂[48;2;114;57;0m▂[48;2;127;0;0m▁▐[38;2;254;88;88;48;2;0;0;0m▍[38;2;0;0;0m▔▔▔[38;2;195;105;0m▗[38;2;122;63;0;48;2;255;148;0m▘[38;2;255;148;0m▔▔[38;2;0;0;0m▗[38;2;33;12;0;48;2;255;147;0m▆[38;2;169;89;0;48;2;110;0;0m▔[38;2;116;0;0;48;2;185;62;62m▀[38;2;184;184;184;48;2;194;66;66m▁[38;2;224;103;50;48;2;212;212;212m▀[38;2;193;193;193;48;2;255;148;0m▆[38;2;201;201;201;48;2;201;201;201m▔[38;2;208;208;208;48;2;214;214;214m▍[38;2;217;217;217;48;2;221;221;221m▖[38;2;222;222;222;48;2;224;224;224m▖[38;2;225;225;225;48;2;226;226;226m▍[38;2;226;226;226m▔[38;2;0;0;0m▂▞[38;2;226;226;226m▔▔[38;2;255;211;156;48;2;255;180;89m▐[38;2;239;169;102;48;2;255;211;156m▐[38;2;116;116;0;48;2;255;255;255m▍[38;2;0;0;0m▝[38;2;255;255;255;48;2;0;0;0m▂[38;2;0;0;0;48;2;255;255;255m▘[48;2;210;210;210m▗[38;2;89;180;255;48;2;0;0;0m▗[38;2;0;0;0;48;2;156;211;255m▘[38;2;156;211;255;48;2;89;180;255m▆[48;2;156;211;255m▔[38;2;89;180;255m▂▃▆▆[48;2;89;180;255m▔▔▔▔▔[48;2;0;140;255m▘[38;2;0;99;181m▗[48;2;0;99;181m▔[38;2;0;64;116m▐[0m
[38;2;0;64;116;48;2;0;39;71m▁▃[38;2;0;39;71;48;2;0;64;116m▀[38;2;0;64;116;48;2;0;39;71m▆[38;2;0;39;71;48;2;0;64;116m▔[38;2;0;64;116m▔▔▔[38;2;255;255;255m▂[38;2;0;64;116;48;2;255;255;255m▀[48;2;226;226;226m▀[48;2;255;255;255m▀▀[38;2;255;180;89;48;2;0;64;116m▂[38;2;0;64;116;48;2;255;211;156m▘[38;2;255;211;156m▔▔[38;2;255;180;89;48;2;255;180;89m▔[38;2;181;0;107m▁▂[38;2;255;180;89;48;2;181;0;107m▀▀[38;2;181;0;107;48;2;255;180;89m▂[38;2;255;89;89m▖[38;2;180;0;107m▗[38;2;253;253;253;48;2;0;0;0m▂[38;2;0;0;0m▔▔▔[38;2;243;132;0m▐[38;2;255;148;0;48;2;255;148;0m▔▔▔[38;2;94;0;0m▝[38;2;255;148;0;48;2;108;0;0m▃[38;2;206;142;109;48;2;174;58;58m▁[38;2;191;65;65;48;2;170;170;170m▘[38;2;175;175;175;48;2;185;185;185m▂[38;2;178;178;178;48;2;190;190;190m▂[38;2;233;157;111m▁[38;2;255;149;0m▂[38;2;255;148;16;48;2;186;186;186m▂[38;2;195;195;195;48;2;201;201;201m▖[38;2;213;213;213;48;2;220;220;220m▖[38;2;70;0;0;48;2;224;224;224m▂[38;2;71;0;0;48;2;210;210;210m▆[38;2;255;255;255;48;2;0;0;0m▗[38;2;226;226;226;48;2;226;226;226m▔▔[48;2;129;129;129m▊[38;2;255;180;89;48;2;255;211;156m▍[38;2;255;223;181m▗[38;2;255;180;89;48;2;255;223;181m▀[38;2;129;129;129m▁[38;2;210;210;210m▁[38;2;89;180;255;48;2;255;211;156m▗[38;2;210;210;210;48;2;89;180;255m▘[38;2;89;180;255m▔[48;2;156;211;255m▃▆[48;2;89;180;255m▔▔▔▔▔▔[38;2;3;140;255m▁[38;2;0;140;255m▃[38;2;89;180;255;48;2;0;140;255m▀[38;2;0;140;254m▁[38;2;0;99;181m▂[48;2;0;99;181m▔[38;2;0;64;116m▂[48;2;0;64;116m▔[0m
[38;2;0;64;116;48;2;0;64;116m▔▔▔[38;2;0;67;127m▗▃▃[38;2;226;226;226m▗[38;2;0;64;116;48;2;255;255;255m▔[38;2;181;0;107m▗[38;2;255;255;255;48;2;181;0;0m▀[38;2;181;0;0;48;2;255;255;255m▆[38;2;251;126;5;48;2;181;0;107m▀[38;2;255;180;89;48;2;255;180;89m▔[48;2;255;211;156m▂[48;2;255;180;89m▔▔[38;2;255;211;156;48;2;255;211;156m▔[38;2;182;19;11m▗[38;2;0;0;0;48;2;181;0;0m▗[48;2;255;89;89m▆[48;2;116;0;0m▆[48;2;0;0;0m▔[38;2;181;0;107;48;2;71;0;0m▐[38;2;182;3;108;48;2;255;89;188m▖[38;2;180;0;0;48;2;254;89;89m▗[38;2;251;251;251;48;2;126;0;0m▐[38;2;202;202;202;48;2;218;218;218m▝[38;2;0;0;0;48;2;191;191;191m▀[48;2;0;0;0m▔[38;2;255;148;0m▂[38;2;148;77;0;48;2;255;148;0m▘[38;2;255;148;0m▔▔▔▔▔[38;2;150;142;139m▝[38;2;246;140;42;48;2;137;137;137m▁[38;2;236;137;51m▗[38;2;255;148;0;48;2;255;148;0m▔▔[38;2;196;159;144m▕[38;2;100;0;0;48;2;181;181;181m▂[38;2;142;142;142;48;2;117;0;0m▘[38;2;114;0;0;48;2;113;57;0m▀[38;2;225;225;225;48;2;115;0;0m▗[38;2;226;226;226;48;2;226;226;226m▔▔▔▔[38;2;249;180;85;48;2;255;211;156m▘[38;2;255;223;181;48;2;255;223;181m▔[48;2;129;129;129m▆[48;2;255;223;181m▔▔[38;2;89;180;255;48;2;0;140;255m▝[48;2;89;180;255m▔▔▔[38;2;3;140;255m▁▂[38;2;0;140;255m▂[38;2;89;180;255;48;2;0;140;255m▀[38;2;0;140;255;48;2;89;180;255m▅▆[38;2;0;99;181;48;2;0;140;255m▁▂[38;2;0;140;255;48;2;0;99;181m▀[38;2;0;99;181;48;2;0;140;254m▆[48;2;0;99;181m▔[38;2;0;64;116m▂[48;2;0;64;116m▔▔▔[0m
[38;2;0;64;116;48;2;0;64;116m▔▔▔[48;2;0;67;127m▍[38;2;0;67;127m▔[38;2;255;255;255m▗[38;2;226;226;226;48;2;226;226;226m▔[38;2;116;0;0;48;2;255;156;156m▗[38;2;0;0;0;48;2;181;0;0m▆[48;2;0;0;0m▔[38;2;181;0;107m▂[38;2;182;14;107;48;2;255;180;89m▘[38;2;255;180;89;48;2;255;255;255m▐[48;2;255;180;89m▔▔▔[48;2;190;102;0m▍[38;2;190;94;0;48;2;229;229;229m▘[38;2;181;0;0;48;2;255;156;156m▂[38;2;254;89;89;48;2;255;89;89m▁[38;2;249;85;91;48;2;116;0;0m▆[38;2;255;89;89;48;2;255;89;89m▔[38;2;255;255;255m▂[38;2;254;254;254;48;2;180;0;106m▂[38;2;252;252;252;48;2;180;0;0m▆[38;2;216;216;216;48;2;220;220;220m▗[38;2;189;189;189;48;2;212;212;212m▗[38;2;131;131;131;48;2;180;180;180m▁[38;2;129;66;0;48;2;211;133;86m▔[38;2;255;148;0;48;2;255;148;0m▔▔[38;2;85;10;0m▗[38;2;87;0;0;48;2;87;0;0m▔[38;2;102;102;102;48;2;122;118;116m▘[38;2;255;147;16;48;2;117;117;117m▀[38;2;255;147;0;48;2;255;147;0m▔[38;2;255;148;0;48;2;255;148;0m▔▔▔▔[38;2;142;142;142m▗[38;2;211;137;96;48;2;125;0;0m▘[38;2;140;75;0;48;2;152;82;0m▍[38;2;162;0;0;48;2;169;0;0m▍[38;2;178;0;0;48;2;175;0;0m▐[38;2;208;208;208;48;2;209;209;209m▍[38;2;225;225;225;48;2;226;226;226m▍[38;2;226;226;226m▔▔▔▔[48;2;255;255;255m▆▆[48;2;226;226;226m▔[38;2;148;141;129m▝[38;2;159;159;159;48;2;0;0;181m▖[38;2;0;99;181;48;2;0;140;255m▂▂[48;2;0;0;0m▀[38;2;0;0;0;48;2;0;99;181m▆[38;2;0;64;116;48;2;0;0;0m▁[38;2;0;99;181m▂[48;2;0;99;181m▔[38;2;0;0;0m▂[38;2;0;99;181;48;2;0;0;0m▀▀[38;2;0;64;116;48;2;0;99;181m▂▅[48;2;0;99;180m▆[38;2;0;99;180;48;2;0;64;116m▔[38;2;0;64;116m▔▔▔▔[0m
[38;2;0;64;116;48;2;0;64;116m▔▔▔[48;2;0;67;127m▍[38;2;0;67;127m▔[38;2;255;255;255m▝[38;2;255;89;89;48;2;210;210;210m▝[38;2;226;226;226;48;2;246;94;94m▂[38;2;255;89;89;48;2;0;0;0m▆[38;2;255;89;188;48;2;255;89;89m▆[38;2;129;129;129;48;2;188;188;188m▘[38;2;190;98;25;48;2;255;180;89m▁[38;2;255;211;156m▘[38;2;255;180;89m▔▔▔[38;2;191;103;3m▝[38;2;188;188;188;48;2;190;102;0m▀[38;2;255;180;89;48;2;226;226;226m▂[38;2;0;0;0;48;2;255;255;255m▂▁[38;2;101;101;101;48;2;226;226;226m▁[38;2;159;159;159m▂[38;2;77;77;77;48;2;209;209;209m▁[38;2;70;0;0;48;2;207;207;207m▂[38;2;111;0;0;48;2;201;201;201m▂[38;2;169;169;169;48;2;103;0;0m▀[38;2;0;0;0;48;2;131;131;131m▆[38;2;255;148;0;48;2;255;148;0m▔▔[38;2;254;147;0m▕[38;2;232;124;0;48;2;96;19;0m▍[38;2;122;122;122;48;2;122;122;122m▔[38;2;123;123;123;48;2;123;123;123m▔[38;2;114;114;114;48;2;118;118;118m▕[38;2;245;141;36;48;2;111;111;111m▁[38;2;255;147;16;48;2;255;147;16m▔[38;2;255;148;0;48;2;255;148;0m▔▔▔[48;2;109;0;0m▃[38;2;115;61;0;48;2;115;61;0m▔[38;2;157;0;0;48;2;145;0;0m▐[38;2;171;0;0;48;2;165;0;0m▐[38;2;185;185;185;48;2;175;0;0m▐[38;2;208;208;208;48;2;209;209;209m▖[38;2;225;225;225;48;2;226;226;226m▍[38;2;226;226;226m▔▔▔▔▔[38;2;255;255;255m▝▖[38;2;226;226;226m▔[38;2;159;159;159;48;2;255;255;255m▝[38;2;0;0;116;48;2;159;159;159m▀[38;2;159;159;159;48;2;0;0;127m▂[38;2;188;188;188;48;2;0;64;116m▂▂▁▁[38;2;0;39;71m▂[38;2;0;67;127;48;2;0;0;0m▆[48;2;0;39;71m▆[48;2;0;64;116m▂[38;2;0;66;125;48;2;0;66;125m▔[38;2;0;67;127;48;2;0;64;116m▆▆▅▖[38;2;0;64;116m▔▔▔[0m
[38;2;0;67;127;48;2;0;67;127m▔[38;2;0;64;116;48;2;0;64;116m▔▔[48;2;0;67;127m▍[38;2;0;67;127m▔▔[38;2;0;64;116;48;2;188;188;188m▆▆▆▆[38;2;0;67;127;48;2;0;64;116m▔[38;2;0;66;124m▔[38;2;255;180;89;48;2;0;65;122m▀[38;2;0;67;127;48;2;255;180;89m▁[38;2;190;102;0m▁[38;2;255;180;89m▔[38;2;181;99;0m▃[38;2;255;180;89;48;2;190;102;0m▗[48;2;255;180;89m▔[38;2;181;99;0m▂[38;2;255;180;89;48;2;0;0;0m▆[38;2;0;0;0;48;2;255;180;89m▀[38;2;71;0;0m▀[38;2;254;179;89;48;2;115;0;0m▖[38;2;114;57;0;48;2;115;57;0m▝[38;2;0;0;0;48;2;111;55;0m▂[38;2;163;0;0;48;2;0;0;0m▗[38;2;145;0;0m▆[38;2;137;14;0;48;2;255;148;0m▖[38;2;255;148;0m▔▔▔[48;2;115;115;115m▆[48;2;116;116;116m▆[48;2;126;111;106m▆[48;2;255;148;0m▔[38;2;148;138;134m▁[38;2;0;0;0;48;2;242;137;43m▖[38;2;156;156;156;48;2;255;148;0m▃[38;2;195;83;51m▁[38;2;255;148;0m▔[38;2;197;67;67m▕[38;2;210;128;128;48;2;225;78;78m▖[38;2;171;0;0;48;2;167;0;0m▐[38;2;174;0;0;48;2;184;184;184m▍[38;2;209;209;209;48;2;186;186;186m▐[38;2;226;226;226;48;2;225;225;225m▐[48;2;226;226;226m▔▔▔▔▔▔[38;2;255;255;255m▐▖[38;2;188;188;188m▕▍[38;2;226;226;226;48;2;129;129;129m▆[38;2;159;159;159;48;2;226;226;226m▀[48;2;255;255;255m▀[38;2;226;226;226m▂[38;2;255;255;255;48;2;226;226;226m▘[38;2;0;39;71m▝[38;2;0;67;127;48;2;0;67;127m▔▔[38;2;0;64;116m▗▆[48;2;0;66;127m▆[48;2;0;67;127m▖[38;2;0;67;127m▔▔[48;2;0;64;116m▖[38;2;0;64;116m▔▔[0m
[38;2;0;67;127;48;2;0;67;127m▔[48;2;0;64;116m▏[38;2;0;64;116m▔[48;2;0;67;127m▍[38;2;0;67;127m▔▔[38;2;0;64;117;48;2;0;64;116m▏[38;2;0;64;116m▔[48;2;0;67;127m▀[38;2;0;67;127m▔▔[38;2;0;64;116m▂▃▃[38;2;0;67;127;48;2;181;99;0m▆▅[38;2;255;180;89;48;2;182;100;3m▅[48;2;255;180;89m▔▔[38;2;116;58;0m▁[38;2;255;180;89;48;2;181;99;0m▆[48;2;255;180;89m▔▔[38;2;180;99;0m▝[38;2;127;127;127;48;2;0;0;0m▁[38;2;178;0;0m▗[38;2;169;0;0;48;2;174;0;0m▝[38;2;122;0;0;48;2;164;0;0m▁[38;2;144;0;0;48;2;144;0;0m▔[38;2;109;0;0;48;2;143;143;143m▖[38;2;255;148;0;48;2;160;160;160m▀[38;2;152;152;152;48;2;255;148;0m▃[38;2;147;147;147m▃[38;2;255;148;0;48;2;147;147;147m▀[38;2;157;157;157;48;2;255;148;0m▅[38;2;254;146;26;48;2;157;157;157m▔[38;2;153;153;153;48;2;179;179;179m▘[38;2;194;194;194;48;2;0;0;0m▐[38;2;200;200;200;48;2;176;176;176m▅[38;2;158;0;93;48;2;222;135;135m▊[38;2;222;128;184;48;2;222;77;77m▍[38;2;159;0;93;48;2;227;138;138m▍[38;2;231;134;191;48;2;234;143;143m▍[38;2;248;86;183;48;2;120;0;0m▁[38;2;174;0;0;48;2;184;184;184m▘[38;2;186;186;186;48;2;187;187;187m▘[38;2;209;209;209;48;2;226;226;226m▍[38;2;226;226;226m▔▔▔▔▔▔[38;2;255;255;255m▐▘[38;2;188;188;188m▗[48;2;159;159;159m▐[38;2;226;226;226;48;2;188;188;188m▀[38;2;210;210;210;48;2;226;226;226m▂[38;2;226;226;226m▔▔▔▔▔[38;2;188;188;188;48;2;0;67;127m▖[38;2;0;67;127;48;2;0;64;116m▍[38;2;0;64;116m▔▔[38;2;0;65;122m▕[38;2;0;67;127;48;2;0;67;127m▔▔[48;2;0;64;116m▊[38;2;0;64;116m▔▔[0m
[38;2;0;64;117;48;2;0;67;127m▗[38;2;0;64;116;48;2;0;64;116m▔▔[48;2;0;67;127m▍[38;2;0;67;127m▔▔[38;2;0;64;117;48;2;0;64;116m▏[38;2;0;64;116m▔[38;2;0;67;127;48;2;0;67;127m▔▔[38;2;0;39;71m▂[48;2;0;64;116m▂▂[48;2;0;66;124m▂[48;2;0;67;127m▁[38;2;0;67;127m▔[38;2;254;179;89;48;2;255;180;89m▘[38;2;255;180;89m▔[48;2;0;0;0m▘[38;2;0;0;0;48;2;255;180;89m▘[38;2;254;179;89;48;2;181;99;0m▘[38;2;181;99;0;48;2;0;0;0m▀[38;2;0;0;0;48;2;181;99;0m▆[38;2;255;180;89;48;2;0;0;0m▀[38;2;71;0;0;48;2;255;211;156m▂[38;2;255;180;89;48;2;115;0;0m▆[38;2;254;210;155;48;2;126;0;0m▂[38;2;254;179;88;48;2;124;0;0m▂[38;2;124;0;0;48;2;119;0;0m▅[38;2;116;0;0;48;2;200;200;200m▘[38;2;197;197;197;48;2;180;180;180m▅[38;2;183;183;183;48;2;201;201;201m▀[38;2;147;147;147;48;2;193;193;193m▔[38;2;176;176;176;48;2;195;195;195m▔[38;2;192;192;192;48;2;183;183;183m▝[38;2;184;184;184;48;2;181;181;181m▂[38;2;183;183;183;48;2;176;176;176m▅[38;2;0;0;0;48;2;205;205;205m▐[38;2;218;218;218;48;2;125;0;0m▘[38;2;250;153;153;48;2;250;88;88m▐[38;2;250;87;87;48;2;250;153;153m▐[38;2;179;3;105;48;2;251;87;87m▍[38;2;251;153;153;48;2;222;222;222m▐[38;2;179;0;0;48;2;252;154;154m▐[38;2;101;101;101;48;2;187;187;187m▗[38;2;188;188;188;48;2;159;159;159m▝[38;2;210;210;210;48;2;210;210;210m▔[48;2;226;226;226m▖[38;2;226;226;226m▔▔▔▔▔[38;2;255;255;255;48;2;210;210;210m▘[38;2;188;188;188m▗[48;2;159;159;159m▘▐[38;2;0;0;71;48;2;188;188;188m▆[38;2;188;188;188;48;2;0;0;71m▀[38;2;0;0;71;48;2;188;188;188m▁[38;2;210;210;210m▀[38;2;188;188;188;48;2;210;210;210m▃▃[38;2;210;210;210;48;2;188;188;188m▀[38;2;188;188;188m▔[38;2;0;67;127;48;2;0;67;127m▔[48;2;0;64;116m▃▃[38;2;0;64;116;48;2;0;67;127m▘[38;2;0;67;127m▔▔[48;2;0;64;116m▘[38;2;0;64;116m▔▔[0m
[38;2;0;64;116;48;2;0;64;116m▔▔▔[38;2;0;67;127m▝▀▀[38;2;0;64;117m▏[38;2;0;39;71m▂[38;2;0;64;116;48;2;0;39;71m▀[38;2;255;140;0m▁▂▃▃▃▂[38;2;0;39;71;48;2;255;180;89m▘[38;2;255;180;89;48;2;51;51;64m▀[38;2;0;0;0;48;2;255;180;89m▆[38;2;254;180;90;48;2;54;54;54m▝[38;2;101;101;101;48;2;255;180;89m▆[48;2;129;129;129m▀[38;2;0;0;0m▝[48;2;0;0;0m▔[48;2;116;0;0m▘[38;2;116;0;0m▔[48;2;181;99;0m▆[38;2;71;0;0;48;2;255;180;89m▖[38;2;255;180;89;48;2;254;210;155m▆[38;2;250;126;0;48;2;255;180;89m▀[38;2;208;208;208;48;2;180;98;0m▀[38;2;251;127;0;48;2;186;186;186m▁[38;2;187;187;187;48;2;184;184;184m▅▆[38;2;186;186;186;48;2;187;187;187m▀[38;2;187;187;187;48;2;186;186;186m▅▆[38;2;158;158;158;48;2;187;187;187m▗[48;2;159;159;159m▀[38;2;255;89;188;48;2;254;89;89m▗[38;2;254;147;210;48;2;255;156;156m▝[38;2;181;0;107;48;2;255;89;89m▐[38;2;255;89;89;48;2;255;156;156m▊[38;2;226;225;226m▍[38;2;255;156;156;48;2;116;58;0m▊[38;2;129;129;129;48;2;210;210;210m▝[38;2;159;159;159;48;2;77;77;77m▀[38;2;210;210;210;48;2;188;188;188m▁▀[38;2;226;226;226m▀[48;2;210;210;210m▀▀[38;2;188;188;188;48;2;226;226;226m▆[38;2;210;210;210;48;2;188;188;188m▀[38;2;129;129;129m▂[38;2;159;159;159m▆[48;2;159;159;159m▔[38;2;188;188;188;48;2;188;188;188m▔[38;2;0;67;127m▐[48;2;0;64;116m▀[38;2;0;64;116;48;2;0;0;116m▆[48;2;159;159;159m▆[48;2;210;210;210m▆[38;2;210;210;210;48;2;0;64;118m▀[38;2;0;67;127;48;2;188;188;188m▆[48;2;0;67;127m▔[48;2;0;64;116m▍▀[38;2;0;64;116;48;2;0;67;127m▃▃[38;2;0;67;127;48;2;0;64;116m▀▔[38;2;0;64;116m▔▔▔[0m
[38;2;0;64;116;48;2;0;64;116m▔▔▔▔▔[38;2;0;39;71m▁[38;2;0;64;116;48;2;0;39;71m▔[38;2;0;39;71;48;2;255;140;0m▀[38;2;255;140;0;48;2;0;39;71m▆[48;2;255;140;0m▔▔▔▔▔▔▔[38;2;51;53;56m▝[38;2;102;102;102;48;2;159;159;159m▀[38;2;129;129;129m▘[38;2;188;188;188;48;2;188;188;188m▔[38;2;159;159;159;48;2;159;159;159m▔[38;2;129;129;129m▀[48;2;116;0;0m▆▖[38;2;116;0;0m▔▔[38;2;71;0;0m▐[48;2;255;180;89m▖[38;2;255;180;89m▔[38;2;181;99;0m▖[38;2;255;180;89;48;2;181;99;0m▆[38;2;210;210;210m▝[38;2;188;188;188;48;2;188;188;188m▔▔▔[38;2;158;158;158m▗[48;2;127;0;0m▀[38;2;127;0;0;48;2;255;89;188m▘[38;2;255;90;188;48;2;255;156;156m▘[38;2;255;89;188m▐[38;2;182;3;107;48;2;255;89;89m▞[38;2;255;89;188;48;2;255;156;156m▊[38;2;226;225;225m▍[38;2;255;156;156;48;2;255;89;89m▍[38;2;210;210;210;48;2;188;188;188m▍[38;2;188;188;188m▔[38;2;79;79;79m▀[38;2;188;188;188;48;2;0;0;0m▀[38;2;0;0;0;48;2;188;188;188m▂▂[38;2;101;101;101m▂[38;2;188;188;188;48;2;127;127;127m▀[38;2;129;129;129;48;2;188;188;188m▆[48;2;159;159;159m▀[38;2;188;188;188m▗[48;2;188;188;188m▔▔▔[38;2;159;159;159;48;2;0;64;116m▖[38;2;0;64;116m▔▔▔[48;2;0;67;127m▊[38;2;0;67;127m▔▔[48;2;0;64;116m▍[38;2;0;64;116m▔▔▔▔▔▔▔▔[0m
[38;2;0;64;116;48;2;0;64;116m▔▔▔▔[48;2;0;39;71m▘[38;2;0;1;2m▗[38;2;0;39;71;48;2;255;140;0m▘[38;2;255;140;0m▔▔▔▔[38;2;0;0;0m▗[38;2;255;140;0;48;2;0;0;0m▀[38;2;0;0;0;48;2;255;140;0m▅[38;2;255;140;0;48;2;0;0;0m▀[38;2;0;0;0;48;2;255;140;0m▃▁[38;2;255;140;0m▔[48;2;129;129;129m▖[38;2;159;159;159;48;2;159;159;159m▔[38;2;188;188;188;48;2;188;188;188m▔[38;2;159;159;159m▀[48;2;159;159;159m▔[38;2;129;129;129m▀[38;2;127;127;127;48;2;116;0;0m▆[38;2;116;0;0;48;2;127;127;127m▀[38;2;101;101;101;48;2;71;0;0m▁[38;2;71;0;0;48;2;255;180;89m▊[38;2;255;180;89m▔[38;2;254;179;89;48;2;181;99;0m▍[38;2;181;99;0;48;2;255;180;89m▖▝[38;2;188;188;188;48;2;181;99;0m▝[48;2;188;188;188m▔[38;2;129;129;129m▁[38;2;188;188;188;48;2;127;0;0m▘[38;2;127;0;0;48;2;255;89;89m▘[38;2;255;156;156;48;2;255;89;188m▗[38;2;255;90;90;48;2;255;156;156m▕[38;2;255;89;89;48;2;255;89;89m▔[38;2;181;0;107m▘[38;2;255;156;156;48;2;255;89;188m▗[38;2;255;90;188;48;2;255;156;156m▗[38;2;188;188;188;48;2;181;0;0m▐[48;2;188;188;188m▔▔[38;2;159;159;159m▂[38;2;127;127;127;48;2;159;159;159m▁[38;2;129;129;129m▆[48;2;101;101;101m▆[38;2;159;159;159;48;2;129;129;129m▂▆[38;2;188;188;188;48;2;159;159;159m▗[48;2;188;188;188m▔[38;2;210;210;210;48;2;0;0;71m▖[38;2;0;0;71;48;2;210;210;210m▆[38;2;210;210;210;48;2;0;0;71m▀[38;2;0;0;71;48;2;226;226;226m▁[38;2;0;64;116;48;2;210;210;210m▝[48;2;0;64;116m▔▔▔▔[38;2;0;67;127m▔▔[38;2;0;64;116m▔▔▔▔▔▔▔▔▔[0m
[38;2;0;64;116;48;2;0;64;116m▔▔[38;2;0;67;127m▕[48;2;0;39;72m▊[38;2;0;39;71;48;2;0;39;71m▔[38;2;0;0;0;48;2;0;0;0m▔[38;2;255;140;0;48;2;255;140;0m▔▔▔▔▔[38;2;0;39;71;48;2;0;39;71m▔▔▔[48;2;188;188;188m▀[38;2;159;159;159;48;2;0;0;0m▂[38;2;0;0;0m▔[38;2;0;39;71;48;2;255;140;0m▆[38;2;129;129;129;48;2;0;39;71m▀[38;2;159;159;159;48;2;54;54;54m▀[38;2;188;188;188;48;2;101;101;101m▀[38;2;255;140;0m▁▂▃[38;2;101;101;101;48;2;255;140;0m▀[38;2;104;101;101m▀[38;2;255;140;0;48;2;101;101;101m▅[48;2;102;102;101m▆[38;2;181;99;0;48;2;116;58;0m▖[38;2;255;140;0m▗[38;2;116;58;0;48;2;255;140;0m▀[38;2;255;140;3;48;2;181;99;0m▖[38;2;116;58;0m▝[38;2;188;188;188;48;2;116;0;0m▀[38;2;255;89;89;48;2;127;0;0m▗[48;2;255;89;89m▔▔[48;2;255;89;188m▆[48;2;255;90;90m▆[48;2;255;89;89m▔[38;2;255;89;188m▝[38;2;255;89;89;48;2;255;89;188m▂[38;2;181;0;0;48;2;255;89;89m▐[38;2;127;127;127;48;2;188;188;188m▁▂[38;2;188;188;188;48;2;127;127;127m▀[38;2;129;129;129;48;2;129;129;129m▔[38;2;159;159;159;48;2;127;127;127m▂[38;2;129;129;129;48;2;159;159;159m▀[38;2;159;159;159m▔[38;2;188;188;188m▁▆[38;2;129;129;129;48;2;188;188;188m▁[38;2;130;130;130m▂[38;2;188;188;188;48;2;129;129;129m▀[38;2;0;39;71;48;2;0;0;71m▅[48;2;0;39;71m▔[38;2;0;64;116;48;2;0;64;116m▔[48;2;210;210;210m▆[38;2;159;159;159;48;2;0;64;116m▘[38;2;0;64;116m▔▔[38;2;0;67;127m▕▅[38;2;0;39;72;48;2;0;66;123m▗[38;2;255;140;0;48;2;0;39;71m▁[38;2;0;39;71m▔[38;2;0;39;72;48;2;0;64;116m▖[38;2;0;64;116m▔▔▔▔▔▔[0m
[38;2;0;64;116;48;2;0;64;116m▔▔[38;2;0;67;127m▕[48;2;0;67;127m▔[38;2;0;39;71;48;2;0;39;71m▔[48;2;0;0;0m▖[38;2;0;0;0;48;2;255;140;0m▖[38;2;255;140;0m▔▔▔▔[38;2;0;39;71m▐[48;2;0;39;71m▔[38;2;188;188;188m▐[48;2;210;210;210m▁[38;2;210;210;210;48;2;0;0;71m▀[38;2;0;0;71m▔[38;2;0;39;71m▆[38;2;255;140;0;48;2;0;0;0m▗[48;2;54;54;54m▆[48;2;255;140;0m▔▔▔▔▔▔▔▔[38;2;15;4;0;48;2;181;99;0m▐[38;2;255;140;0;48;2;255;140;0m▔▔▔[38;2;101;101;101;48;2;181;99;0m▃[38;2;0;0;0;48;2;116;0;0m▊[38;2;255;149;206;48;2;255;89;89m▍[38;2;255;89;89m▔▔[38;2;255;156;156m▁▞[38;2;255;89;89m▔▔[38;2;0;0;0m▗[38;2;0;39;71;48;2;159;159;159m▞[38;2;129;129;129m▀▀[38;2;159;159;159;48;2;129;129;129m▆[38;2;188;188;188;48;2;159;159;159m▁[38;2;159;159;159;48;2;188;188;188m▀▀[38;2;188;188;188m▔[38;2;0;39;71m▗[38;2;129;129;129;48;2;159;159;159m▀[38;2;255;140;0;48;2;129;129;129m▃[38;2;129;129;129;48;2;255;140;0m▀[38;2;255;140;0;48;2;82;78;77m▅[38;2;0;39;71;48;2;255;140;0m▀[38;2;255;140;0;48;2;0;39;71m▖[38;2;0;39;71;48;2;0;64;116m▆[38;2;0;39;72m▖[38;2;0;64;116m▔▔▔[38;2;0;67;127m▕[48;2;0;39;71m▘[38;2;255;140;0m▐[48;2;255;140;0m▔[38;2;40;40;40m▐[38;2;0;39;71;48;2;0;39;71m▔[48;2;0;64;116m▍[38;2;0;64;116m▔▔▔▔▔[0m
[38;2;0;64;116;48;2;0;64;116m▔▔[38;2;0;67;127m▕[48;2;0;67;127m▔[38;2;0;39;71m▝[48;2;0;39;71m▔[48;2;0;0;0m▁[38;2;0;0;0;48;2;255;140;0m▖[38;2;255;140;0m▔▔▔▔[48;2;0;39;71m▖[38;2;0;39;71m▔▔▔▔[38;2;0;0;0m▐[38;2;255;140;0;48;2;0;0;0m▐[48;2;255;140;0m▔▔▔▔▔▔▔▔[48;2;181;99;0m▊[38;2;181;99;0;48;2;25;9;0m▍[38;2;255;140;0m▝[48;2;77;77;77m▀[38;2;101;101;101;48;2;101;101;101m▔[48;2;188;188;188m▀[38;2;71;0;0m▝[38;2;255;148;211;48;2;127;0;0m▝[38;2;181;0;0;48;2;255;89;89m▂[38;2;255;89;89m▔[38;2;255;156;156m▔[38;2;255;89;89m▔▔[38;2;210;210;210m▗[38;2;116;0;0;48;2;188;188;188m▘[38;2;159;159;159m▀[38;2;188;188;188;48;2;159;159;159m▆▆[38;2;159;159;159;48;2;188;188;188m▔[38;2;188;188;188m▔▔▔[38;2;159;159;159m▂[38;2;255;140;0;48;2;0;39;71m▂[48;2;181;99;0m▂[48;2;182;100;0m▃▂▀[48;2;255;140;0m▔▔[38;2;0;39;71m▝[48;2;0;39;71m▔[38;2;0;64;116m▝[38;2;0;39;71;48;2;0;64;116m▁[38;2;0;64;116m▔[38;2;0;39;71m▗[38;2;0;0;0;48;2;0;39;71m▗[48;2;255;140;0m▍[38;2;255;140;0m▔[48;2;0;39;71m▍[38;2;0;39;71m▔[38;2;0;39;72;48;2;0;67;127m▍[38;2;0;67;127m▔[38;2;0;64;116m▁▁[38;2;0;66;125m▁[38;2;0;67;127m▔[0m
[38;2;0;64;116;48;2;0;64;116m▔▔[38;2;0;67;127m▕[48;2;0;67;127m▔▔[38;2;0;39;71m▝[48;2;0;39;71m▔[48;2;0;0;0m▖[38;2;0;0;0;48;2;255;140;0m▖[38;2;255;140;0m▔▔▔▔[48;2;0;39;71m▖[38;2;0;39;71m▔▔▔[38;2;0;0;0m▐[48;2;255;140;0m▍[38;2;255;140;0m▔▔▔▔▔▔▔[38;2;2;1;0m▁[38;2;255;140;0;48;2;181;99;0m▘[38;2;0;0;0;48;2;129;129;129m▀[38;2;159;159;159;48;2;0;0;0m▆[48;2;188;188;188m▀[38;2;210;210;210;48;2;210;210;210m▔[38;2;0;0;71m▂[38;2;0;0;0m▖[38;2;188;188;188;48;2;188;188;188m▔[48;2;127;0;0m▅[38;2;127;0;0;48;2;102;101;101m▀[48;2;188;188;188m▀[38;2;181;0;0;48;2;210;210;210m▀[38;2;210;210;210;48;2;182;11;11m▆[38;2;188;188;188;48;2;210;210;210m▂[38;2;0;0;0;48;2;188;188;188m▗[38;2;188;188;188;48;2;11;11;11m▝[48;2;159;159;159m▀▀[38;2;159;159;159;48;2;188;188;188m▅[38;2;255;140;0;48;2;159;159;159m▂[38;2;159;159;159;48;2;255;140;0m▀[38;2;255;140;0;48;2;159;159;159m▆[48;2;255;140;0m▔▔▔▔▔▔[48;2;181;99;0m▖[38;2;182;100;0;48;2;255;140;0m▖[38;2;255;140;0m▔[38;2;0;39;71m▝[48;2;0;39;71m▔▔[48;2;0;64;116m▂[48;2;0;39;71m▔[38;2;255;140;0;48;2;0;0;0m▗[48;2;255;140;0m▔▔[38;2;0;39;71;48;2;0;39;71m▔▔[38;2;0;65;122;48;2;0;64;116m▔[38;2;0;67;127m▂▃[38;2;0;64;116;48;2;0;67;127m▀▀[38;2;0;66;124m▘[0m
[38;2;0;64;116;48;2;0;64;116m▔▔[38;2;0;67;127m▕[48;2;0;67;127m▔▔[38;2;0;64;117m▐[38;2;0;39;71;48;2;0;64;116m▝[38;2;0;0;0;48;2;0;39;71m▝[48;2;0;0;0m▔[48;2;255;140;0m▖[38;2;255;140;0m▔▔▔▔[48;2;0;39;71m▃[38;2;0;39;71m▔▔[48;2;0;0;0m▍[38;2;0;0;0;48;2;255;140;0m▍▁▂▂[38;2;255;140;0m▔▔[38;2;0;0;0m▆[38;2;159;159;159;48;2;0;0;0m▁[38;2;0;0;0;48;2;159;159;159m▀[38;2;129;129;129;48;2;188;188;188m▀[38;2;188;188;188;48;2;210;210;210m▀[38;2;210;210;210m▔[38;2;226;226;226;48;2;0;0;0m▀[38;2;0;64;116;48;2;255;255;255m▆[48;2;0;64;116m▔[38;2;0;0;71;48;2;0;0;71m▔[38;2;159;159;159;48;2;255;140;0m▘[38;2;255;140;0m▔▔[38;2;129;129;129;48;2;159;159;159m▗[38;2;159;159;159;48;2;188;188;188m▖▁[38;2;188;188;188;48;2;255;140;0m▀[38;2;255;140;0m▔▔[38;2;61;56;54m▐[38;2;159;159;159;48;2;0;0;0m▀[38;2;255;140;0;48;2;255;140;0m▔▔▔▔▔▔▔▔▔▔▔[48;2;181;99;0m▝[48;2;255;140;0m▔▔[48;2;0;39;71m▍[38;2;0;39;71m▔▔[38;2;255;140;0m▗[48;2;255;140;0m▔▔[48;2;0;39;71m▘[38;2;0;39;71m▔[38;2;0;39;72;48;2;0;64;116m▘[38;2;0;67;127;48;2;0;67;127m▔▔[38;2;0;64;116m▗▅▅▖[0m
[38;2;0;64;116;48;2;0;64;116m▔▔[38;2;0;67;127m▕[48;2;0;67;127m▔▔▔[48;2;0;64;116m▅[38;2;0;39;71;48;2;0;39;71m▔[38;2;0;0;0m▐[48;2;0;0;0m▔[48;2;255;140;0m▖[38;2;255;140;0m▔▔▔▔[38;2;0;39;71m▝[38;2;255;140;0;48;2;0;39;71m▖[38;2;0;39;71;48;2;0;0;0m▖▂▂[38;2;0;0;0;48;2;0;39;71m▀[38;2;254;139;0;48;2;0;0;0m▕[38;2;255;140;0;48;2;255;140;0m▔▔[38;2;0;39;71;48;2;0;39;71m▔[38;2;188;188;188;48;2;0;0;0m▝[48;2;210;210;210m▀[38;2;210;210;210m▔[38;2;0;0;71;48;2;226;226;226m▗▆[38;2;0;39;71;48;2;0;64;116m▘▗[38;2;0;0;0;48;2;0;39;71m▗[48;2;255;140;0m▘[38;2;255;140;0m▔▔▔▔[38;2;0;0;71m▘[38;2;255;140;0m▔▔▔▔[38;2;54;54;54m▐[38;2;0;0;0;48;2;0;0;0m▔[38;2;25;9;0;48;2;255;140;0m▏[38;2;255;140;0m▔▔▔[38;2;0;0;0m▂[38;2;255;140;0;48;2;0;0;0m▀[38;2;0;0;0;48;2;255;140;0m▆[38;2;181;99;0;48;2;181;100;0m▖[48;2;255;140;0m▍[38;2;255;140;0m▔▔[48;2;181;99;0m▍[48;2;255;140;0m▔[38;2;0;39;71m▕[48;2;0;39;71m▔▔[38;2;255;140;0m▗[48;2;255;140;0m▔▔[48;2;0;39;71m▘[38;2;0;39;71m▔[48;2;0;64;116m▘[38;2;0;67;127m▝[48;2;0;67;127m▔▔[38;2;0;64;116m▝▀▘[38;2;0;67;127m▔[0m
[38;2;0;64;116;48;2;0;64;116m▔▔▔[48;2;0;67;127m▆▆[38;2;0;67;127;48;2;0;64;116m▔▔[38;2;0;64;116;48;2;0;67;127m▅[38;2;0;39;71;48;2;0;39;71m▔[48;2;0;0;0m▖[38;2;0;0;0m▔[38;2;255;140;0m▝[48;2;255;140;0m▔▔▔▔▔[38;2;0;39;71m▀[48;2;0;39;71m▔▔[38;2;0;0;0m▐[48;2;255;140;0m▊[38;2;255;140;0m▔[38;2;0;39;71m▕[48;2;0;39;71m▔▔[38;2;210;210;210m▝[48;2;255;140;0m▀[38;2;0;0;71m▝[38;2;0;39;71m▀[38;2;0;64;116m▀[38;2;0;0;0;48;2;0;39;71m▁[38;2;255;140;0m▗[48;2;255;140;0m▔▔▔▔▔▔▔[38;2;0;0;0m▗▖[38;2;255;140;0m▔[38;2;54;54;54m▐[38;2;0;0;0;48;2;0;0;0m▔[38;2;25;9;0;48;2;255;140;0m▍[38;2;255;140;0m▔▔▔[38;2;0;39;71;48;2;0;39;71m▔▔[38;2;0;0;0m▐[38;2;255;140;0;48;2;0;0;0m▁[38;2;182;100;0;48;2;255;140;0m▘[38;2;255;140;0m▔[38;2;182;100;0m▗[38;2;181;99;0m▘[38;2;255;140;0m▔[38;2;0;39;71m▝[38;2;255;140;0;48;2;0;39;71m▃[38;2;0;39;71;48;2;255;140;0m▀[38;2;255;140;0m▔▔[48;2;0;39;71m▘[38;2;0;39;71m▔[48;2;0;64;116m▘[38;2;0;64;116m▔▔[38;2;0;66;126m▔[38;2;0;64;116;48;2;0;67;127m▅▅▅[38;2;0;66;126;48;2;0;64;116m▔[38;2;0;64;116;48;2;0;67;127m▆[0m
[38;2;0;64;116;48;2;0;64;116m▔▔▔▔▔▔▔▔[38;2;0;39;71m▝[48;2;0;39;71m▔[38;2;0;0;0;48;2;0;0;0m▔▔[48;2;255;140;0m▍[38;2;255;140;0m▔▔▔▔▔[38;2;0;39;71m▝[48;2;0;39;71m▔[48;2;0;0;0m▍[38;2;255;140;0m▐[48;2;255;140;0m▔[48;2;0;39;71m▊[38;2;0;39;71m▔[48;2;255;140;0m▊[38;2;255;140;0m▔▔▔▔▔[38;2;40;40;40;48;2;40;40;40m▔[38;2;255;140;0;48;2;255;140;0m▔▔[48;2;0;0;0m▘▝[48;2;255;140;0m▔▔▔[48;2;0;39;71m▘[38;2;0;0;0m▐[48;2;0;0;0m▔[38;2;255;140;0;48;2;255;140;0m▔[38;2;0;0;0m▐[48;2;0;0;0m▔[38;2;255;140;0m▝[48;2;255;140;0m▔▔▔[38;2;0;0;0m▀[38;2;255;140;0;48;2;0;39;71m▆[38;2;0;0;0;48;2;255;140;0m▂[38;2;255;140;0;48;2;0;0;0m▀▀[38;2;0;0;0;48;2;182;100;0m▃[38;2;183;101;0;48;2;255;140;0m▘[38;2;255;140;0m▔▔▔▔▔[38;2;0;39;71m▁[38;2;255;140;0;48;2;0;39;71m▘[38;2;0;39;71m▔[38;2;0;64;116;48;2;0;64;116m▔▔▔▔▔▔▔▔▔▔[0m
[38;2;0;64;116;48;2;0;64;116m▔▔▔▔▔▔▔▔▔[38;2;0;39;71;48;2;0;39;71m▔[38;2;0;0;0m▝[48;2;0;0;0m▔▔[48;2;255;140;0m▖[38;2;255;140;0m▔▔▔▔▔[38;2;0;39;71m▕[38;2;0;0;0;48;2;0;0;0m▔[38;2;255;140;0m▐[48;2;255;140;0m▔[38;2;0;39;71m▐[38;2;0;0;0;48;2;0;39;71m▐[48;2;255;140;0m▊[38;2;255;140;0m▔▔▔▔▔[38;2;182;100;0;48;2;254;140;0m▏[38;2;255;140;0;48;2;255;140;0m▔[48;2;0;39;71m▘[38;2;0;0;0m▝[48;2;0;0;0m▔[38;2;255;140;0m▝[48;2;0;39;71m▀[38;2;0;39;71m▔▔▔[38;2;0;0;0;48;2;0;0;0m▔[38;2;255;140;0;48;2;255;140;0m▔[48;2;0;39;71m▍[38;2;0;39;71;48;2;0;0;0m▆[38;2;0;0;0m▔[38;2;255;140;0;48;2;255;140;0m▔▔[38;2;0;0;0m▐[48;2;0;39;71m▀[38;2;0;39;71;48;2;0;0;0m▆▆▆▖[38;2;0;0;0m▔[38;2;255;140;0m▝[48;2;255;140;0m▔▔▔[38;2;40;40;40m▁[38;2;255;140;0;48;2;0;39;71m▘[38;2;0;39;71m▔[48;2;0;64;116m▘[38;2;0;64;116m▔▔▔▔▔▔▔▔▔▔▔[0m
[38;2;0;64;116;48;2;0;64;116m▔▔▔[48;2;0;67;127m▍▔▔[48;2;0;64;116m▔[38;2;0;39;71m▂▁[38;2;0;64;116m▔[38;2;0;39;71;48;2;0;39;71m▔[38;2;0;0;0m▐[48;2;0;0;0m▔[38;2;255;140;0m▝[48;2;255;140;0m▔▔▔▔▔▔[38;2;0;0;0;48;2;0;0;0m▔[48;2;255;140;0m▍[38;2;255;140;0m▔[48;2;0;39;71m▍[38;2;0;0;0m▐[48;2;0;0;0m▔[38;2;255;140;0;48;2;255;140;0m▔▔▔▔▔[38;2;182;100;0;48;2;254;140;0m▍[38;2;255;140;0;48;2;0;39;71m▍[38;2;0;39;71m▔▔[48;2;0;0;0m▆▆[48;2;0;39;71m▔[48;2;0;64;116m▘[38;2;0;64;116m▔[38;2;0;39;71;48;2;0;39;71m▔[48;2;0;0;0m▁[48;2;255;140;0m▆[48;2;0;39;71m▔▔[38;2;0;0;0;48;2;0;0;0m▔[48;2;255;140;0m▍[38;2;255;140;0m▔[38;2;0;39;71m▐[48;2;0;39;71m▔[48;2;0;64;116m▘[38;2;0;64;116m▔[48;2;0;39;71m▆[38;2;0;39;71m▔[38;2;0;1;2m▐[38;2;255;140;0;48;2;0;0;0m▕[48;2;255;140;0m▔[38;2;0;39;71m▗▆[48;2;0;39;71m▔[38;2;0;64;116m▗[48;2;0;64;116m▔▔▔▔▔▔▔▔▔▔▔▔▔[0m
[38;2;0;64;116;48;2;0;64;116m▔▔▔[48;2;0;67;127m▍[38;2;0;67;127m▔[38;2;0;39;71m▗[38;2;255;140;0;48;2;0;39;71m▗[38;2;0;39;71;48;2;255;140;0m▀[38;2;255;140;0;48;2;0;39;71m▁[38;2;0;39;71m▔▔▔[48;2;0;0;0m▖[38;2;0;0;0m▔[38;2;255;140;0;48;2;255;140;0m▔▔▔▔▔▔[48;2;0;0;0m▍[38;2;0;0;0;48;2;255;140;0m▁▂[38;2;0;39;71;48;2;0;39;71m▔▔[38;2;0;0;0;48;2;0;0;0m▔[48;2;255;140;0m▍[38;2;255;140;0m▔▔[38;2;0;0;0m▂[38;2;255;140;0;48;2;0;0;0m▀[38;2;181;99;0;48;2;0;39;71m▀[38;2;0;39;71m▔[48;2;0;64;116m▘[38;2;0;64;116m▔[48;2;0;67;127m▊[38;2;0;67;127m▔▔[48;2;0;64;116m▍[38;2;0;66;126m▁[38;2;0;64;116;48;2;0;39;71m▆▆▆▆[38;2;0;39;71m▔[48;2;0;0;0m▍[38;2;0;0;0;48;2;255;140;0m▍[38;2;255;140;0m▔[48;2;0;39;71m▍[38;2;0;39;71m▔[38;2;0;64;116;48;2;0;64;116m▔▔[38;2;0;66;126m▁[38;2;0;39;71m▐[48;2;0;0;0m▍[38;2;0;0;0;48;2;255;140;0m▘[38;2;255;140;0m▔[38;2;0;39;71;48;2;0;39;71m▔▔[38;2;0;39;72;48;2;0;64;116m▘[38;2;0;64;116m▔▔▔[38;2;0;67;127m▂▂[38;2;0;64;116m▔[38;2;0;66;126m▁[38;2;0;67;127m▂▂▁[38;2;0;64;116m▔▔▔▔[0m
[38;2;0;67;127;48;2;0;64;116m▖[38;2;0;64;116m▔▔[48;2;0;67;127m▍[38;2;0;39;71m▗[38;2;0;0;0;48;2;0;39;71m▗[38;2;0;1;2;48;2;0;0;0m▘[38;2;0;0;0;48;2;255;140;0m▂[38;2;255;140;0m▔[48;2;0;39;71m▆[38;2;0;39;71;48;2;255;140;0m▀[38;2;255;140;0;48;2;0;39;71m▂▂[38;2;0;0;0;48;2;255;140;0m▘[38;2;255;140;0m▔▔▔▔▔[38;2;0;39;71m▂[48;2;0;39;71m▔[38;2;0;0;0m▀[38;2;0;39;71;48;2;0;0;0m▆[48;2;0;39;71m▔▔[48;2;0;0;0m▁[38;2;0;0;0m▔[38;2;0;39;71;48;2;255;140;0m▆[38;2;0;0;0;48;2;0;39;71m▀[38;2;0;39;71;48;2;0;0;0m▆[48;2;0;39;71m▔▔[38;2;0;64;116m▆[48;2;0;64;116m▔▔[48;2;0;67;127m▊[38;2;0;67;127m▔▔[38;2;0;65;118m▔[38;2;0;64;116m▂▂[38;2;0;67;127m▔▔[38;2;0;64;116m▝[38;2;0;39;71;48;2;0;64;116m▝[48;2;0;0;0m▂▂[48;2;77;77;77m▆[48;2;0;39;71m▔[48;2;0;64;117m▘[38;2;0;64;116;48;2;0;64;116m▔▔[38;2;0;39;71;48;2;0;65;122m▗[38;2;0;0;0;48;2;0;39;71m▕[38;2;255;140;0;48;2;0;0;0m▗[48;2;255;140;0m▔[48;2;0;39;71m▘[38;2;0;39;71m▔[48;2;0;67;127m▘[38;2;0;64;116m▀[48;2;0;64;116m▔▔[48;2;0;67;127m▊[38;2;0;67;127m▔▔[38;2;0;65;118m▔[38;2;0;64;116m▂▂[38;2;0;67;127m▔▔[38;2;0;64;116m▝[38;2;0;66;126;48;2;0;64;116m▖[38;2;0;64;116m▔▔[0m
[38;2;0;67;127;48;2;0;67;127m▔[48;2;0;64;116m▏[38;2;0;64;116m▔[48;2;0;67;127m▍[38;2;0;39;71m▝[48;2;0;39;71m▔[48;2;0;0;0m▂▂[38;2;0;0;0m▔[38;2;255;140;0m▀[38;2;0;0;0;48;2;255;140;0m▂▁[38;2;255;140;0m▔▔▔▔[38;2;0;0;0m▂[38;2;255;140;0;48;2;0;0;0m▀[38;2;0;39;71;48;2;255;140;0m▆[48;2;0;39;71m▔[38;2;0;67;127m▆▆[38;2;0;64;116m▆[48;2;0;64;116m▔[48;2;0;39;71m▆[38;2;0;67;127m▆▆▆[38;2;0;64;116m▆▆[48;2;0;64;116m▔▔▔▔▔[48;2;0;67;127m▊[38;2;0;67;127m▔▔[48;2;0;64;116m▍[38;2;0;64;116m▔▔[38;2;0;67;127m▕[48;2;0;67;127m▔▔[48;2;0;64;116m▊[38;2;0;64;116;48;2;0;39;71m▆▆[38;2;0;67;127m▆[48;2;0;67;127m▔[38;2;0;64;117m▐[38;2;0;64;116;48;2;0;64;116m▔▔[38;2;0;39;71;48;2;0;39;71m▔[48;2;0;0;0m▘[38;2;255;140;0;48;2;255;140;0m▔[38;2;0;39;71m▗[48;2;0;39;71m▔[48;2;0;67;127m▘[38;2;0;67;127m▔▔[38;2;0;65;121;48;2;0;64;116m▏[38;2;0;64;116m▔[48;2;0;67;127m▊[38;2;0;67;127m▔▔[48;2;0;64;116m▍[38;2;0;64;116m▔▔[38;2;0;67;127m▕[48;2;0;67;127m▔▔[48;2;0;64;116m▊[38;2;0;64;116m▔▔[0m
[38;2;0;67;127;48;2;0;67;127m▔[38;2;0;66;126;48;2;0;64;116m▏[38;2;0;64;116m▔[48;2;0;67;127m▍[38;2;0;67;127m▔▔[38;2;0;64;116;48;2;0;39;71m▆▆[38;2;0;39;71;48;2;0;0;0m▆▆[38;2;0;0;0;48;2;0;39;71m▀▀[38;2;0;39;71;48;2;0;0;0m▃▃[38;2;0;0;0;48;2;0;39;71m▀[38;2;0;39;71;48;2;0;0;0m▆▆[48;2;0;39;71m▔[38;2;0;64;116m▆[38;2;0;64;118;48;2;0;67;127m▏[38;2;0;67;127m▔▔[38;2;0;66;123;48;2;0;64;116m▖[38;2;0;64;116m▔▔[48;2;0;67;127m▘[38;2;0;67;127m▔▔[38;2;0;66;126;48;2;0;64;116m▏[38;2;0;64;116m▔▔▔▔▔▔[48;2;0;67;127m▊[38;2;0;67;127m▔▔[38;2;0;64;116m▝[48;2;0;64;116m▔▔[38;2;0;67;127m▕[48;2;0;67;127m▔▔[48;2;0;64;116m▊[38;2;0;64;116m▔[38;2;0;67;127m▕[48;2;0;67;127m▔▔[38;2;0;64;117m▐[38;2;0;64;116;48;2;0;64;116m▔[38;2;0;39;71m▕[38;2;0;0;0;48;2;0;39;71m▗[48;2;0;0;0m▔[38;2;255;140;0;48;2;0;39;71m▀[38;2;0;39;71m▔[48;2;0;64;116m▘[38;2;0;64;117;48;2;0;67;127m▍[38;2;0;67;127m▔▔[38;2;0;65;121;48;2;0;64;116m▏[38;2;0;64;116m▔[48;2;0;67;127m▊[38;2;0;67;127m▔▔[38;2;0;64;116m▝[48;2;0;64;116m▔▔[38;2;0;67;127m▕[48;2;0;67;127m▔▔[48;2;0;64;116m▊[38;2;0;64;116m▔▔[0m
[38;2;0;67;127;48;2;0;64;116m▘[38;2;0;64;116m▔▔[48;2;0;67;127m▍[38;2;0;67;127m▔▔[38;2;0;64;117;48;2;0;64;116m▏[38;2;0;64;116m▔[48;2;0;67;127m▃[38;2;0;67;127m▔▔[48;2;0;39;71m▆▆[38;2;0;66;126m▆[38;2;0;67;127;48;2;0;67;127m▔▔[38;2;0;65;121m▐[38;2;0;64;116;48;2;0;64;116m▔▔[38;2;0;64;118;48;2;0;67;127m▏[38;2;0;67;127m▔[38;2;0;66;126m▕[38;2;0;64;116m▂▔[38;2;0;66;126m▔[38;2;0;67;127m▔[38;2;0;65;119m▁[38;2;0;67;127;48;2;0;64;116m▘[38;2;0;64;116m▔▔▔▔▔▔▔[48;2;0;67;127m▊[38;2;0;67;127m▔▔[38;2;0;64;116m▗[38;2;0;65;120m▔[38;2;0;64;116m▔[38;2;0;67;127m▔▔[38;2;0;64;116m▂[48;2;0;64;116m▔▔[38;2;0;67;127m▕[48;2;0;67;127m▔▔[38;2;0;64;117m▐[38;2;0;64;116;48;2;0;64;116m▔[38;2;0;66;123m▝[38;2;0;67;127;48;2;0;39;71m▆▆▆[48;2;0;64;116m▆[38;2;0;64;117;48;2;0;67;127m▁[38;2;0;64;116m▖[38;2;0;67;127m▔▔[38;2;0;65;121;48;2;0;64;116m▏[38;2;0;64;116m▔[48;2;0;67;127m▊[38;2;0;67;127m▔▔[38;2;0;64;116m▗[38;2;0;65;120m▔[38;2;0;64;116m▔[38;2;0;67;127m▔▔[38;2;0;64;116m▂[48;2;0;64;116m▔▔▔[0m
[38;2;0;64;116;48;2;0;64;116m▔▔▔▔▔▔▔▔▔▔[38;2;0;67;127m▔▔[38;2;0;64;116m▔▔▔▔▔▔▔[38;2;0;64;118;48;2;0;67;127m▏[38;2;0;67;127m▔[38;2;0;64;117m▕[38;2;0;64;116;48;2;0;64;116m▔▔[38;2;0;67;127m▔[38;2;0;66;125m▔[38;2;0;64;116m▔▔▔▔▔▔▔▔▔▔▔▔▔▔[38;2;0;67;127m▔▔[38;2;0;64;116m▔▔▔▔▔▔▔▔▔▔▔[38;2;0;66;124m▔[38;2;0;67;127m▔[38;2;0;66;123m▔[38;2;0;64;116m▔▔▔▔▔▔[48;2;0;67;127m▊[38;2;0;67;127m▔▔[48;2;0;64;116m▍[38;2;0;64;116m▔[38;2;0;67;127m▔▔[38;2;0;64;116m▔▔▔▔▔[0m
[?25h