[48;2;156;211;255m[38;2;156;211;255m          [38;2;121;162;195m [38;2;156;211;255m [38;2;98;125;147m [38;2;40;40;40m▁[38;2;136;177;210m [38;2;148;190;223m [48;2;77;77;77m[38;2;156;211;255m▌[48;2;156;211;255m[38;2;127;127;127m▖[38;2;156;211;255m [38;2;40;40;40m▁[38;2;105;132;154m▬[38;2;127;127;127m▖[38;2;77;77;77m [38;2;127;127;127m▂[38;2;129;129;129m▄[38;2;101;101;101m▃[38;2;40;40;40m▁[38;2;77;77;77m▂[38;2;129;129;129m▖[38;2;156;211;255m                                    [38;2;155;211;255m▁[38;2;111;187;255m▂▅[48;2;111;187;255m[38;2;138;200;255m [38;2;152;208;255m [38;2;156;211;255m▃▅[38;2;113;187;255m▃[38;2;112;187;255m [38;2;111;187;255m [48;2;112;187;255m▆[48;2;147;205;255m[38;2;117;189;255m▄[48;2;156;211;255m[38;2;155;210;255m▖[38;2;156;211;255m  [0m
[48;2;156;211;255m[38;2;116;116;0m▂[38;2;156;211;255m        [38;2;16;16;16m▂[38;2;148;190;223m▁[38;2;156;211;255m [38;2;98;125;147m [48;2;54;54;54m[38;2;40;40;40m┃[38;2;65;65;65m╵[48;2;156;211;255m[38;2;54;54;54m▅[48;2;101;101;101m[38;2;16;16;16m▗[48;2;16;16;16m[38;2;129;129;129m▝[48;2;129;129;129m[38;2;16;16;16m▆[48;2;16;16;16m [48;2;129;129;129m▇[48;2;16;16;16m  [48;2;0;0;0m▇[48;2;40;40;40m▃[48;2;0;0;0m▇[48;2;16;16;16m[38;2;40;40;40m▅[48;2;77;77;77m▇[48;2;101;101;101m▆[48;2;156;211;255m▆[38;2;16;16;16m▃[38;2;156;211;255m                                [38;2;155;211;255m▂[38;2;111;187;255m▃[48;2;111;187;255m[38;2;112;187;255m▘[38;2;149;207;255m [38;2;156;211;255m▃▅[48;2;155;211;255m▆[48;2;156;211;255m[38;2;155;210;255m▁[38;2;111;187;255m▂▅[48;2;111;187;255m[38;2;118;190;255m [38;2;112;187;255m▂[38;2;156;211;255m▃[48;2;155;210;255m▄[48;2;156;211;255m[38;2;155;210;255m [38;2;156;211;255m [38;2;155;211;255m [0m
[48;2;156;211;255m[38;2;101;101;101m▌[38;2;156;211;255m     [38;2;54;54;54m▅[38;2;16;16;16m▄▃[48;2;54;54;54m[38;2;77;77;77m⎻[38;2;54;54;54m [48;2;101;101;101m[38;2;40;40;40m▆[48;2;98;125;147m▇[48;2;40;40;40m[38;2;0;0;0m▅▇[48;2;0;0;0m [48;2;16;16;16m[38;2;16;16;16m [38;2;54;54;54m▃▖[38;2;16;16;16m  [48;2;0;0;0m━━[48;2;16;16;16m[38;2;0;0;0m▆▅▂[38;2;16;16;16m   [48;2;40;40;40m▅▅[38;2;40;40;40m [48;2;156;211;255m▅[38;2;54;54;54m▅▂[38;2;156;211;255m   [48;2;0;0;0m▄[38;2;0;0;0m [38;2;156;211;255m▄▄▁[48;2;156;211;255m  [38;2;78;105;127m▁[38;2;156;211;255m   [38;2;78;105;127m▁▁[38;2;156;211;255m   [38;2;78;105;127m▁▁[38;2;156;211;255m   [48;2;0;0;0m▄[38;2;0;0;0m [38;2;156;211;255m▄▄[38;2;111;187;255m▝[48;2;111;187;255m[38;2;141;202;255m [38;2;111;187;255m [38;2;55;93;127m▁[48;2;146;205;255m[38;2;56;93;127m▁[48;2;156;211;255m[38;2;111;187;255m▂▅[48;2;112;187;255m▆[48;2;111;187;255m[38;2;153;209;255m [48;2;130;197;255m[38;2;78;105;127m▁[48;2;155;211;255m[38;2;156;211;255m▄[48;2;156;211;255m[38;2;155;210;255m  ▂[48;2;143;204;255m[38;2;55;93;127m▁[48;2;156;211;255m[38;2;111;187;255m▅[48;2;152;208;255m▆[0m
[48;2;181;181;0m[38;2;127;127;127m▘[48;2;156;211;255m[38;2;142;170;192m▌[38;2;156;211;255m     [48;2;77;77;77m[38;2;16;16;16m▂[48;2;40;40;40m[38;2;101;101;101m━[38;2;16;16;16m▅[48;2;16;16;16m  [38;2;0;0;0m▅[48;2;0;0;0m  [48;2;16;16;16m[38;2;40;40;40m▝▝[48;2;40;40;40m[38;2;16;16;16m▆[48;2;16;16;16m[38;2;0;0;0m▆[48;2;0;0;0m  [38;2;40;40;40m▁[48;2;16;16;16m[38;2;54;54;54m▁[48;2;0;0;0m[38;2;40;40;40m▁[38;2;16;16;16m─▗[38;2;0;0;0m [38;2;16;16;16m▝[48;2;16;16;16m[38;2;0;0;0m▅[38;2;16;16;16m [48;2;40;40;40m▃[38;2;40;40;40m [38;2;47;47;47m━━[48;2;77;77;77m[38;2;54;54;54m▆[38;2;103;103;103m╺[48;2;156;211;255m[38;2;142;170;192m╸[38;2;156;211;255m  [48;2;0;0;0m[38;2;0;0;0m [38;2;156;211;255m▄[48;2;156;211;255m[38;2;0;0;0m▘[38;2;156;211;255m [48;2;0;0;0m▄▘▄▄[48;2;156;211;255m [48;2;0;0;0m[38;2;0;0;0m [38;2;156;211;255m━━[38;2;0;0;0m [48;2;156;211;255m[38;2;156;211;255m [48;2;0;0;0m[38;2;0;0;0m [38;2;156;211;255m━━[38;2;0;0;0m [48;2;156;211;255m[38;2;155;211;255m▂[38;2;111;187;255m▃▄[48;2;0;0;0m[38;2;0;0;0m [38;2;111;187;255m▅[38;2;156;211;255m▄▝[48;2;156;211;255m[38;2;153;209;255m▝[48;2;0;0;0m[38;2;0;0;0m [38;2;111;187;255m▄▄[38;2;0;0;0m [48;2;118;190;255m[38;2;146;205;255m▄[48;2;0;0;0m[38;2;156;211;255m▄[38;2;0;0;0m [38;2;156;211;255m━▄[48;2;156;211;255m[38;2;111;187;255m▃[48;2;0;0;0m▄[38;2;0;0;0m [38;2;111;187;255m━▄[48;2;111;187;255m [0m
[48;2;181;181;0m[38;2;148;148;0m⎻[38;2;181;181;0m [48;2;156;211;255m▅[38;2;116;116;0m▆[38;2;54;54;54m▗[38;2;156;211;255m [48;2;77;77;77m[38;2;54;54;54m▅[48;2;40;40;40m[38;2;77;77;77m▘[38;2;16;16;16m▇[48;2;16;16;16m  [48;2;0;0;0m▅[48;2;16;16;16m [38;2;40;40;40m▅[38;2;54;54;54m▂▂▁[48;2;0;0;0m[38;2;16;16;16m▂▂▅[48;2;16;16;16m[38;2;40;40;40m▝[48;2;54;54;54m[38;2;16;16;16m▆▆[48;2;40;40;40m▂[48;2;16;16;16m[38;2;40;40;40m━[38;2;16;16;16m  [48;2;0;0;0m▃▂▂[48;2;40;40;40m[38;2;40;40;40m [38;2;16;16;16m▆[48;2;16;16;16m  [48;2;40;40;40m▇[48;2;54;54;54m[38;2;40;40;40m▅[38;2;127;127;127m▝[48;2;156;211;255m[38;2;101;101;101m▁[38;2;0;0;0m▅[48;2;0;0;0m [48;2;156;211;255m▅[38;2;156;211;255m  [38;2;0;0;0m▅[48;2;0;0;0m [48;2;156;211;255m▅[38;2;156;211;255m  [48;2;0;0;0m[38;2;0;0;0m [48;2;156;211;255m▅▅▅[38;2;156;211;255m [48;2;0;0;0m[38;2;0;0;0m [48;2;156;211;255m▅▅▅[48;2;111;187;255m[38;2;135;199;255m [38;2;156;211;255m▂[38;2;0;0;0m▄[48;2;0;0;0m [48;2;111;187;255m[38;2;111;187;255m [38;2;156;211;255m [48;2;0;0;0m[38;2;0;0;0m [48;2;156;211;255m[38;2;155;210;255m [48;2;0;0;0m[38;2;0;0;0m [48;2;111;187;255m▄▅[48;2;0;0;0m [48;2;111;187;255m[38;2;153;209;255m [48;2;156;211;255m[38;2;0;0;0m▅▃▅[48;2;0;0;0m [48;2;111;187;255m[38;2;111;187;255m [38;2;0;0;0m▅▃▅[48;2;0;0;0m [48;2;123;193;255m[38;2;154;209;255m▅[0m
[48;2;181;181;0m[38;2;255;255;0m▁[48;2;116;116;0m[38;2;116;116;0m [48;2;181;181;0m▅[48;2;116;116;0m [48;2;101;101;101m▆[48;2;40;40;40m[38;2;156;211;255m▬▌[38;2;16;16;16m▅[48;2;16;16;16m[38;2;0;0;0m▅▆[38;2;40;40;40m▗[38;2;54;54;54m▃[48;2;40;40;40m[38;2;77;77;77m▂[48;2;54;54;54m[38;2;127;127;127m▂[48;2;77;77;77m[38;2;129;129;129m▃[48;2;54;54;54m▅[48;2;77;77;77m▅[48;2;54;54;54m[38;2;159;159;159m▃[38;2;129;129;129m▄[48;2;40;40;40m▄[38;2;127;127;127m▃[48;2;16;16;16m[38;2;101;101;101m▃[38;2;77;77;77m▃▂[38;2;54;54;54m▅[38;2;40;40;40m▖[48;2;0;0;0m[38;2;0;0;0m [48;2;16;16;16m▅[38;2;16;16;16m  [48;2;40;40;40m▂▆▅▅[48;2;16;16;16m[38;2;40;40;40m─[38;2;54;54;54m▂[48;2;54;54;54m [48;2;127;127;127m▊[48;2;156;211;255m[38;2;156;211;255m           [48;2;78;105;127m▇▇[48;2;156;211;255m  [38;2;111;187;255m▗[48;2;111;187;255m[38;2;155;210;255m [48;2;55;93;127m[38;2;111;187;255m▇[48;2;111;187;255m[38;2;156;211;255m▄[48;2;155;210;255m▅[48;2;156;211;255m[38;2;155;210;255m▂[38;2;111;187;255m▃▅[48;2;111;187;255m[38;2;149;206;255m [38;2;156;211;255m▂▅[48;2;156;211;255m[38;2;155;210;255m [38;2;156;211;255m [48;2;78;105;127m▇[48;2;155;211;255m▄[48;2;111;187;255m[38;2;112;187;255m▃[38;2;111;187;255m  [48;2;55;93;127m▇▇[48;2;111;187;255m[38;2;114;188;255m [38;2;153;210;255m▁[38;2;156;211;255m▃[48;2;55;93;127m▇[48;2;153;209;255m▆[48;2;156;211;255m[38;2;155;211;255m [38;2;156;211;255m [0m
[48;2;181;181;0m[38;2;116;116;0m▅▂[48;2;54;54;54m[38;2;125;181;0m▌[48;2;40;40;40m[38;2;116;116;0m▝[38;2;54;54;54m▅[48;2;16;16;16m[38;2;156;211;255m▄[48;2;40;40;40m[38;2;40;40;40m [48;2;0;0;0m[38;2;0;0;0m [48;2;16;16;16m[38;2;16;16;16m [38;2;40;40;40m▗[48;2;40;40;40m[38;2;101;101;101m▆[48;2;77;77;77m[38;2;127;127;127m▆[48;2;127;127;127m[38;2;129;129;129m▇[48;2;159;159;159m[38;2;159;159;159m  [38;2;188;188;188m▅[48;2;188;188;188m  [38;2;210;210;210m▅▆▅[48;2;159;159;159m▄[38;2;188;188;188m▅[48;2;101;101;101m[38;2;159;159;159m▇[48;2;77;77;77m▅[48;2;40;40;40m[38;2;101;101;101m▂[48;2;16;16;16m[38;2;16;16;16m [48;2;0;0;0m[38;2;0;0;0m [38;2;16;16;16m▂[48;2;16;16;16m[38;2;40;40;40m▃▃▃▁[38;2;16;16;16m  [38;2;40;40;40m▝[48;2;54;54;54m▁[38;2;54;54;54m [48;2;77;77;77m[38;2;116;144;166m┗[48;2;156;211;255m[38;2;54;54;54m▆[38;2;156;211;255m  [38;2;155;210;255m▁[38;2;111;187;255m▂[38;2;155;211;255m [38;2;156;211;255m   [38;2;153;210;255m [38;2;155;210;255m▂[38;2;111;187;255m▂▅[38;2;155;210;255m▖▝[48;2;111;187;255m[38;2;156;211;255m▖[38;2;111;187;255m [38;2;156;211;255m▝[48;2;156;211;255m[38;2;111;187;255m▅[48;2;111;187;255m[38;2;153;209;255m [38;2;156;211;255m▃▅[48;2;155;211;255m▆[48;2;156;211;255m[38;2;155;211;255m [38;2;155;210;255m▃[38;2;111;187;255m▄▅[38;2;155;210;255m▃[38;2;156;211;255m [38;2;155;211;255m [48;2;121;192;255m[38;2;150;207;255m▄[48;2;111;187;255m[38;2;154;210;255m▂[38;2;156;211;255m▄[48;2;153;209;255m▅[48;2;155;210;255m▅▇[48;2;156;211;255m     [0m
[48;2;181;181;0m[38;2;148;148;0m⎻[48;2;125;181;0m[38;2;120;148;0m┗[48;2;116;116;0m[38;2;116;116;0m [48;2;54;54;54m[38;2;40;40;40m▅[48;2;156;211;255m[38;2;121;162;195m [48;2;16;16;16m[38;2;86;113;135m▬[38;2;156;211;255m╴[48;2;0;0;0m[38;2;0;0;0m [48;2;16;16;16m[38;2;8;8;8m▌[48;2;77;77;77m[38;2;40;40;40m▊[48;2;127;127;127m[38;2;102;102;102m▌[48;2;129;129;129m[38;2;129;129;129m [48;2;159;159;159m[38;2;159;159;159m  [38;2;188;188;188m▗[48;2;188;188;188m  [48;2;210;210;210m[38;2;210;210;210m    [38;2;188;188;188m▂[38;2;210;210;210m [48;2;188;188;188m[38;2;188;188;188m [38;2;159;159;159m▝[48;2;159;159;159m [48;2;54;54;54m[38;2;129;129;129m▇[48;2;16;16;16m▅[48;2;54;54;54m[38;2;127;127;127m▂[48;2;40;40;40m[38;2;77;77;77m━[48;2;54;54;54m▃[48;2;40;40;40m▂[48;2;16;16;16m[38;2;40;40;40m▖[38;2;16;16;16m [48;2;40;40;40m[38;2;28;28;28m▌[48;2;16;16;16m[38;2;40;40;40m▅[48;2;40;40;40m[38;2;16;16;16m▘[48;2;54;54;54m[38;2;40;40;40m▃[48;2;40;40;40m[38;2;156;211;255m▗[48;2;77;77;77m▇[48;2;156;211;255m[38;2;111;187;255m▁▄[48;2;0;0;0m[38;2;0;0;0m [48;2;111;187;255m[38;2;135;198;255m [38;2;156;211;255m▄[48;2;0;0;0m[38;2;0;0;0m [48;2;156;211;255m[38;2;152;209;255m [48;2;0;0;0m[38;2;156;211;255m▄[38;2;0;0;0m [48;2;111;187;255m[38;2;115;188;255m [38;2;156;211;255m▁[48;2;0;0;0m▄[38;2;0;0;0m [48;2;156;211;255m[38;2;156;211;255m [38;2;155;210;255m [48;2;111;187;255m[38;2;156;211;255m▃[38;2;130;196;255m [38;2;137;200;255m [48;2;145;205;255m[38;2;61;96;127m▁[48;2;156;211;255m[38;2;155;210;255m▁[38;2;111;187;255m▂▄[48;2;0;0;0m▃[48;2;111;187;255m[38;2;113;188;255m [38;2;111;187;255m [38;2;116;188;255m [38;2;112;187;255m⎽[48;2;147;205;255m[38;2;78;105;127m▁[48;2;156;211;255m[38;2;156;211;255m  [48;2;0;0;0m▄[38;2;0;0;0m [48;2;156;211;255m[38;2;156;211;255m    [48;2;0;0;0m[38;2;0;0;0m [48;2;156;211;255m[38;2;156;211;255m   [0m
[48;2;116;116;0m[38;2;116;116;0m [48;2;181;181;0m▁[48;2;125;181;0m[38;2;125;181;0m [48;2;54;54;54m[38;2;101;101;101m▁[48;2;156;211;255m[38;2;156;211;255m [38;2;0;0;0m▂[48;2;0;0;0m  [48;2;16;16;16m[38;2;16;16;16m [48;2;77;77;77m[38;2;40;40;40m▊[48;2;127;127;127m[38;2;114;114;114m▌[48;2;129;129;129m[38;2;129;129;129m [48;2;159;159;159m[38;2;159;159;159m  [48;2;188;188;188m[38;2;173;173;173m▌[38;2;188;188;188m  [48;2;210;210;210m[38;2;210;210;210m [38;2;199;199;199m [38;2;210;210;210m    [48;2;188;188;188m[38;2;188;188;188m   [48;2;159;159;159m▅[38;2;159;159;159m [48;2;129;129;129m▅[48;2;77;77;77m[38;2;129;129;129m▆[38;2;101;101;101m▖[48;2;54;54;54m[38;2;54;54;54m [38;2;40;40;40m▝[48;2;16;16;16m▌[38;2;16;16;16m [48;2;40;40;40m▅▂[38;2;38;38;38m [48;2;101;101;101m[38;2;23;23;23m▅[48;2;33;33;33m[38;2;111;187;255m▂[48;2;111;187;255m[38;2;65;65;65m▘[38;2;156;211;255m▄[48;2;0;0;0m[38;2;0;0;0m [48;2;156;211;255m[38;2;111;187;255m▝[48;2;111;187;255m[38;2;156;211;255m▄[48;2;0;0;0m[38;2;0;0;0m [48;2;114;188;255m[38;2;111;187;255m▆[48;2;146;205;255m[38;2;122;192;255m▌[48;2;0;0;0m[38;2;0;0;0m [48;2;115;188;255m[38;2;111;187;255m▊[48;2;156;211;255m[38;2;155;210;255m [38;2;156;211;255m [48;2;0;0;0m[38;2;0;0;0m [38;2;156;211;255m▄[38;2;0;0;0m [48;2;156;211;255m[38;2;156;211;255m [48;2;0;0;0m▄[38;2;111;187;255m▘▄▄[48;2;111;187;255m [48;2;0;0;0m▄[38;2;0;0;0m [48;2;111;187;255m[38;2;154;210;255m▁[38;2;156;211;255m▃[48;2;0;0;0m[38;2;0;0;0m [38;2;156;211;255m▄▄▄[48;2;156;211;255m  [48;2;0;0;0m[38;2;0;0;0m [38;2;156;211;255m▄[38;2;0;0;0m [48;2;156;211;255m[38;2;156;211;255m [48;2;0;0;0m▄[38;2;0;0;0m [38;2;156;211;255m▄[48;2;156;211;255m  [0m
[48;2;116;116;0m[38;2;101;101;101m▅[38;2;116;116;0m [38;2;77;77;77m▬[38;2;156;211;255m▗[48;2;156;211;255m [48;2;40;40;40m▘[48;2;0;0;0m[38;2;0;0;0m  [48;2;16;16;16m▅[48;2;101;101;101m[38;2;16;16;16m▌[48;2;127;127;127m[38;2;127;127;127m [48;2;129;129;129m▌[48;2;159;159;159m[38;2;159;159;159m  [38;2;166;166;166m [48;2;188;188;188m[38;2;159;159;159m▅▃[48;2;210;210;210m[38;2;188;188;188m▆▃▃▃▃[48;2;188;188;188m  [38;2;159;159;159m▃▃▂▂[48;2;159;159;159m  [48;2;129;129;129m[38;2;129;129;129m [48;2;54;54;54m[38;2;127;127;127m▅[38;2;101;101;101m▄[48;2;40;40;40m[38;2;77;77;77m▃[48;2;16;16;16m[38;2;40;40;40m▎[38;2;16;16;16m  [48;2;40;40;40m▌[48;2;23;23;23m[38;2;40;40;40m▃[48;2;54;54;54m[38;2;111;187;255m▝[48;2;111;187;255m[38;2;113;188;255m [48;2;156;211;255m[38;2;111;187;255m▂[48;2;0;0;0m[38;2;0;0;0m [48;2;156;211;255m▅▅[48;2;0;0;0m [48;2;154;210;255m[38;2;156;211;255m▅[48;2;156;211;255m[38;2;0;0;0m▅[48;2;0;0;0m [48;2;111;187;255m▅[38;2;156;211;255m▝[48;2;156;211;255m[38;2;0;0;0m▅[48;2;0;0;0m [48;2;156;211;255m▅[48;2;0;0;0m [48;2;156;211;255m[38;2;156;211;255m [38;2;0;0;0m▅[48;2;0;0;0m [48;2;111;187;255m▅[38;2;112;187;255m▃[38;2;156;211;255m▄[38;2;0;0;0m▄[48;2;0;0;0m [48;2;156;211;255m▅[38;2;156;211;255m [48;2;0;0;0m[38;2;0;0;0m [48;2;156;211;255m▅▅▅[38;2;156;211;255m [38;2;0;0;0m▅[48;2;0;0;0m [48;2;156;211;255m[38;2;156;211;255m [48;2;0;0;0m[38;2;0;0;0m [48;2;156;211;255m[38;2;156;211;255m  [48;2;0;0;0m[38;2;0;0;0m [48;2;156;211;255m▅▅[38;2;156;211;255m [0m
[48;2;116;116;0m[38;2;116;116;0m [38;2;127;127;127m▁[48;2;156;211;255m[38;2;156;211;255m   [48;2;16;16;16m▌[48;2;0;0;0m[38;2;0;0;0m   [48;2;101;101;101m[38;2;50;50;50m▌[48;2;127;127;127m[38;2;127;127;127m [38;2;40;40;40m▂[48;2;129;129;129m▅[38;2;16;16;16m▃[48;2;159;159;159m[38;2;40;40;40m▅[48;2;129;129;129m[38;2;16;16;16m▃▂[38;2;54;54;54m▁[48;2;159;159;159m[38;2;127;127;127m▁▁[38;2;159;159;159m   [48;2;129;129;129m[38;2;40;40;40m▂[38;2;16;16;16m▅▅▅[38;2;40;40;40m▅[38;2;54;54;54m▅▅▅[38;2;129;129;129m  [48;2;127;127;127m[38;2;127;127;127m [48;2;16;16;16m[38;2;54;54;54m▌[48;2;0;0;0m[38;2;16;16;16m▖[48;2;16;16;16m[38;2;0;0;0m▊[38;2;40;40;40m▗[48;2;40;40;40m[38;2;0;0;0m▁[48;2;101;101;101m[38;2;54;54;54m▊[48;2;136;188;233m[38;2;126;126;126m▎[48;2;111;187;255m[38;2;114;188;255m [38;2;153;209;255m [38;2;156;211;255m▄[48;2;155;210;255m▆[48;2;156;211;255m    [38;2;111;187;255m▝[48;2;111;187;255m[38;2;133;197;255m [38;2;156;211;255m [38;2;143;203;255m [48;2;55;93;127m[38;2;111;187;255m▇[48;2;156;211;255m▖[38;2;155;211;255m [38;2;156;211;255m  [38;2;154;210;255m [38;2;155;210;255m [38;2;156;211;255m      [48;2;78;105;127m▇▇[48;2;156;211;255m            [0m
[48;2;77;77;77m[38;2;77;77;77m [48;2;127;127;127m[38;2;125;181;0m▇[48;2;156;211;255m[38;2;116;116;0m▅[38;2;181;181;0m▅[48;2;116;116;0m[38;2;116;116;0m [48;2;16;16;16m[38;2;125;181;0m▅[38;2;101;101;101m▖[48;2;0;0;0m[38;2;0;0;0m  [48;2;101;101;101m[38;2;16;16;16m▌[48;2;127;127;127m[38;2;54;54;54m▝[48;2;40;40;40m[38;2;101;101;101m▆━[48;2;16;16;16m━[38;2;77;77;77m━[38;2;54;54;54m━[48;2;40;40;40m[38;2;47;47;47m╺[48;2;54;54;54m▌[48;2;101;101;101m[38;2;77;77;77m▆[48;2;129;129;129m[38;2;101;101;101m▌[48;2;159;159;159m[38;2;159;159;159m [48;2;127;127;127m[38;2;129;129;129m▌[48;2;77;77;77m[38;2;101;101;101m▂[48;2;40;40;40m[38;2;77;77;77m▆[48;2;16;16;16m[38;2;54;54;54m▆[48;2;40;40;40m[38;2;40;40;40m [38;2;77;77;77m▝[48;2;101;101;101m[38;2;16;16;16m▅[48;2;127;127;127m▅[38;2;40;40;40m▃[48;2;129;129;129m[38;2;77;77;77m▂[38;2;129;129;129m   [48;2;16;16;16m[38;2;101;101;101m▌[38;2;40;40;40m▅[38;2;77;77;77m▃[48;2;54;54;54m▌[48;2;156;211;255m▌[48;2;77;77;77m[38;2;156;211;255m▆[48;2;156;211;255m [38;2;111;187;255m▝[48;2;111;187;255m[38;2;151;208;255m [48;2;156;211;255m[38;2;111;187;255m▃[38;2;155;210;255m [38;2;156;211;255m   [38;2;153;209;255m▝[48;2;111;187;255m[38;2;112;187;255m▌[38;2;111;187;255m [38;2;143;203;255m [38;2;156;211;255m▂▄▆[48;2;156;211;255m[38;2;155;210;255m [38;2;156;211;255m                        [0m
[48;2;181;181;0m[38;2;71;71;0m▁[38;2;181;181;0m [38;2;116;116;0m▃▗[48;2;125;181;0m[38;2;120;148;0m┛[48;2;116;116;0m[38;2;116;116;0m  [48;2;54;54;54m[38;2;127;127;127m▖[48;2;16;16;16m[38;2;40;40;40m▂[48;2;101;101;101m[38;2;50;50;50m▌[48;2;129;129;129m[38;2;127;127;127m▌[48;2;77;77;77m[38;2;129;129;129m▅[48;2;16;16;16m[38;2;127;127;127m▆[48;2;40;40;40m[38;2;101;101;101m▆[48;2;16;16;16m▇[48;2;54;54;54m▇[48;2;77;77;77m[38;2;127;127;127m▇[48;2;54;54;54m▇[48;2;127;127;127m[38;2;129;129;129m▇[48;2;129;129;129m[38;2;159;159;159m▅[48;2;188;188;188m[38;2;188;188;188m [48;2;129;129;129m[38;2;159;159;159m▌▗[48;2;127;127;127m[38;2;129;129;129m▇[38;2;114;114;114m━[48;2;101;101;101m[38;2;129;129;129m▂[48;2;127;127;127m▁[48;2;101;101;101m▇▆▆[38;2;159;159;159m▆[48;2;129;129;129m▆[48;2;159;159;159m [48;2;129;129;129m▃[48;2;77;77;77m[38;2;101;101;101m▌[48;2;40;40;40m[38;2;54;54;54m▂[48;2;101;101;101m[38;2;70;70;70m▌[48;2;127;127;127m[38;2;127;127;127m [48;2;156;211;255m[38;2;128;156;178m▌[38;2;156;211;255m   [38;2;111;187;255m▝[48;2;111;187;255m[38;2;135;199;255m [48;2;156;211;255m[38;2;111;187;255m▅▆▖[38;2;156;211;255m  [38;2;155;210;255m▝[48;2;111;187;255m[38;2;156;211;255m▅[48;2;155;210;255m▆[48;2;156;211;255m                            [0m
[48;2;71;71;0m[38;2;116;116;0m▇[48;2;116;116;0m [38;2;71;33;0m▌[48;2;125;181;0m[38;2;116;116;0m▅[48;2;116;116;0m[38;2;50;71;0m▗[48;2;101;101;101m▂[48;2;125;181;0m[38;2;71;71;0m▅[48;2;101;101;101m[38;2;16;16;16m▂[48;2;16;16;16m[38;2;77;77;77m▌[48;2;101;101;101m[38;2;58;58;58m▌[48;2;129;129;129m[38;2;129;129;129m [38;2;159;159;159m▃▅[48;2;159;159;159m  [38;2;188;188;188m▃▅[38;2;159;159;159m [38;2;129;129;129m▆▊[38;2;159;159;159m [48;2;129;129;129m▌[38;2;129;129;129m [48;2;159;159;159m▖[48;2;188;188;188m[38;2;173;173;173m▌[48;2;159;159;159m[38;2;188;188;188m▆▅▅▅━[38;2;159;159;159m  [48;2;129;129;129m▌[38;2;144;144;144m┛[48;2;54;54;54m[38;2;127;127;127m▌[48;2;77;77;77m[38;2;65;65;65m▌[48;2;101;101;101m[38;2;101;101;101m [48;2;129;129;129m[38;2;129;129;129m [48;2;156;211;255m[38;2;127;127;127m▂▂▁[38;2;159;159;159m▁[48;2;124;193;255m[38;2;153;153;153m▂[48;2;111;187;255m[38;2;159;159;159m▂▂▁[38;2;156;211;255m▅[48;2;156;211;255m[38;2;155;210;255m [38;2;156;211;255m                                [0m
[48;2;116;116;0m[38;2;181;181;0m▁[48;2;77;77;77m[38;2;116;116;0m▄[48;2;50;71;0m[38;2;181;181;0m▄[48;2;116;116;0m▂[48;2;50;71;0m▄[48;2;71;71;0m[38;2;116;116;0m▇[38;2;71;71;0m [48;2;116;116;0m[38;2;71;33;0m▅[48;2;101;101;101m[38;2;127;127;127m▆[38;2;54;54;54m▝[48;2;129;129;129m[38;2;115;115;115m▌[48;2;159;159;159m[38;2;129;129;129m▊[38;2;159;159;159m [48;2;188;188;188m▌[38;2;188;188;188m  [48;2;159;159;159m▘[48;2;144;144;144m[38;2;159;159;159m▌[48;2;129;129;129m[38;2;129;129;129m [48;2;159;159;159m[38;2;127;127;127m▌[38;2;173;173;173m┃[48;2;129;129;129m[38;2;159;159;159m▎[38;2;129;129;129m [48;2;159;159;159m[38;2;144;144;144m▬[38;2;129;129;129m▂[48;2;188;188;188m[38;2;159;159;159m▃▁[38;2;188;188;188m [38;2;159;159;159m▃[48;2;159;159;159m   [38;2;129;129;129m▁[48;2;127;127;127m▘[48;2;54;54;54m[38;2;127;127;127m▄[48;2;77;77;77m[38;2;129;129;129m▆[48;2;159;159;159m[38;2;159;159;159m [38;2;101;101;101m▁▌[38;2;159;159;159m [48;2;127;127;127m[38;2;210;210;210m▂[48;2;159;159;159m[38;2;127;127;127m▅[48;2;129;129;129m[38;2;101;101;101m▃[48;2;101;101;101m[38;2;159;159;159m━[48;2;159;159;159m[38;2;101;101;101m▁[38;2;129;129;129m▅[38;2;188;188;188m▇[48;2;156;211;255m[38;2;159;159;159m▎[38;2;156;211;255m                                [0m
[48;2;181;181;0m[38;2;148;148;0m▬⎼▬[38;2;116;116;0m▅▅[48;2;116;116;0m[38;2;181;181;0m▄[48;2;71;71;0m[38;2;125;181;0m▅[48;2;16;16;16m[38;2;71;71;0m▎[38;2;127;127;127m▝[48;2;129;129;129m[38;2;16;16;16m▃[48;2;101;101;101m[38;2;101;101;101m [48;2;129;129;129m[38;2;128;128;128m▌[48;2;159;159;159m[38;2;159;159;159m  [48;2;188;188;188m▇[48;2;159;159;159m  [48;2;129;129;129m[38;2;129;129;129m [38;2;77;77;77m▂[48;2;159;159;159m[38;2;101;101;101m▁[48;2;188;188;188m[38;2;129;129;129m▅[48;2;159;159;159m[38;2;101;101;101m▁[48;2;129;129;129m[38;2;77;77;77m▁[48;2;159;159;159m▃[48;2;129;129;129m[38;2;129;129;129m [48;2;159;159;159m[38;2;159;159;159m [38;2;129;129;129m▖[38;2;159;159;159m    [48;2;129;129;129m▘[38;2;129;129;129m [48;2;127;127;127m━[48;2;101;101;101m[38;2;16;16;16m▗[48;2;129;129;129m[38;2;0;0;0m▅[48;2;127;127;127m▅[48;2;16;16;16m[38;2;159;159;159m▁[48;2;77;77;77m[38;2;188;188;188m▃[48;2;129;129;129m▌[48;2;188;188;188m[38;2;157;157;157m┃[38;2;158;158;158m┏[38;2;157;157;157m╸[38;2;158;158;158m▬[48;2;101;101;101m[38;2;188;188;188m▇[48;2;188;188;188m[38;2;129;129;129m▁[48;2;159;159;159m[38;2;159;159;159m [48;2;172;199;221m[38;2;188;188;188m▌[48;2;156;211;255m[38;2;210;210;210m▂▃[38;2;156;211;255m [38;2;210;210;210m▅▆[48;2;188;188;188m[38;2;77;77;77m▗[38;2;188;188;188m [48;2;156;211;255m[38;2;210;210;210m▅▃▅▅▆[48;2;210;210;210m [48;2;188;188;188m[38;2;77;77;77m▖[48;2;156;211;255m[38;2;210;210;210m▇▆[48;2;188;188;188m[38;2;188;188;188m [48;2;156;211;255m[38;2;210;210;210m▅▃▂▁[38;2;156;211;255m           [0m
[48;2;181;181;0m[38;2;148;148;0m▌[38;2;116;116;0m▝[48;2;71;71;0m▄[48;2;116;116;0m[38;2;50;71;0m▗[38;2;81;116;0m▅[48;2;181;181;0m[38;2;148;148;0m▬[48;2;116;116;0m[38;2;93;93;0m━[48;2;16;16;16m[38;2;16;16;16m [38;2;33;43;8m━[38;2;77;77;77m▆[48;2;101;101;101m[38;2;116;116;0m▆[48;2;127;127;127m[38;2;101;101;101m▌[48;2;129;129;129m[38;2;129;129;129m [48;2;159;159;159m[38;2;159;159;159m [38;2;151;151;151m [38;2;129;129;129m▂▃[48;2;129;129;129m[38;2;159;159;159m▘[48;2;127;127;127m[38;2;101;101;101m▝[48;2;77;77;77m[38;2;129;129;129m▅▂▂[38;2;127;127;127m▅[48;2;101;101;101m[38;2;129;129;129m▇[48;2;159;159;159m▅[38;2;159;159;159m [38;2;129;129;129m▝▌[38;2;159;159;159m  [48;2;129;129;129m[38;2;129;129;129m  [48;2;127;127;127m[38;2;127;127;127m [48;2;129;129;129m[38;2;129;129;129m [48;2;77;77;77m[38;2;16;16;16m▝[48;2;16;16;16m[38;2;101;101;101m▄[48;2;129;129;129m[38;2;77;77;77m▘[48;2;159;159;159m[38;2;188;188;188m▗[48;2;210;210;210m[38;2;210;210;210m [48;2;188;188;188m[38;2;173;173;173m━╸┗[38;2;188;188;188m  [48;2;210;210;210m[38;2;210;210;210m [48;2;129;129;129m[38;2;103;103;103m┛[38;2;188;188;188m▄▄[48;2;188;188;188m[38;2;132;132;132m━[38;2;144;144;144m▬[38;2;188;188;188m [48;2;210;210;210m▆[48;2;188;188;188m [48;2;159;159;159m[38;2;159;159;159m [48;2;210;210;210m[38;2;188;188;188m▅▂[38;2;210;210;210m    [38;2;188;188;188m▁[38;2;77;77;77m▘[38;2;210;210;210m  [48;2;188;188;188m[38;2;188;188;188m [48;2;210;210;210m[38;2;210;210;210m   [48;2;188;188;188m[38;2;158;158;158m━[48;2;156;211;255m[38;2;156;211;255m           [0m
[48;2;71;71;0m[38;2;50;71;0m▆[48;2;116;116;0m▅[48;2;81;116;0m▅[48;2;16;16;16m[38;2;16;16;16m [48;2;71;71;0m[38;2;71;71;0m [48;2;116;116;0m[38;2;50;71;0m▅[38;2;16;16;16m▇[48;2;16;16;16m [48;2;116;116;0m[38;2;50;71;0m▌▖[48;2;125;181;0m[38;2;153;181;0m┛[48;2;101;101;101m[38;2;77;77;77m▌[48;2;127;127;127m[38;2;101;101;101m▊[48;2;129;129;129m[38;2;129;129;129m   [38;2;77;77;77m▂[38;2;54;54;54m▂▃[48;2;159;159;159m[38;2;77;77;77m▅[48;2;129;129;129m[38;2;54;54;54m▃[48;2;159;159;159m[38;2;77;77;77m▅[38;2;54;54;54m▅▃[38;2;40;40;40m▂[38;2;77;77;77m▂[38;2;101;101;101m▂[38;2;159;159;159m  [48;2;129;129;129m[38;2;129;129;129m [38;2;127;127;127m▃[48;2;127;127;127m   [48;2;77;77;77m[38;2;0;0;0m▅[48;2;101;101;101m[38;2;16;16;16m▆[48;2;159;159;159m[38;2;0;0;0m▅[38;2;16;16;16m▅[48;2;210;210;210m[38;2;40;40;40m▅▅[38;2;16;16;16m▃[48;2;188;188;188m[38;2;40;40;40m▂[48;2;210;210;210m[38;2;159;159;159m▁[48;2;188;188;188m[38;2;127;127;127m▂[48;2;184;184;184m[38;2;210;210;210m▌[48;2;188;188;188m[38;2;173;173;173m▌[48;2;184;184;184m[38;2;210;210;210m▌[48;2;188;188;188m[38;2;158;158;158m⎻[38;2;144;144;144m┗[48;2;210;210;210m[38;2;188;188;188m▝[48;2;188;188;188m[38;2;144;144;144m╺[38;2;188;188;188m  [38;2;77;77;77m▂[38;2;188;188;188m  [48;2;129;129;129m▄[48;2;159;159;159m▃[48;2;188;188;188m[38;2;144;144;144m▬[48;2;199;199;199m[38;2;210;210;210m▇[48;2;159;159;159m▇▇▆[48;2;210;210;210m[38;2;199;199;199m━┓[38;2;210;210;210m    [48;2;156;211;255m▆▁[38;2;188;188;188m▁[38;2;156;211;255m        [0m
[48;2;50;71;0m[38;2;81;116;0m▗[38;2;50;71;0m [48;2;116;116;0m[38;2;83;93;0m▬[48;2;16;16;16m[38;2;125;181;0m▄[38;2;181;181;0m▄[38;2;116;116;0m▃[48;2;50;71;0m▂[48;2;71;71;0m[38;2;40;40;40m▅[48;2;81;116;0m[38;2;50;71;0m▆[38;2;16;16;16m▌[48;2;116;116;0m[38;2;71;71;0m▅[48;2;77;77;77m[38;2;40;40;40m▅[48;2;101;101;101m[38;2;101;101;101m [48;2;127;127;127m[38;2;127;127;127m [48;2;129;129;129m▂[38;2;129;129;129m [48;2;54;54;54m▇[48;2;40;40;40m▇[48;2;54;54;54m▇[48;2;77;77;77m▇▇[38;2;159;159;159m▇▇[38;2;129;129;129m▇▆[48;2;40;40;40m[38;2;159;159;159m▇[48;2;159;159;159m [38;2;129;129;129m▅[48;2;129;129;129m[38;2;159;159;159m▘[48;2;127;127;127m[38;2;129;129;129m▘[38;2;127;127;127m  [48;2;101;101;101m[38;2;77;77;77m▁[48;2;58;58;58m[38;2;101;101;101m▌[48;2;16;16;16m[38;2;0;0;0m▌[38;2;16;16;16m    [48;2;40;40;40m▂[48;2;16;16;16m[38;2;40;40;40m▅▂[38;2;16;16;16m [48;2;127;127;127m[38;2;71;0;42m▅[48;2;129;129;129m[38;2;129;129;129m [48;2;188;188;188m[38;2;159;159;159m▌[48;2;129;129;129m[38;2;210;210;210m▌[48;2;188;188;188m[38;2;158;158;158m▌[38;2;127;127;127m▖[48;2;210;210;210m[38;2;210;210;210m [48;2;188;188;188m[38;2;144;144;144m┏[38;2;159;159;159m▂[38;2;188;188;188m [48;2;159;159;159m[38;2;77;77;77m▁[48;2;188;188;188m[38;2;188;188;188m [38;2;77;77;77m▘[38;2;188;188;188m [48;2;210;210;210m[38;2;199;199;199m▌[48;2;188;188;188m[38;2;210;210;210m▆[48;2;210;210;210m [48;2;188;188;188m[38;2;158;158;158m╺[48;2;159;159;159m[38;2;188;188;188m▄[48;2;188;188;188m[38;2;158;158;158m⎻[48;2;210;210;210m[38;2;210;210;210m    [48;2;188;188;188m[38;2;144;144;144m╺[38;2;158;158;158m┓[38;2;77;77;77m▂[38;2;188;188;188m [38;2;40;40;40m▂▂[38;2;101;101;101m▃[48;2;156;211;255m▅▅▖[38;2;188;188;188m▂[38;2;156;211;255m  [0m
[48;2;50;71;0m[38;2;50;71;0m [48;2;71;71;0m▆[48;2;116;116;0m▆[48;2;125;181;0m▅[48;2;116;116;0m[38;2;71;71;0m▅[48;2;125;181;0m[38;2;50;71;0m▃[48;2;116;116;0m▁[48;2;71;71;0m[38;2;16;16;16m▌[48;2;16;16;16m[38;2;71;33;0m▄[48;2;50;71;0m[38;2;33;43;8m▬[38;2;16;16;16m▊[38;2;71;71;0m▖[48;2;16;16;16m[38;2;101;101;101m▝[48;2;101;101;101m[38;2;54;54;54m▖[48;2;127;127;127m[38;2;101;101;101m▃[38;2;127;127;127m [48;2;129;129;129m▆[48;2;159;159;159m[38;2;129;129;129m▖[48;2;129;129;129m[38;2;159;159;159m▅▅▅▅▅[48;2;159;159;159m  [38;2;129;129;129m▁[48;2;129;129;129m[38;2;127;127;127m▗▅[48;2;101;101;101m▘[48;2;127;127;127m[38;2;101;101;101m▂[38;2;77;77;77m▂[48;2;101;101;101m[38;2;54;54;54m▅[48;2;77;77;77m[38;2;77;77;77m [48;2;101;101;101m[38;2;101;101;101m [48;2;16;16;16m[38;2;16;16;16m       [48;2;40;40;40m▅[48;2;16;16;16m [48;2;127;0;0m[38;2;71;8;8m▎[48;2;129;129;129m[38;2;129;129;129m [38;2;159;159;159m▅[48;2;188;188;188m[38;2;144;144;144m▬▬▬⎼╵╵[38;2;101;101;101m▝[38;2;144;144;144m┛[48;2;144;144;144m[38;2;188;188;188m▌[48;2;210;210;210m[38;2;168;168;168m▌[48;2;159;159;159m[38;2;188;188;188m▎[48;2;210;210;210m[38;2;210;210;210m  [48;2;188;188;188m[38;2;144;144;144m╷[38;2;101;101;101m▁[38;2;188;188;188m [48;2;210;210;210m[38;2;210;210;210m      [48;2;184;184;184m▌[48;2;159;159;159m[38;2;101;101;101m▊[48;2;129;129;129m[38;2;210;210;210m▌[48;2;101;101;101m[38;2;127;127;127m▆[48;2;77;77;77m▇[48;2;127;127;127m[38;2;129;129;129m▘[48;2;101;101;101m[38;2;188;188;188m▆[48;2;129;129;129m▅[48;2;188;188;188m[38;2;129;129;129m▌[48;2;129;129;129m[38;2;188;188;188m▌[48;2;127;127;127m▝[48;2;188;188;188m[38;2;127;127;127m▅[0m
[48;2;50;71;0m[38;2;16;16;16m▗▆[48;2;16;16;16m [48;2;50;71;0m[38;2;33;43;8m▬[38;2;50;71;0m [38;2;16;16;16m▂▅[48;2;16;16;16m[38;2;127;0;0m▂▃▄[48;2;40;40;40m▅▅▄[38;2;16;16;16m▅[48;2;77;77;77m▅[48;2;101;101;101m[38;2;77;77;77m▅▁[48;2;127;127;127m[38;2;129;129;129m▝[48;2;159;159;159m▂[38;2;159;159;159m [38;2;129;129;129m▅[38;2;159;159;159m  [38;2;129;129;129m▃[48;2;129;129;129m[38;2;127;127;127m▅[48;2;127;127;127m[38;2;101;101;101m▂[48;2;101;101;101m[38;2;77;77;77m▂▅[48;2;77;77;77m[38;2;54;54;54m▂▅[48;2;54;54;54m[38;2;101;101;101m▃▇[48;2;101;101;101m[38;2;127;127;127m▅▃[38;2;101;101;101m [48;2;16;16;16m▄▂[38;2;0;64;116m▅▆[38;2;16;16;16m    [48;2;181;0;0m[38;2;181;0;0m [48;2;159;159;159m[38;2;127;0;0m▊[48;2;173;173;173m[38;2;188;188;188m▌[48;2;159;159;159m[38;2;101;101;101m▂[48;2;188;188;188m▁[38;2;188;188;188m   [48;2;159;159;159m▁[48;2;188;188;188m [38;2;159;159;159m▂[38;2;188;188;188m [48;2;159;159;159m[38;2;127;127;127m▝[48;2;188;188;188m[38;2;144;144;144m▬[48;2;210;210;210m[38;2;210;210;210m   [48;2;129;129;129m[38;2;91;91;91m┃[48;2;159;159;159m[38;2;159;159;159m [48;2;210;210;210m[38;2;210;210;210m [48;2;188;188;188m[38;2;188;188;188m [48;2;210;210;210m[38;2;210;210;210m [48;2;101;101;101m[38;2;188;188;188m▌[48;2;188;188;188m[38;2;144;144;144m╺[48;2;210;210;210m[38;2;210;210;210m [48;2;144;144;144m[38;2;188;188;188m▌[48;2;188;188;188m[38;2;157;157;157m▌[48;2;210;210;210m[38;2;127;127;127m▝[48;2;127;127;127m[38;2;188;188;188m▄[38;2;127;127;127m [38;2;188;188;188m▂[48;2;188;188;188m[38;2;157;157;157m▬[48;2;129;129;129m[38;2;129;129;129m [48;2;127;127;127m[38;2;101;101;101m▌[48;2;129;129;129m▂[48;2;188;188;188m[38;2;127;127;127m▊[48;2;210;210;210m[38;2;210;210;210m [0m
[48;2;71;71;0m[38;2;125;181;0m▝[48;2;125;181;0m[38;2;71;71;0m▅[48;2;71;71;0m[38;2;125;181;0m▘[48;2;71;33;0m[38;2;71;33;0m [38;2;127;0;0m▅▆[48;2;127;0;0m  [38;2;16;16;16m▁[38;2;0;0;0m▃▅▆[48;2;0;0;0m   [48;2;77;77;77m▖[38;2;101;101;101m▆[48;2;101;101;101m[38;2;89;89;89m▬[38;2;77;77;77m▅[48;2;129;129;129m▅[48;2;127;127;127m[38;2;54;54;54m▅▅▅[48;2;101;101;101m▅[48;2;77;77;77m[38;2;40;40;40m▅▇[48;2;40;40;40m[38;2;77;77;77m▃▄▆[48;2;101;101;101m[38;2;127;127;127m▂▅[48;2;127;127;127m [48;2;129;129;129m▘▝[48;2;101;101;101m[38;2;101;101;101m [38;2;0;64;116m▅[48;2;0;64;116m  [48;2;16;16;16m▌[38;2;16;16;16m  [38;2;127;0;0m▗[48;2;127;0;0m [48;2;181;0;0m[38;2;181;0;0m  [48;2;159;159;159m[38;2;127;0;0m▂[38;2;127;127;127m▊[48;2;127;127;127m[38;2;159;159;159m▎[48;2;188;188;188m[38;2;188;188;188m  [48;2;143;143;143m[38;2;210;210;210m▌[48;2;188;188;188m[38;2;132;132;132m▌[48;2;129;129;129m[38;2;127;127;127m▅[48;2;188;188;188m▌[38;2;157;157;157m┏[48;2;159;159;159m[38;2;188;188;188m▄[48;2;188;188;188m [48;2;210;210;210m[38;2;168;168;168m━[38;2;129;129;129m▬[38;2;210;210;210m [48;2;101;101;101m▆[48;2;210;210;210m  [38;2;129;129;129m▁▁[48;2;159;159;159m[38;2;118;118;118m┛[48;2;210;210;210m[38;2;188;188;188m▃[38;2;210;210;210m [48;2;101;101;101m[38;2;188;188;188m▌[48;2;210;210;210m[38;2;210;210;210m [48;2;188;188;188m[38;2;77;77;77m▗[48;2;159;159;159m[38;2;184;184;184m┃[48;2;210;210;210m[38;2;101;101;101m▊[48;2;188;188;188m[38;2;188;188;188m  [48;2;129;129;129m▎[48;2;159;159;159m[38;2;101;101;101m▘[48;2;101;101;101m[38;2;188;188;188m▌[48;2;210;210;210m[38;2;101;101;101m▌[38;2;210;210;210m [0m
[48;2;71;0;0m[38;2;71;0;0m [38;2;127;0;0m▃▃▅[48;2;127;0;0m [38;2;0;0;0m▃▅[48;2;0;0;0m         [48;2;101;101;101m[38;2;101;101;101m [38;2;89;89;89m┫[38;2;101;101;101m [48;2;77;77;77m▅▃[48;2;54;54;54m[38;2;77;77;77m▃▄▆▄[48;2;77;77;77m [38;2;101;101;101m▗[38;2;127;127;127m▅[48;2;127;127;127m [38;2;129;129;129m▂▂[48;2;129;129;129m [48;2;127;127;127m[38;2;101;101;101m▗[38;2;0;64;116m▅[48;2;0;64;116m    [48;2;16;16;16m[38;2;8;27;43m▌[38;2;127;0;0m▂[38;2;181;0;0m▅[48;2;181;0;0m   [38;2;127;0;0m▅[38;2;181;0;0m [48;2;101;101;101m▇▅[48;2;188;188;188m[38;2;127;0;0m▃[38;2;101;101;101m▁[48;2;54;54;54m[38;2;188;188;188m▌[48;2;188;188;188m[38;2;127;127;127m▗[48;2;159;159;159m[38;2;101;101;101m▆[48;2;129;129;129m[38;2;169;169;169m┃[48;2;159;159;159m[38;2;130;130;130m╸[38;2;188;188;188m▎[48;2;210;210;210m[38;2;199;199;199m▌[38;2;210;210;210m [38;2;188;188;188m▁[38;2;210;210;210m [38;2;155;155;155m━[38;2;169;169;169m▬[38;2;210;210;210m  [48;2;129;129;129m▇[48;2;159;159;159m▆▅[48;2;210;210;210m[38;2;169;169;169m⎻[48;2;101;101;101m[38;2;159;159;159m▎[48;2;210;210;210m[38;2;184;184;184m▌[48;2;159;159;159m[38;2;101;101;101m▅[48;2;127;127;127m[38;2;210;210;210m▘▝[48;2;188;188;188m[38;2;127;127;127m▌[48;2;210;210;210m[38;2;40;40;40m▘[48;2;159;159;159m[38;2;130;130;130m┛[48;2;210;210;210m[38;2;159;159;159m▊[48;2;101;101;101m[38;2;210;210;210m▎[48;2;210;210;210m[38;2;155;155;155m▌[38;2;210;210;210m [0m
[48;2;127;0;0m[38;2;127;0;0m [38;2;0;0;0m▁▅▆[48;2;0;0;0m           [48;2;16;16;16m▘[48;2;101;101;101m[38;2;40;40;40m▌[38;2;101;101;101m [48;2;77;77;77m▅[48;2;101;101;101m[38;2;77;77;77m▅[38;2;101;101;101m [38;2;127;127;127m▃[48;2;77;77;77m▆[48;2;101;101;101m▅▃▂[48;2;127;127;127m[38;2;129;129;129m▃▅[48;2;129;129;129m  [48;2;127;127;127m[38;2;101;101;101m▃[48;2;101;101;101m[38;2;0;64;116m▅[48;2;0;64;116m     [38;2;127;0;0m▗[48;2;71;0;0m[38;2;181;0;0m▇[48;2;181;0;0m   [38;2;127;0;0m▂[48;2;127;0;0m  [48;2;181;0;0m[38;2;154;0;0m▌[38;2;181;0;0m [38;2;127;0;0m▁[38;2;71;0;0m▂[48;2;116;58;0m[38;2;181;0;0m▇[48;2;129;129;129m▆[48;2;188;188;188m[38;2;127;0;0m▅[48;2;159;159;159m[38;2;181;0;0m▂[48;2;188;188;188m[38;2;77;77;77m▁[48;2;159;159;159m[38;2;159;159;159m [38;2;188;188;188m━[48;2;210;210;210m[38;2;199;199;199m▌[38;2;210;210;210m [48;2;127;127;127m[38;2;54;54;54m▝[48;2;181;181;0m[38;2;77;77;77m▘[48;2;188;188;188m[38;2;181;181;0m▇▆[48;2;210;210;210m▆▂[48;2;188;188;188m[38;2;188;188;188m [48;2;159;159;159m[38;2;159;159;159m [48;2;188;188;188m[38;2;188;188;188m [48;2;184;184;184m[38;2;210;210;210m▌[48;2;127;127;127m[38;2;127;127;127m [48;2;184;184;184m[38;2;210;210;210m▌[48;2;127;127;127m[38;2;188;188;188m▁[38;2;127;127;127m [48;2;129;129;129m▇[48;2;127;127;127m[38;2;188;188;188m▝[48;2;210;210;210m[38;2;101;101;101m▃[48;2;159;159;159m[38;2;129;129;129m▖[48;2;127;127;127m[38;2;159;159;159m▌[38;2;114;114;114m⎻[48;2;159;159;159m[38;2;188;188;188m▄[48;2;210;210;210m[38;2;184;184;184m━[0m
[48;2;0;0;0m[38;2;0;0;0m             [38;2;16;16;16m▗[48;2;16;16;16m [48;2;0;64;116m▘[48;2;40;40;40m[38;2;0;39;71m▌[48;2;101;101;101m[38;2;40;40;40m▖[38;2;127;127;127m▆▅[48;2;127;127;127m[38;2;101;101;101m▘[48;2;129;129;129m[38;2;129;129;129m  [38;2;127;127;127m▘[48;2;127;127;127m[38;2;129;129;129m▆[48;2;129;129;129m    [48;2;127;127;127m[38;2;0;64;116m▃[48;2;0;64;116m      [48;2;0;71;71m▌[48;2;40;40;40m[38;2;181;0;0m▝[48;2;181;0;0m   [48;2;127;0;0m▌[38;2;127;0;0m   [38;2;71;0;0m▂▅[48;2;71;0;0m [48;2;71;0;42m[38;2;71;0;42m [48;2;127;0;0m▆▆[48;2;181;0;0m▆▅▅[48;2;129;129;129m[38;2;116;0;69m▆[48;2;159;159;159m▅[48;2;188;188;188m[38;2;127;0;0m▂[48;2;159;159;159m[38;2;101;101;101m▖[48;2;181;181;0m[38;2;181;181;0m [48;2;116;116;0m▄[48;2;181;181;0m[38;2;116;116;0m▗[48;2;116;116;0m[38;2;98;116;0m╸[48;2;181;181;0m[38;2;116;116;0m▂[38;2;181;181;0m [48;2;125;181;0m▚[48;2;129;129;129m[38;2;115;115;115m╺[48;2;188;188;188m[38;2;188;188;188m [48;2;155;155;155m[38;2;210;210;210m▌[48;2;188;188;188m[38;2;101;101;101m▌[48;2;210;210;210m[38;2;210;210;210m [48;2;188;188;188m[38;2;77;77;77m▘[48;2;127;127;127m[38;2;127;127;127m [48;2;90;90;90m▌[48;2;127;127;127m[38;2;77;77;77m▅[38;2;54;54;54m▅[48;2;159;159;159m[38;2;127;127;127m▌[48;2;127;127;127m[38;2;159;159;159m▎[38;2;127;127;127m [48;2;210;210;210m[38;2;210;210;210m  [0m
[48;2;0;0;0m[38;2;0;0;0m           [38;2;16;16;16m [48;2;16;16;16m[38;2;0;0;0m▘[38;2;0;64;116m▂[48;2;0;64;116m [38;2;0;99;181m▗[48;2;0;39;71m[38;2;0;39;71m [48;2;77;77;77m[38;2;16;16;16m▊[48;2;127;127;127m[38;2;101;101;101m▖[38;2;129;129;129m▅[48;2;129;129;129m[38;2;128;128;128m━[38;2;129;129;129m    [38;2;159;159;159m▆[38;2;129;129;129m [38;2;0;64;116m▗[48;2;0;64;116m[38;2;101;101;101m▘[38;2;0;64;116m       [48;2;16;16;16m▊[38;2;16;16;16m [48;2;181;0;0m[38;2;54;54;54m▖[38;2;181;0;0m  [38;2;127;0;0m▗[48;2;127;0;0m[38;2;71;0;0m▃▅[48;2;71;0;0m [38;2;71;0;42m▝[48;2;71;0;42m[38;2;71;0;21m▬[48;2;71;0;0m[38;2;71;0;0m [38;2;71;0;42m▁[48;2;71;0;42m  [38;2;127;0;0m▂▅[48;2;71;0;0m[38;2;181;0;0m▆[48;2;181;0;0m    [48;2;101;101;101m▆[48;2;129;129;129m▅[48;2;101;101;101m▂[48;2;125;181;0m[38;2;116;116;0m▝[48;2;116;116;0m[38;2;181;181;0m▅[48;2;181;181;0m[38;2;125;181;0m▘[38;2;181;181;0m [38;2;116;116;0m▁[48;2;210;210;210m[38;2;129;129;129m▌[48;2;127;127;127m[38;2;210;210;210m▌[48;2;210;210;210m[38;2;127;127;127m▌[48;2;169;169;169m[38;2;210;210;210m▌[48;2;188;188;188m[38;2;158;158;158m▌[48;2;127;127;127m[38;2;188;188;188m▁▁[48;2;101;101;101m[38;2;129;129;129m▂[38;2;159;159;159m▂[48;2;159;159;159m[38;2;129;129;129m▌[48;2;127;127;127m▌[48;2;188;188;188m[38;2;127;127;127m▊[48;2;210;210;210m[38;2;210;210;210m [48;2;77;77;77m▌[0m
[48;2;0;0;0m[38;2;127;0;0m▎[38;2;16;16;16m▅[38;2;0;0;0m        [38;2;16;16;16m▄[48;2;16;16;16m[38;2;0;64;116m▂▅[48;2;0;64;116m  [48;2;0;99;181m▎[48;2;0;39;71m[38;2;129;129;129m▗[48;2;40;40;40m[38;2;101;101;101m▎[48;2;101;101;101m [48;2;129;129;129m[38;2;129;129;129m [38;2;159;159;159m▇▅▅▅[48;2;159;159;159m[38;2;129;129;129m▘[48;2;129;129;129m[38;2;159;159;159m▘[48;2;127;127;127m[38;2;0;64;116m▅[48;2;0;64;116m[38;2;0;99;181m▗[48;2;0;99;181m[38;2;0;64;116m▚[48;2;0;64;116m      [48;2;0;39;71m[38;2;16;16;16m▅[48;2;16;16;16m  [48;2;127;0;0m[38;2;90;27;27m▌[48;2;181;0;0m[38;2;127;0;0m▁[48;2;127;0;0m  [48;2;71;0;0m[38;2;181;0;0m▇▅▅▅[38;2;127;0;0m▅▖[48;2;71;0;42m[38;2;71;0;21m▬[38;2;71;0;0m▅[48;2;71;0;0m[38;2;127;0;0m━[48;2;127;0;0m [48;2;181;0;0m[38;2;181;0;0m    [38;2;127;0;0m▃▃[38;2;181;0;0m   [48;2;181;99;0m▆[48;2;116;116;0m[38;2;116;0;69m▂[48;2;125;181;0m[38;2;71;71;0m▃[48;2;116;116;0m[38;2;50;71;0m▂▁[48;2;181;181;0m[38;2;210;210;210m▝[38;2;159;159;159m▘[48;2;210;210;210m[38;2;129;129;129m▌[48;2;181;181;0m[38;2;188;188;188m▌[48;2;159;159;159m[38;2;181;181;0m▂[48;2;188;188;188m▆[48;2;206;206;206m▇[48;2;172;172;172m▇[48;2;181;181;0m [48;2;159;159;159m[38;2;144;144;144m▌[48;2;181;181;0m[38;2;170;170;79m▌[48;2;101;101;101m[38;2;181;181;0m▆[48;2;210;210;210m▅[48;2;159;159;159m[38;2;172;172;172m▆[0m
[48;2;116;58;0m[38;2;71;0;0m▝[48;2;16;16;16m[38;2;16;16;16m [48;2;0;0;0m[38;2;0;0;0m       [38;2;77;77;77m▗[48;2;0;64;116m[38;2;0;64;116m [38;2;0;39;71m▗[38;2;40;40;40m▅[38;2;129;129;129m▁[48;2;0;99;181m[38;2;0;64;116m▊[48;2;0;140;255m[38;2;0;99;181m▌[48;2;84;84;84m[38;2;129;129;129m▌[48;2;77;77;77m[38;2;40;40;40m▊[38;2;77;77;77m [48;2;127;127;127m▌[48;2;159;159;159m[38;2;159;159;159m    [38;2;188;188;188m▃[38;2;0;39;71m▝[48;2;0;39;71m[38;2;159;159;159m▄[48;2;0;64;116m[38;2;0;39;71m▂[48;2;0;99;181m[38;2;0;64;116m▅[48;2;0;64;116m[38;2;0;99;181m▬▃▁[38;2;0;64;116m  [48;2;16;16;16m▊[38;2;16;16;16m  [48;2;54;54;54m▊[48;2;127;0;0m[38;2;121;29;0m▌[38;2;71;0;0m▗[38;2;99;0;0m▌[38;2;127;0;0m   [38;2;154;0;0m╺[38;2;127;0;0m [38;2;71;0;0m▗[48;2;71;0;0m  [38;2;71;0;42m▘[38;2;71;0;0m [48;2;127;0;0m▇▅▃[38;2;127;0;0m [48;2;181;0;0m[38;2;181;0;0m [48;2;154;0;0m▌[48;2;127;0;0m[38;2;127;0;0m [48;2;181;0;0m▆▆[38;2;154;0;0m▬[38;2;181;0;0m  [48;2;116;0;69m[38;2;108;50;85m┗[48;2;54;54;54m[38;2;101;101;101m▃[48;2;81;116;0m[38;2;116;116;0m▄[48;2;125;181;0m[38;2;153;181;0m [48;2;181;99;0m[38;2;188;188;188m▄[48;2;210;210;210m[38;2;159;159;159m▘[48;2;172;172;172m[38;2;125;181;0m▗[48;2;181;181;0m▅▄▃▃[38;2;116;116;0m▅[48;2;159;159;159m[38;2;159;159;159m [48;2;116;116;0m[38;2;181;181;0m━[48;2;181;181;0m[38;2;116;116;0m▂[38;2;125;181;0m▃[48;2;159;159;159m▌[0m
[48;2;127;0;0m[38;2;127;0;0m [48;2;116;0;69m[38;2;16;16;16m▝[48;2;16;16;16m  [48;2;0;0;0m▖[38;2;0;0;0m [48;2;16;16;16m[38;2;16;16;16m [38;2;127;0;0m▃━[48;2;127;127;127m[38;2;54;54;54m▌[48;2;0;64;116m[38;2;159;159;159m▄[48;2;101;101;101m▆[48;2;159;159;159m[38;2;156;211;255m▆[38;2;159;159;159m [48;2;0;64;116m[38;2;0;81;148m [48;2;0;99;181m[38;2;0;140;255m▝[48;2;54;54;54m[38;2;129;129;129m▎[48;2;77;77;77m[38;2;77;77;77m [48;2;101;101;101m[38;2;127;127;127m▁[38;2;101;101;101m [48;2;159;159;159m[38;2;144;144;144m▌[38;2;159;159;159m [38;2;188;188;188m▃[48;2;188;188;188m [38;2;158;158;158m⎻[38;2;188;188;188m [48;2;159;159;159m[38;2;159;159;159m [48;2;129;129;129m[38;2;188;188;188m▄[48;2;0;39;71m[38;2;159;159;159m▆[48;2;0;64;116m▄▂[48;2;0;99;181m[38;2;0;99;181m [48;2;0;64;116m▘[38;2;16;16;16m▅[48;2;16;16;16m   [48;2;116;58;0m[38;2;71;33;0m▚[48;2;71;0;0m[38;2;127;0;0m▚[48;2;127;0;0m      [38;2;71;0;0m▗[48;2;71;0;0m     [38;2;71;0;42m▝[38;2;71;0;0m   [48;2;127;0;0m▌[48;2;181;0;0m[38;2;154;0;0m▬[38;2;181;0;0m [48;2;127;0;0m[38;2;127;0;0m [38;2;71;0;0m▂▅▅[38;2;71;0;42m▆[48;2;71;0;42m [48;2;77;77;77m▇[48;2;127;127;127m▃[38;2;172;172;172m▗[48;2;188;188;188m[38;2;101;101;101m▅[48;2;210;210;210m[38;2;210;210;210m [48;2;125;181;0m▅▅[38;2;54;54;54m▅[38;2;16;16;16m▅[38;2;101;101;101m▅[38;2;127;127;127m▅[48;2;159;159;159m[38;2;129;129;129m▅[48;2;127;127;127m[38;2;102;102;102m┗[48;2;181;181;0m[38;2;101;101;101m▅[48;2;125;181;0m[38;2;129;129;129m▂[48;2;159;159;159m[38;2;101;101;101m▌[0m
[48;2;127;0;0m[38;2;127;0;0m [48;2;181;0;0m▌[48;2;71;0;0m▌[48;2;16;16;16m[38;2;71;0;42m▁[38;2;71;0;0m▄[48;2;71;0;0m[38;2;71;0;42m▝[48;2;127;0;0m[38;2;71;0;0m▆[48;2;71;0;0m [48;2;40;40;40m[38;2;159;159;159m▗[48;2;188;188;188m[38;2;188;188;188m [48;2;156;211;255m[38;2;156;211;255m [38;2;172;199;221m [38;2;156;211;255m  [48;2;0;99;181m[38;2;159;159;159m▌[48;2;0;64;116m[38;2;0;99;181m▗▆[48;2;77;77;77m[38;2;77;77;77m [48;2;127;127;127m[38;2;101;101;101m▌[38;2;129;129;129m▁[48;2;159;159;159m[38;2;188;188;188m▂[48;2;188;188;188m[38;2;159;159;159m▘▃[38;2;188;188;188m [38;2;156;211;255m▁▄▆[48;2;156;211;255m  [48;2;188;188;188m▆[38;2;188;188;188m [48;2;127;127;127m[38;2;54;54;54m▁[48;2;77;77;77m[38;2;71;0;42m▆[48;2;71;0;0m[38;2;16;16;16m▝[48;2;16;16;16m[38;2;40;40;40m▖[38;2;16;16;16m [48;2;116;58;0m[38;2;71;0;0m▘[48;2;71;0;0m[38;2;127;0;0m▅[48;2;127;0;0m       [48;2;71;0;0m▘[38;2;71;0;0m         [48;2;127;0;0m[38;2;127;0;0m [48;2;181;0;0m▖[38;2;181;0;0m [48;2;71;0;0m[38;2;127;0;0m▃[38;2;71;0;0m  [38;2;127;0;0m▁[48;2;71;0;42m[38;2;181;0;0m▃▅[48;2;127;0;0m▅▆[48;2;181;0;0m [48;2;127;127;127m[38;2;116;58;0m▖[48;2;188;188;188m[38;2;188;188;188m [48;2;159;159;159m[38;2;106;106;106m┗[38;2;144;144;144m▬[38;2;101;101;101m▅[38;2;54;54;54m▃[48;2;188;188;188m[38;2;77;77;77m▃[48;2;127;127;127m[38;2;129;129;129m▎[48;2;129;129;129m[38;2;159;159;159m▁[48;2;101;101;101m[38;2;127;127;127m▌[48;2;127;127;127m[38;2;159;159;159m▅[48;2;188;188;188m[38;2;158;158;158m┗[48;2;159;159;159m[38;2;210;210;210m▃[0m
