[48;2;255;255;255m[38;2;255;255;255m [48;2;255;255;255m[38;2;255;255;255m [48;2;255;255;255m[38;2;255;255;255m [48;2;255;255;255m[38;2;255;255;255m [48;2;255;255;255m[38;2;255;255;255m [48;2;255;255;255m[38;2;255;255;255m [48;2;255;255;255m[38;2;255;255;255m [48;2;255;255;255m[38;2;255;255;255m [48;2;255;255;255m[38;2;255;255;255m [48;2;255;255;255m[38;2;255;255;255m [48;2;255;255;255m[38;2;255;255;255m [48;2;255;255;255m[38;2;255;255;255m [48;2;255;255;255m[38;2;255;255;255m [48;2;255;255;255m[38;2;255;255;255m [48;2;255;255;255m[38;2;255;255;255m [48;2;255;255;255m[38;2;255;255;255m [48;2;255;255;255m[38;2;255;255;255m [48;2;255;255;255m[38;2;255;255;255m [48;2;255;255;255m[38;2;127;127;127m [48;2;255;255;255m[38;2;0;0;0m▁[48;2;255;255;255m[38;2;0;0;0m▃[48;2;255;255;255m[38;2;0;0;0m▄[48;2;255;255;255m[38;2;0;0;0m▅[48;2;255;255;255m[38;2;0;0;0m▅[48;2;255;255;255m[38;2;0;0;0m▅[48;2;255;255;255m[38;2;0;0;0m▆[48;2;255;255;255m[38;2;0;0;0m▅[48;2;255;255;255m[38;2;0;0;0m▅[48;2;255;255;255m[38;2;0;0;0m▅[48;2;255;255;255m[38;2;0;0;0m▄[48;2;255;255;255m[38;2;0;0;0m▃[48;2;255;255;255m[38;2;0;0;0m▂[48;2;255;255;255m[38;2;127;127;127m▁[48;2;255;255;255m[38;2;255;255;255m [48;2;255;255;255m[38;2;255;255;255m [48;2;255;255;255m[38;2;255;255;255m [48;2;255;255;255m[38;2;255;255;255m [48;2;255;255;255m[38;2;255;255;255m [48;2;255;255;255m[38;2;255;255;255m [48;2;255;255;255m[38;2;255;255;255m [48;2;255;255;255m[38;2;255;255;255m [48;2;255;255;255m[38;2;255;255;255m [48;2;255;255;255m[38;2;255;255;255m [48;2;255;255;255m[38;2;255;255;255m [48;2;255;255;255m[38;2;255;255;255m [48;2;255;255;255m[38;2;255;255;255m [48;2;255;255;255m[38;2;255;255;255m [48;2;255;255;255m[38;2;255;255;255m [48;2;255;255;255m[38;2;255;255;255m [48;2;255;255;255m[38;2;255;255;255m [48;2;255;255;255m[38;2;255;255;255m [48;2;255;255;255m[38;2;255;255;255m [48;2;255;255;255m[38;2;255;255;255m [48;2;255;255;255m[38;2;255;255;255m [48;2;255;255;255m[38;2;255;255;255m [48;2;255;255;255m[38;2;255;255;255m [48;2;255;255;255m[38;2;255;255;255m [48;2;255;255;255m[38;2;255;255;255m [48;2;255;255;255m[38;2;255;255;255m [48;2;255;255;255m[38;2;255;255;255m [48;2;255;255;255m[38;2;255;255;255m [48;2;255;255;255m[38;2;255;255;255m [48;2;255;255;255m[38;2;255;255;255m [48;2;255;255;255m[38;2;255;255;255m [48;2;255;255;255m[38;2;255;255;255m [48;2;255;255;255m[38;2;255;255;255m [48;2;255;255;255m[38;2;255;255;255m [48;2;255;255;255m[38;2;255;255;255m [48;2;255;255;255m[38;2;255;255;255m [48;2;255;255;255m[38;2;255;255;255m [48;2;255;255;255m[38;2;255;255;255m [48;2;255;255;255m[38;2;255;255;255m [48;2;255;255;255m[38;2;255;255;255m [48;2;255;255;255m[38;2;255;255;255m [48;2;255;255;255m[38;2;255;255;255m [48;2;255;255;255m[38;2;255;255;255m [48;2;255;255;255m[38;2;255;255;255m [48;2;255;255;255m[38;2;255;255;255m [48;2;255;255;255m[38;2;255;255;255m [48;2;255;255;255m[38;2;255;255;255m [0m
[48;2;255;255;255m[38;2;255;255;255m [48;2;255;255;255m[38;2;255;255;255m [48;2;255;255;255m[38;2;255;255;255m [48;2;255;255;255m[38;2;255;255;255m [48;2;255;255;255m[38;2;255;255;255m [48;2;255;255;255m[38;2;255;255;255m [48;2;255;255;255m[38;2;255;255;255m [48;2;255;255;255m[38;2;255;255;255m [48;2;255;255;255m[38;2;255;255;255m [48;2;255;255;255m[38;2;255;255;255m [48;2;255;255;255m[38;2;255;255;255m [48;2;255;255;255m[38;2;255;255;255m [48;2;255;255;255m[38;2;255;255;255m [48;2;255;255;255m[38;2;255;255;255m [48;2;255;255;255m[38;2;255;255;255m [48;2;255;255;255m[38;2;63;63;63m▁[48;2;255;255;255m[38;2;0;0;0m▃[48;2;255;255;255m[38;2;0;0;0m▆[48;2;0;0;0m[38;2;191;191;191m [48;2;0;0;0m[38;2;0;0;0m [48;2;0;0;0m[38;2;0;0;0m [48;2;0;0;0m[38;2;0;0;0m [48;2;0;0;0m[38;2;0;0;0m [48;2;0;0;0m[38;2;0;147;147m [48;2;0;0;0m[38;2;0;147;147m▁[48;2;0;0;0m[38;2;63;63;63m▂[48;2;0;0;0m[38;2;63;63;63m▂[48;2;0;0;0m[38;2;0;147;147m▁[48;2;0;0;0m[38;2;63;63;63m▁[48;2;0;0;0m[38;2;0;0;0m [48;2;0;0;0m[38;2;0;0;0m [48;2;0;0;0m[38;2;0;0;0m [48;2;0;0;0m[38;2;0;0;0m [48;2;63;63;63m[38;2;0;0;0m▇[48;2;255;255;255m[38;2;0;0;0m▆[48;2;255;255;255m[38;2;0;0;0m▄[48;2;255;255;255m[38;2;0;0;0m▁[48;2;255;255;255m[38;2;191;191;191m [48;2;255;255;255m[38;2;255;255;255m [48;2;255;255;255m[38;2;255;255;255m [48;2;255;255;255m[38;2;255;255;255m [48;2;255;255;255m[38;2;255;255;255m [48;2;255;255;255m[38;2;255;255;255m [48;2;255;255;255m[38;2;255;255;255m [48;2;255;255;255m[38;2;255;255;255m [48;2;255;255;255m[38;2;255;255;255m [48;2;255;255;255m[38;2;255;255;255m [48;2;255;255;255m[38;2;255;255;255m [48;2;255;255;255m[38;2;255;255;255m [48;2;255;255;255m[38;2;255;255;255m [48;2;255;255;255m[38;2;255;255;255m [48;2;255;255;255m[38;2;255;255;255m [48;2;255;255;255m[38;2;255;255;255m [48;2;255;255;255m[38;2;255;255;255m [48;2;255;255;255m[38;2;255;255;255m [48;2;255;255;255m[38;2;255;255;255m [48;2;255;255;255m[38;2;255;255;255m [48;2;255;255;255m[38;2;255;255;255m [48;2;255;255;255m[38;2;255;255;255m [48;2;255;255;255m[38;2;255;255;255m [48;2;255;255;255m[38;2;255;255;255m [48;2;255;255;255m[38;2;255;255;255m [48;2;255;255;255m[38;2;255;255;255m [48;2;255;255;255m[38;2;255;255;255m [48;2;255;255;255m[38;2;255;255;255m [48;2;255;255;255m[38;2;255;255;255m [48;2;255;255;255m[38;2;255;255;255m [48;2;255;255;255m[38;2;255;255;255m [48;2;255;255;255m[38;2;255;255;255m [48;2;255;255;255m[38;2;255;255;255m [48;2;255;255;255m[38;2;255;255;255m [48;2;255;255;255m[38;2;255;255;255m [48;2;255;255;255m[38;2;255;255;255m [48;2;255;255;255m[38;2;255;255;255m [48;2;255;255;255m[38;2;255;255;255m [48;2;255;255;255m[38;2;255;255;255m [48;2;255;255;255m[38;2;255;255;255m [48;2;255;255;255m[38;2;255;255;255m [48;2;255;255;255m[38;2;255;255;255m [48;2;255;255;255m[38;2;255;255;255m [0m
[48;2;255;255;255m[38;2;255;255;255m [48;2;255;255;255m[38;2;255;255;255m [48;2;255;255;255m[38;2;255;255;255m [48;2;255;255;255m[38;2;255;255;255m [48;2;255;255;255m[38;2;255;255;255m [48;2;255;255;255m[38;2;255;255;255m [48;2;255;255;255m[38;2;255;255;255m [48;2;255;255;255m[38;2;255;255;255m [48;2;255;255;255m[38;2;255;255;255m [48;2;255;255;255m[38;2;255;255;255m [48;2;255;255;255m[38;2;255;255;255m [48;2;255;255;255m[38;2;255;255;255m [48;2;255;255;255m[38;2;255;255;255m [48;2;255;255;255m[38;2;63;63;63m [48;2;255;255;255m[38;2;0;0;0m▄[48;2;0;0;0m[38;2;255;255;255m▁[48;2;0;0;0m[38;2;127;127;127m [48;2;0;0;0m[38;2;0;0;0m [48;2;0;0;0m[38;2;0;0;0m [48;2;0;0;0m[38;2;0;0;0m [48;2;0;0;0m[38;2;0;0;0m [48;2;0;0;0m[38;2;136;136;136m [48;2;0;147;147m[38;2;0;0;0m▄[48;2;0;147;147m[38;2;0;0;0m▃[48;2;0;147;147m[38;2;255;255;255m▃[48;2;0;147;147m[38;2;255;255;255m▁[48;2;0;147;147m[38;2;127;201;201m [48;2;0;147;147m[38;2;0;147;147m [48;2;0;147;147m[38;2;0;147;147m [48;2;0;147;147m[38;2;31;68;68m [48;2;0;0;0m[38;2;0;147;147m▇[48;2;0;0;0m[38;2;0;147;147m▅[48;2;0;0;0m[38;2;0;147;147m▄[48;2;0;0;0m[38;2;0;147;147m▂[48;2;0;0;0m[38;2;0;147;147m▁[48;2;0;0;0m[38;2;0;36;36m [48;2;0;0;0m[38;2;0;0;0m [48;2;0;0;0m[38;2;255;255;255m [48;2;255;255;255m[38;2;0;0;0m▄[48;2;255;255;255m[38;2;0;0;0m▁[48;2;255;255;255m[38;2;255;255;255m [48;2;255;255;255m[38;2;255;255;255m [48;2;255;255;255m[38;2;255;255;255m [48;2;255;255;255m[38;2;255;255;255m [48;2;255;255;255m[38;2;255;255;255m [48;2;255;255;255m[38;2;255;255;255m [48;2;255;255;255m[38;2;255;255;255m [48;2;255;255;255m[38;2;255;255;255m [48;2;255;255;255m[38;2;255;255;255m [48;2;255;255;255m[38;2;255;255;255m [48;2;255;255;255m[38;2;255;255;255m [48;2;255;255;255m[38;2;255;255;255m [48;2;255;255;255m[38;2;255;255;255m [48;2;255;255;255m[38;2;255;255;255m [48;2;255;255;255m[38;2;255;255;255m [48;2;255;255;255m[38;2;255;255;255m [48;2;255;255;255m[38;2;255;255;255m [48;2;255;255;255m[38;2;255;255;255m [48;2;255;255;255m[38;2;255;255;255m [48;2;255;255;255m[38;2;255;255;255m [48;2;255;255;255m[38;2;255;255;255m [48;2;255;255;255m[38;2;255;255;255m [48;2;255;255;255m[38;2;255;255;255m [48;2;255;255;255m[38;2;255;255;255m [48;2;255;255;255m[38;2;255;255;255m [48;2;255;255;255m[38;2;255;255;255m [48;2;255;255;255m[38;2;255;255;255m [48;2;255;255;255m[38;2;255;255;255m [48;2;255;255;255m[38;2;255;255;255m [48;2;255;255;255m[38;2;255;255;255m [48;2;255;255;255m[38;2;255;255;255m [48;2;255;255;255m[38;2;255;255;255m [48;2;255;255;255m[38;2;255;255;255m [48;2;255;255;255m[38;2;255;255;255m [48;2;255;255;255m[38;2;255;255;255m [48;2;255;255;255m[38;2;255;255;255m [48;2;255;255;255m[38;2;255;255;255m [48;2;255;255;255m[38;2;255;255;255m [48;2;255;255;255m[38;2;255;255;255m [48;2;255;255;255m[38;2;255;255;255m [0m
[48;2;255;255;255m[38;2;255;255;255m [48;2;255;255;255m[38;2;255;255;255m [48;2;255;255;255m[38;2;255;255;255m [48;2;255;255;255m[38;2;255;255;255m [48;2;255;255;255m[38;2;255;255;255m [48;2;255;255;255m[38;2;255;255;255m [48;2;255;255;255m[38;2;255;255;255m [48;2;255;255;255m[38;2;255;255;255m [48;2;255;255;255m[38;2;255;255;255m [48;2;255;255;255m[38;2;255;255;255m [48;2;255;255;255m[38;2;255;255;255m [48;2;255;255;255m[38;2;255;255;255m [48;2;255;255;255m[38;2;255;255;255m [48;2;255;255;255m[38;2;255;255;255m [48;2;255;255;255m[38;2;255;255;255m [48;2;255;255;255m[38;2;255;255;255m [48;2;255;255;255m[38;2;191;191;191m [48;2;0;0;0m[38;2;255;255;255m▆[48;2;0;0;0m[38;2;255;255;255m▄[48;2;0;0;0m[38;2;255;255;255m▂[48;2;0;0;0m[38;2;0;0;0m [48;2;0;0;0m[38;2;0;0;0m [48;2;0;0;0m[38;2;0;0;0m [48;2;0;0;0m[38;2;0;0;0m [48;2;0;0;0m[38;2;0;0;0m [48;2;255;255;255m[38;2;0;0;0m▆[48;2;255;255;255m[38;2;0;0;0m▂[48;2;0;147;147m[38;2;255;255;255m▅[48;2;0;147;147m[38;2;255;255;255m▃[48;2;0;147;147m[38;2;255;255;255m [48;2;0;147;147m[38;2;0;147;147m [48;2;0;147;147m[38;2;0;147;147m [48;2;0;147;147m[38;2;0;147;147m [48;2;0;147;147m[38;2;0;147;147m [48;2;0;147;147m[38;2;0;147;147m [48;2;0;147;147m[38;2;0;0;0m [48;2;0;0;0m[38;2;0;147;147m▅[48;2;0;0;0m[38;2;0;147;147m▂[48;2;0;0;0m[38;2;0;110;110m [48;2;0;0;0m[38;2;191;191;191m [48;2;255;255;255m[38;2;0;0;0m▅[48;2;255;255;255m[38;2;0;0;0m▄[48;2;255;255;255m[38;2;0;0;0m▅[48;2;255;255;255m[38;2;0;0;0m▅[48;2;255;255;255m[38;2;0;0;0m▅[48;2;255;255;255m[38;2;0;0;0m▅[48;2;255;255;255m[38;2;0;0;0m▅[48;2;255;255;255m[38;2;0;0;0m▅[48;2;255;255;255m[38;2;0;0;0m▅[48;2;255;255;255m[38;2;0;0;0m▅[48;2;255;255;255m[38;2;0;0;0m▅[48;2;255;255;255m[38;2;0;0;0m▅[48;2;255;255;255m[38;2;0;0;0m▄[48;2;255;255;255m[38;2;0;0;0m▄[48;2;255;255;255m[38;2;0;0;0m▄[48;2;255;255;255m[38;2;0;0;0m▃[48;2;255;255;255m[38;2;0;0;0m▃[48;2;255;255;255m[38;2;0;0;0m▂[48;2;255;255;255m[38;2;0;0;0m▂[48;2;255;255;255m[38;2;0;0;0m▁[48;2;255;255;255m[38;2;191;191;191m [48;2;255;255;255m[38;2;255;255;255m [48;2;255;255;255m[38;2;255;255;255m [48;2;255;255;255m[38;2;255;255;255m [48;2;255;255;255m[38;2;255;255;255m [48;2;255;255;255m[38;2;255;255;255m [48;2;255;255;255m[38;2;255;255;255m [48;2;255;255;255m[38;2;255;255;255m [48;2;255;255;255m[38;2;255;255;255m [48;2;255;255;255m[38;2;255;255;255m [48;2;255;255;255m[38;2;255;255;255m [48;2;255;255;255m[38;2;255;255;255m [48;2;255;255;255m[38;2;255;255;255m [48;2;255;255;255m[38;2;255;255;255m [48;2;255;255;255m[38;2;255;255;255m [48;2;255;255;255m[38;2;255;255;255m [48;2;255;255;255m[38;2;255;255;255m [48;2;255;255;255m[38;2;255;255;255m [48;2;255;255;255m[38;2;255;255;255m [48;2;255;255;255m[38;2;255;255;255m [0m
[48;2;255;255;255m[38;2;255;255;255m [48;2;255;255;255m[38;2;255;255;255m [48;2;255;255;255m[38;2;255;255;255m [48;2;255;255;255m[38;2;255;255;255m [48;2;255;255;255m[38;2;255;255;255m [48;2;255;255;255m[38;2;255;255;255m [48;2;255;255;255m[38;2;255;255;255m [48;2;255;255;255m[38;2;255;255;255m [48;2;255;255;255m[38;2;255;255;255m [48;2;255;255;255m[38;2;255;255;255m [48;2;255;255;255m[38;2;255;255;255m [48;2;255;255;255m[38;2;255;255;255m [48;2;255;255;255m[38;2;255;255;255m [48;2;255;255;255m[38;2;255;255;255m [48;2;255;255;255m[38;2;255;255;255m [48;2;255;255;255m[38;2;255;255;255m [48;2;255;255;255m[38;2;255;255;255m [48;2;255;255;255m[38;2;255;255;255m [48;2;255;255;255m[38;2;255;255;255m [48;2;255;255;255m[38;2;255;255;255m [48;2;0;0;0m[38;2;255;255;255m▇[48;2;0;0;0m[38;2;255;255;255m▂[48;2;0;0;0m[38;2;0;0;0m [48;2;0;0;0m[38;2;0;0;0m [48;2;0;0;0m[38;2;0;0;0m [48;2;0;0;0m[38;2;0;0;0m [48;2;0;0;0m[38;2;0;0;0m [48;2;0;0;0m[38;2;255;255;255m▝[48;2;255;255;255m[38;2;191;191;191m▖[48;2;255;255;255m[38;2;191;228;228m [48;2;0;147;147m[38;2;255;255;255m▄[48;2;0;147;147m[38;2;255;255;255m [48;2;0;147;147m[38;2;0;147;147m [48;2;0;147;147m[38;2;0;147;147m [48;2;0;147;147m[38;2;0;147;147m [48;2;0;147;147m[38;2;0;147;147m [48;2;0;147;147m[38;2;0;147;147m [48;2;0;147;147m[38;2;0;147;147m [48;2;0;147;147m[38;2;0;73;73m [48;2;0;0;0m[38;2;0;147;147m▄[48;2;0;0;0m[38;2;0;147;147m▂[48;2;0;0;0m[38;2;0;147;147m▃[48;2;0;0;0m[38;2;0;147;147m▃[48;2;0;0;0m[38;2;0;147;147m▃[48;2;0;0;0m[38;2;0;147;147m▃[48;2;0;0;0m[38;2;0;147;147m▃[48;2;0;0;0m[38;2;0;147;147m▃[48;2;0;0;0m[38;2;0;147;147m▃[48;2;0;0;0m[38;2;0;147;147m▃[48;2;0;0;0m[38;2;0;147;147m▃[48;2;0;0;0m[38;2;0;147;147m▃[48;2;0;0;0m[38;2;0;147;147m▃[48;2;0;0;0m[38;2;0;147;147m▃[48;2;0;0;0m[38;2;0;147;147m▂[48;2;0;0;0m[38;2;0;147;147m▂[48;2;0;0;0m[38;2;0;147;147m▁[48;2;0;0;0m[38;2;0;147;147m▁[48;2;0;0;0m[38;2;0;73;73m▁[48;2;0;0;0m[38;2;0;36;36m [48;2;0;0;0m[38;2;0;0;0m [48;2;0;0;0m[38;2;0;0;0m [48;2;255;255;255m[38;2;0;0;0m▇[48;2;255;255;255m[38;2;0;0;0m▆[48;2;255;255;255m[38;2;0;0;0m▆[48;2;255;255;255m[38;2;0;0;0m▅[48;2;255;255;255m[38;2;0;0;0m▄[48;2;255;255;255m[38;2;0;0;0m▂[48;2;255;255;255m[38;2;0;0;0m▁[48;2;255;255;255m[38;2;127;127;127m [48;2;255;255;255m[38;2;255;255;255m [48;2;255;255;255m[38;2;255;255;255m [48;2;255;255;255m[38;2;255;255;255m [48;2;255;255;255m[38;2;255;255;255m [48;2;255;255;255m[38;2;255;255;255m [48;2;255;255;255m[38;2;255;255;255m [48;2;255;255;255m[38;2;255;255;255m [48;2;255;255;255m[38;2;255;255;255m [48;2;255;255;255m[38;2;255;255;255m [48;2;255;255;255m[38;2;255;255;255m [48;2;255;255;255m[38;2;255;255;255m [0m
[48;2;255;255;255m[38;2;255;255;255m [48;2;255;255;255m[38;2;255;255;255m [48;2;255;255;255m[38;2;255;255;255m [48;2;255;255;255m[38;2;255;255;255m [48;2;255;255;255m[38;2;255;255;255m [48;2;255;255;255m[38;2;255;255;255m [48;2;255;255;255m[38;2;255;255;255m [48;2;255;255;255m[38;2;255;255;255m [48;2;255;255;255m[38;2;255;255;255m [48;2;255;255;255m[38;2;255;255;255m [48;2;255;255;255m[38;2;255;255;255m [48;2;255;255;255m[38;2;255;255;255m [48;2;255;255;255m[38;2;255;255;255m [48;2;255;255;255m[38;2;255;255;255m [48;2;255;255;255m[38;2;255;255;255m [48;2;255;255;255m[38;2;255;255;255m [48;2;255;255;255m[38;2;255;255;255m [48;2;255;255;255m[38;2;255;255;255m [48;2;255;255;255m[38;2;255;255;255m [48;2;255;255;255m[38;2;255;255;255m [48;2;255;255;255m[38;2;255;255;255m [48;2;255;255;255m[38;2;0;0;0m▁[48;2;0;0;0m[38;2;255;255;255m [48;2;0;0;0m[38;2;0;0;0m [48;2;0;0;0m[38;2;0;0;0m [48;2;0;0;0m[38;2;0;0;0m [48;2;0;0;0m[38;2;0;0;0m [48;2;0;0;0m[38;2;0;0;0m [48;2;0;0;0m[38;2;255;255;255m [48;2;255;255;255m[38;2;0;0;0m▆[48;2;255;255;255m[38;2;0;0;0m▆[48;2;0;147;147m[38;2;0;0;0m▅[48;2;0;147;147m[38;2;0;0;0m━[48;2;0;147;147m[38;2;31;142;142m [48;2;0;147;147m[38;2;0;147;147m [48;2;0;147;147m[38;2;0;147;147m [48;2;0;147;147m[38;2;0;147;147m [48;2;0;147;147m[38;2;0;147;147m [48;2;0;147;147m[38;2;0;147;147m [48;2;0;147;147m[38;2;0;110;110m [48;2;0;147;147m[38;2;63;63;63m▁[48;2;0;147;147m[38;2;0;0;0m▁[48;2;0;147;147m[38;2;0;0;0m▂[48;2;0;147;147m[38;2;0;0;0m▂[48;2;0;147;147m[38;2;0;0;0m▂[48;2;0;147;147m[38;2;0;0;0m▃[48;2;0;147;147m[38;2;0;0;0m▃[48;2;0;147;147m[38;2;0;0;0m▃[48;2;0;147;147m[38;2;0;0;0m▃[48;2;0;147;147m[38;2;0;0;0m▃[48;2;0;147;147m[38;2;0;0;0m▂[48;2;0;147;147m[38;2;0;0;0m▅[48;2;0;147;147m[38;2;0;0;0m▅[48;2;0;147;147m[38;2;0;0;0m▄[48;2;0;147;147m[38;2;0;0;0m▃[48;2;0;147;147m[38;2;0;0;0m▂[48;2;0;147;147m[38;2;0;0;0m▁[48;2;0;147;147m[38;2;0;147;147m [48;2;0;147;147m[38;2;31;142;142m [48;2;0;0;0m[38;2;0;147;147m▇[48;2;0;147;147m[38;2;255;255;255m [48;2;0;0;0m[38;2;0;147;147m▅[48;2;0;0;0m[38;2;255;255;255m▄[48;2;0;0;0m[38;2;255;255;255m▃[48;2;0;0;0m[38;2;255;255;255m▂[48;2;0;0;0m[38;2;255;255;255m▁[48;2;0;0;0m[38;2;127;127;127m [48;2;0;0;0m[38;2;0;0;0m [48;2;0;0;0m[38;2;191;191;191m [48;2;255;255;255m[38;2;0;0;0m▇[48;2;255;255;255m[38;2;0;0;0m▅[48;2;255;255;255m[38;2;0;0;0m▄[48;2;255;255;255m[38;2;0;0;0m▂[48;2;255;255;255m[38;2;0;0;0m [48;2;255;255;255m[38;2;255;255;255m [48;2;255;255;255m[38;2;255;255;255m [48;2;255;255;255m[38;2;255;255;255m [48;2;255;255;255m[38;2;255;255;255m [48;2;255;255;255m[38;2;255;255;255m [48;2;255;255;255m[38;2;255;255;255m [0m
[48;2;255;255;255m[38;2;255;255;255m [48;2;255;255;255m[38;2;255;255;255m [48;2;255;255;255m[38;2;255;255;255m [48;2;255;255;255m[38;2;255;255;255m [48;2;255;255;255m[38;2;255;255;255m [48;2;255;255;255m[38;2;255;255;255m [48;2;255;255;255m[38;2;255;255;255m [48;2;255;255;255m[38;2;255;255;255m [48;2;255;255;255m[38;2;255;255;255m [48;2;255;255;255m[38;2;255;255;255m [48;2;255;255;255m[38;2;255;255;255m [48;2;255;255;255m[38;2;255;255;255m [48;2;255;255;255m[38;2;255;255;255m [48;2;255;255;255m[38;2;255;255;255m [48;2;255;255;255m[38;2;255;255;255m [48;2;255;255;255m[38;2;255;255;255m [48;2;255;255;255m[38;2;191;191;191m [48;2;255;255;255m[38;2;0;0;0m▂[48;2;255;255;255m[38;2;0;0;0m▃[48;2;255;255;255m[38;2;0;0;0m▅[48;2;0;0;0m[38;2;255;255;255m [48;2;0;0;0m[38;2;0;0;0m [48;2;0;0;0m[38;2;0;0;0m [48;2;0;0;0m[38;2;0;0;0m [48;2;0;0;0m[38;2;0;73;73m▁[48;2;0;0;0m[38;2;0;147;147m▂[48;2;0;0;0m[38;2;0;147;147m▃[48;2;0;0;0m[38;2;0;147;147m▅[48;2;0;0;0m[38;2;0;147;147m▆[48;2;31;105;105m[38;2;0;147;147m▇[48;2;0;147;147m[38;2;0;110;110m [48;2;0;147;147m[38;2;0;0;0m▁[48;2;0;147;147m[38;2;0;0;0m▂[48;2;0;147;147m[38;2;0;0;0m▃[48;2;0;147;147m[38;2;0;0;0m▄[48;2;0;147;147m[38;2;0;0;0m▅[48;2;0;147;147m[38;2;0;0;0m▆[48;2;0;147;147m[38;2;0;0;0m▇[48;2;0;0;0m[38;2;0;147;147m [48;2;0;0;0m[38;2;31;31;31m [48;2;0;0;0m[38;2;0;0;0m [48;2;0;0;0m[38;2;0;0;0m [48;2;0;0;0m[38;2;0;0;0m [48;2;0;0;0m[38;2;0;0;0m [48;2;0;0;0m[38;2;0;0;0m [48;2;0;0;0m[38;2;0;0;0m [48;2;0;0;0m[38;2;0;0;0m [48;2;0;0;0m[38;2;0;0;0m [48;2;0;0;0m[38;2;0;0;0m [48;2;0;0;0m[38;2;0;0;0m [48;2;0;0;0m[38;2;0;0;0m [48;2;0;0;0m[38;2;0;0;0m [48;2;0;0;0m[38;2;0;0;0m [48;2;0;0;0m[38;2;0;0;0m [48;2;0;0;0m[38;2;255;255;255m━[48;2;0;0;0m[38;2;255;255;255m▄[48;2;0;0;0m[38;2;255;255;255m▂[48;2;0;147;147m[38;2;0;0;0m▇[48;2;0;147;147m[38;2;0;0;0m▆[48;2;0;147;147m[38;2;0;0;0m▆[48;2;0;147;147m[38;2;0;0;0m▅[48;2;0;147;147m[38;2;0;0;0m▄[48;2;0;147;147m[38;2;0;0;0m▄[48;2;0;147;147m[38;2;0;0;0m▃[48;2;0;147;147m[38;2;0;0;0m▂[48;2;255;255;255m[38;2;0;147;147m▅[48;2;255;255;255m[38;2;0;147;147m▂[48;2;243;243;243m[38;2;255;255;255m▇[48;2;0;0;0m[38;2;255;255;255m▆[48;2;0;0;0m[38;2;255;255;255m▄[48;2;0;0;0m[38;2;255;255;255m▃[48;2;0;0;0m[38;2;255;255;255m▁[48;2;0;0;0m[38;2;127;127;127m [48;2;0;0;0m[38;2;63;63;63m [48;2;255;255;255m[38;2;0;0;0m▇[48;2;255;255;255m[38;2;0;0;0m▅[48;2;255;255;255m[38;2;0;0;0m▃[48;2;255;255;255m[38;2;191;191;191m▁[48;2;255;255;255m[38;2;255;255;255m [48;2;255;255;255m[38;2;255;255;255m [0m
[48;2;255;255;255m[38;2;255;255;255m [48;2;255;255;255m[38;2;255;255;255m [48;2;255;255;255m[38;2;255;255;255m [48;2;255;255;255m[38;2;255;255;255m [48;2;255;255;255m[38;2;255;255;255m [48;2;255;255;255m[38;2;255;255;255m [48;2;255;255;255m[38;2;255;255;255m [48;2;255;255;255m[38;2;255;255;255m [48;2;255;255;255m[38;2;255;255;255m [48;2;255;255;255m[38;2;255;255;255m [48;2;255;255;255m[38;2;255;255;255m [48;2;255;255;255m[38;2;255;255;255m [48;2;255;255;255m[38;2;255;255;255m [48;2;255;255;255m[38;2;191;191;191m [48;2;255;255;255m[38;2;0;0;0m▃[48;2;255;255;255m[38;2;0;0;0m▅[48;2;0;0;0m[38;2;255;255;255m [48;2;0;0;0m[38;2;0;0;0m [48;2;0;0;0m[38;2;0;0;0m [48;2;0;0;0m[38;2;0;0;0m [48;2;0;0;0m[38;2;0;147;147m [48;2;0;0;0m[38;2;0;147;147m▂[48;2;0;0;0m[38;2;0;147;147m▄[48;2;0;0;0m[38;2;0;147;147m▆[48;2;0;147;147m[38;2;0;73;73m [48;2;0;147;147m[38;2;0;110;110m [48;2;0;147;147m[38;2;0;73;73m▂[48;2;0;147;147m[38;2;0;0;0m▃[48;2;0;147;147m[38;2;0;0;0m▅[48;2;0;147;147m[38;2;0;0;0m▆[48;2;0;0;0m[38;2;0;147;147m [48;2;0;0;0m[38;2;0;0;0m [48;2;0;0;0m[38;2;0;0;0m [48;2;0;0;0m[38;2;0;0;0m [48;2;0;0;0m[38;2;0;0;0m [48;2;0;0;0m[38;2;0;0;0m [48;2;0;0;0m[38;2;0;0;0m [48;2;0;0;0m[38;2;0;0;0m [48;2;0;0;0m[38;2;0;0;0m [48;2;0;0;0m[38;2;0;0;0m [48;2;0;0;0m[38;2;0;0;0m [48;2;0;0;0m[38;2;0;0;0m [48;2;0;0;0m[38;2;0;0;0m [48;2;0;0;0m[38;2;0;0;0m [48;2;0;0;0m[38;2;0;0;0m [48;2;0;0;0m[38;2;0;0;0m [48;2;0;0;0m[38;2;0;0;0m [48;2;0;0;0m[38;2;0;0;0m [48;2;0;0;0m[38;2;63;63;63m [48;2;0;0;0m[38;2;63;63;63m▁[48;2;0;0;0m[38;2;232;232;232m▁[48;2;0;0;0m[38;2;255;255;255m▁[48;2;0;0;0m[38;2;255;255;255m▁[48;2;0;0;0m[38;2;255;255;255m▂[48;2;0;0;0m[38;2;255;255;255m▂[48;2;0;0;0m[38;2;210;210;210m [48;2;255;255;255m[38;2;0;0;0m▅[48;2;255;255;255m[38;2;0;0;0m▆[48;2;0;0;0m[38;2;116;116;116m [48;2;0;0;0m[38;2;255;255;255m▂[48;2;0;0;0m[38;2;255;255;255m▄[48;2;0;0;0m[38;2;255;255;255m▄[48;2;0;0;0m[38;2;255;255;255m▄[48;2;0;0;0m[38;2;255;255;255m▄[48;2;0;0;0m[38;2;255;255;255m▄[48;2;0;0;0m[38;2;255;255;255m▄[48;2;0;0;0m[38;2;255;255;255m▄[48;2;0;0;0m[38;2;255;255;255m▄[48;2;255;255;255m[38;2;210;210;210m▁[48;2;255;255;255m[38;2;243;243;243m▂[48;2;255;255;255m[38;2;243;243;243m▃[48;2;255;255;255m[38;2;232;232;232m▂[48;2;255;255;255m[38;2;127;127;127m [48;2;0;0;0m[38;2;255;255;255m▆[48;2;0;0;0m[38;2;255;255;255m▄[48;2;0;0;0m[38;2;0;0;0m [48;2;0;0;0m[38;2;0;0;0m [48;2;0;0;0m[38;2;255;255;255m▗[48;2;255;255;255m[38;2;255;255;255m [48;2;255;255;255m[38;2;255;255;255m [0m
[48;2;255;255;255m[38;2;255;255;255m [48;2;255;255;255m[38;2;255;255;255m [48;2;255;255;255m[38;2;255;255;255m [48;2;255;255;255m[38;2;255;255;255m [48;2;255;255;255m[38;2;255;255;255m [48;2;255;255;255m[38;2;255;255;255m [48;2;255;255;255m[38;2;255;255;255m [48;2;255;255;255m[38;2;255;255;255m [48;2;255;255;255m[38;2;255;255;255m [48;2;255;255;255m[38;2;255;255;255m [48;2;255;255;255m[38;2;255;255;255m [48;2;255;255;255m[38;2;0;0;0m▂[48;2;255;255;255m[38;2;0;0;0m▅[48;2;0;0;0m[38;2;255;255;255m [48;2;0;0;0m[38;2;0;0;0m [48;2;0;0;0m[38;2;0;0;0m [48;2;0;0;0m[38;2;0;0;0m [48;2;0;0;0m[38;2;0;147;147m [48;2;0;0;0m[38;2;0;147;147m▃[48;2;0;0;0m[38;2;0;147;147m▆[48;2;0;147;147m[38;2;0;73;73m [48;2;0;147;147m[38;2;0;110;110m [48;2;0;147;147m[38;2;0;0;0m▂[48;2;0;147;147m[38;2;0;0;0m▄[48;2;0;147;147m[38;2;0;0;0m▆[48;2;0;0;0m[38;2;0;147;147m [48;2;0;0;0m[38;2;0;0;0m [48;2;0;0;0m[38;2;0;0;0m [48;2;0;0;0m[38;2;0;0;0m [48;2;0;0;0m[38;2;0;0;0m [48;2;0;0;0m[38;2;0;0;0m [48;2;0;0;0m[38;2;0;0;0m [48;2;0;0;0m[38;2;0;0;0m [48;2;0;0;0m[38;2;0;0;0m [48;2;0;0;0m[38;2;0;0;0m [48;2;0;0;0m[38;2;0;0;0m [48;2;0;0;0m[38;2;210;210;210m [48;2;0;0;0m[38;2;210;210;210m▖[48;2;0;0;0m[38;2;0;0;0m [48;2;0;0;0m[38;2;210;210;210m▗[48;2;0;0;0m[38;2;105;105;105m [48;2;0;0;0m[38;2;0;0;0m [48;2;0;0;0m[38;2;255;255;255m▗[48;2;0;0;0m[38;2;255;255;255m▅[48;2;0;0;0m[38;2;255;255;255m▅[48;2;0;0;0m[38;2;255;255;255m▆[48;2;0;0;0m[38;2;255;255;255m▆[48;2;105;105;105m[38;2;255;255;255m▇[48;2;243;243;243m[38;2;255;255;255m▇[48;2;255;255;255m[38;2;255;255;255m [48;2;255;255;255m[38;2;255;255;255m [48;2;255;255;255m[38;2;255;255;255m [48;2;255;255;255m[38;2;255;255;255m [48;2;255;255;255m[38;2;255;255;255m [48;2;255;255;255m[38;2;179;179;179m [48;2;105;105;105m[38;2;255;255;255m▇[48;2;105;105;105m[38;2;255;255;255m▆[48;2;232;232;232m[38;2;255;255;255m▆[48;2;255;255;255m[38;2;243;243;243m [48;2;255;255;255m[38;2;255;255;255m [48;2;255;255;255m[38;2;255;255;255m [48;2;255;255;255m[38;2;255;255;255m [48;2;255;255;255m[38;2;255;255;255m [48;2;255;255;255m[38;2;255;255;255m [48;2;255;255;255m[38;2;255;255;255m [48;2;255;255;255m[38;2;255;255;255m [48;2;255;255;255m[38;2;255;255;255m [48;2;255;255;255m[38;2;221;221;221m [48;2;63;63;63m[38;2;255;255;255m▅[48;2;0;0;0m[38;2;255;255;255m▃[48;2;21;21;21m[38;2;228;228;228m▅[48;2;255;255;255m[38;2;243;243;243m▘[48;2;255;255;255m[38;2;210;210;210m▃[48;2;255;255;255m[38;2;210;210;210m▆[48;2;0;0;0m[38;2;210;210;210m▘[48;2;0;0;0m[38;2;0;0;0m [48;2;0;0;0m[38;2;255;255;255m▗[48;2;255;255;255m[38;2;191;191;191m [48;2;255;255;255m[38;2;255;255;255m [48;2;255;255;255m[38;2;255;255;255m [0m
[48;2;255;255;255m[38;2;255;255;255m [48;2;255;255;255m[38;2;255;255;255m [48;2;255;255;255m[38;2;255;255;255m [48;2;255;255;255m[38;2;255;255;255m [48;2;255;255;255m[38;2;255;255;255m [48;2;255;255;255m[38;2;255;255;255m [48;2;255;255;255m[38;2;255;255;255m [48;2;255;255;255m[38;2;255;255;255m [48;2;255;255;255m[38;2;63;63;63m [48;2;255;255;255m[38;2;0;0;0m▃[48;2;255;255;255m[38;2;0;0;0m▆[48;2;0;0;0m[38;2;0;0;0m [48;2;0;0;0m[38;2;191;191;191m▁[48;2;0;0;0m[38;2;191;191;191m▖[48;2;0;0;0m[38;2;0;147;147m [48;2;0;0;0m[38;2;0;147;147m▃[48;2;0;0;0m[38;2;0;147;147m▆[48;2;0;147;147m[38;2;0;110;110m [48;2;0;147;147m[38;2;0;110;110m [48;2;0;147;147m[38;2;0;0;0m▂[48;2;0;147;147m[38;2;0;0;0m▄[48;2;0;0;0m[38;2;0;147;147m [48;2;0;0;0m[38;2;0;0;0m [48;2;0;0;0m[38;2;0;0;0m [48;2;0;0;0m[38;2;0;0;0m [48;2;0;0;0m[38;2;0;0;0m [48;2;0;0;0m[38;2;0;0;0m [48;2;0;0;0m[38;2;0;0;0m [48;2;0;0;0m[38;2;0;0;0m [48;2;0;0;0m[38;2;0;0;0m [48;2;0;0;0m[38;2;0;0;0m [48;2;0;0;0m[38;2;0;0;0m [48;2;0;0;0m[38;2;0;0;0m [48;2;0;0;0m[38;2;210;210;210m▁[48;2;0;0;0m[38;2;210;210;210m [48;2;0;0;0m[38;2;210;210;210m [48;2;210;210;210m[38;2;105;105;105m [48;2;0;0;0m[38;2;210;210;210m [48;2;0;0;0m[38;2;210;210;210m [48;2;105;105;105m[38;2;210;210;210m▊[48;2;0;0;0m[38;2;0;0;0m [48;2;0;0;0m[38;2;255;255;255m▗[48;2;255;255;255m[38;2;243;243;243m▘[48;2;255;255;255m[38;2;255;255;255m [48;2;255;255;255m[38;2;255;255;255m [48;2;255;255;255m[38;2;255;255;255m [48;2;255;255;255m[38;2;255;255;255m [48;2;255;255;255m[38;2;255;255;255m [48;2;255;255;255m[38;2;255;255;255m [48;2;255;255;255m[38;2;243;243;243m [48;2;255;255;255m[38;2;210;210;210m▂[48;2;255;255;255m[38;2;210;210;210m▃[48;2;255;255;255m[38;2;0;0;0m▁[48;2;255;255;255m[38;2;0;0;0m▂[48;2;255;255;255m[38;2;0;0;0m▂[48;2;255;255;255m[38;2;0;0;0m▂[48;2;255;255;255m[38;2;0;0;0m▁[48;2;255;255;255m[38;2;191;191;191m [48;2;255;255;255m[38;2;0;0;0m▅[48;2;255;255;255m[38;2;0;0;0m▃[48;2;255;255;255m[38;2;0;0;0m [48;2;255;255;255m[38;2;255;255;255m [48;2;255;255;255m[38;2;255;255;255m [48;2;255;255;255m[38;2;255;255;255m [48;2;255;255;255m[38;2;255;255;255m [48;2;255;255;255m[38;2;255;255;255m [48;2;255;255;255m[38;2;255;255;255m [48;2;255;255;255m[38;2;255;255;255m [48;2;255;255;255m[38;2;232;232;232m▁[48;2;255;255;255m[38;2;210;210;210m▃[48;2;255;255;255m[38;2;210;210;210m▆[48;2;210;210;210m[38;2;232;232;232m [48;2;210;210;210m[38;2;0;0;0m▃[48;2;0;0;0m[38;2;210;210;210m [48;2;0;0;0m[38;2;255;255;255m [48;2;255;255;255m[38;2;0;0;0m▘[48;2;255;255;255m[38;2;255;255;255m [48;2;255;255;255m[38;2;255;255;255m [48;2;255;255;255m[38;2;255;255;255m [48;2;255;255;255m[38;2;255;255;255m [0m
[48;2;255;255;255m[38;2;255;255;255m [48;2;255;255;255m[38;2;255;255;255m [48;2;255;255;255m[38;2;255;255;255m [48;2;255;255;255m[38;2;255;255;255m [48;2;255;255;255m[38;2;255;255;255m [48;2;255;255;255m[38;2;255;255;255m [48;2;255;255;255m[38;2;255;255;255m [48;2;255;255;255m[38;2;0;0;0m▂[48;2;0;0;0m[38;2;255;255;255m▘[48;2;0;0;0m[38;2;0;0;0m [48;2;0;0;0m[38;2;255;255;255m▁[48;2;0;0;0m[38;2;255;255;255m▄[48;2;0;0;0m[38;2;191;191;191m▄[48;2;0;0;0m[38;2;255;255;255m▄[48;2;0;147;147m[38;2;255;255;255m [48;2;0;147;147m[38;2;0;147;147m [48;2;0;147;147m[38;2;0;0;0m▁[48;2;0;147;147m[38;2;0;0;0m▄[48;2;0;0;0m[38;2;0;147;147m [48;2;0;0;0m[38;2;0;0;0m [48;2;0;0;0m[38;2;0;0;0m [48;2;0;0;0m[38;2;0;0;0m [48;2;0;0;0m[38;2;0;0;0m [48;2;0;0;0m[38;2;0;0;0m [48;2;0;0;0m[38;2;0;0;0m [48;2;0;0;0m[38;2;0;0;0m [48;2;0;0;0m[38;2;0;0;0m [48;2;0;0;0m[38;2;0;0;0m [48;2;0;0;0m[38;2;52;52;52m [48;2;0;0;0m[38;2;210;210;210m▁[48;2;0;0;0m[38;2;210;210;210m▃[48;2;0;0;0m[38;2;210;210;210m▅[48;2;0;0;0m[38;2;210;210;210m▇[48;2;210;210;210m[38;2;255;255;255m▁[48;2;0;0;0m[38;2;210;210;210m▊[48;2;255;255;255m[38;2;0;0;0m▌[48;2;210;210;210m[38;2;232;232;232m [48;2;0;0;0m[38;2;105;105;105m [48;2;210;210;210m[38;2;0;0;0m▎[48;2;0;0;0m[38;2;210;210;210m▊[48;2;0;0;0m[38;2;0;0;0m [48;2;255;255;255m[38;2;0;0;0m▘[48;2;255;255;255m[38;2;255;255;255m [48;2;255;255;255m[38;2;255;255;255m [48;2;255;255;255m[38;2;232;232;232m▗[48;2;255;255;255m[38;2;210;210;210m▃[48;2;255;255;255m[38;2;210;210;210m▗[48;2;255;255;255m[38;2;210;210;210m▅[48;2;210;210;210m[38;2;0;0;0m▁[48;2;210;210;210m[38;2;0;0;0m▅[48;2;210;210;210m[38;2;0;0;0m▇[48;2;0;0;0m[38;2;0;0;0m [48;2;0;0;0m[38;2;0;0;0m [48;2;0;0;0m[38;2;0;0;0m [48;2;0;0;0m[38;2;0;0;0m [48;2;0;0;0m[38;2;0;0;0m [48;2;0;0;0m[38;2;0;0;0m [48;2;0;0;0m[38;2;0;0;0m [48;2;127;127;127m[38;2;0;0;0m▇[48;2;0;0;0m[38;2;0;0;0m [48;2;0;0;0m[38;2;63;63;63m [48;2;255;255;255m[38;2;0;0;0m▆[48;2;255;255;255m[38;2;0;0;0m▃[48;2;255;255;255m[38;2;191;191;191m▁[48;2;255;255;255m[38;2;232;232;232m [48;2;255;255;255m[38;2;210;210;210m▂[48;2;255;255;255m[38;2;210;210;210m▄[48;2;255;255;255m[38;2;210;210;210m▆[48;2;210;210;210m[38;2;210;210;210m [48;2;210;210;210m[38;2;210;210;210m [48;2;210;210;210m[38;2;0;0;0m▂[48;2;210;210;210m[38;2;0;0;0m▆[48;2;0;0;0m[38;2;0;0;0m [48;2;0;0;0m[38;2;255;255;255m▂[48;2;255;255;255m[38;2;0;0;0m [48;2;255;255;255m[38;2;255;255;255m [48;2;255;255;255m[38;2;255;255;255m [48;2;255;255;255m[38;2;255;255;255m [48;2;255;255;255m[38;2;255;255;255m [48;2;255;255;255m[38;2;255;255;255m [0m
[48;2;255;255;255m[38;2;255;255;255m [48;2;255;255;255m[38;2;255;255;255m [48;2;255;255;255m[38;2;255;255;255m [48;2;255;255;255m[38;2;255;255;255m [48;2;255;255;255m[38;2;255;255;255m [48;2;255;255;255m[38;2;0;0;0m [48;2;0;0;0m[38;2;255;255;255m▘[48;2;0;0;0m[38;2;0;0;0m [48;2;0;0;0m[38;2;255;255;255m▁[48;2;0;0;0m[38;2;255;255;255m▅[48;2;0;0;0m[38;2;255;255;255m▚[48;2;0;0;0m[38;2;255;255;255m▄[48;2;191;228;228m[38;2;0;147;147m▆[48;2;0;147;147m[38;2;0;110;110m [48;2;0;147;147m[38;2;0;0;0m▗[48;2;0;147;147m[38;2;0;0;0m▅[48;2;0;0;0m[38;2;0;0;0m [48;2;0;0;0m[38;2;0;0;0m [48;2;0;0;0m[38;2;0;0;0m [48;2;0;0;0m[38;2;0;0;0m [48;2;0;0;0m[38;2;0;0;0m [48;2;0;0;0m[38;2;0;0;0m [48;2;0;0;0m[38;2;0;0;0m [48;2;0;0;0m[38;2;0;0;0m [48;2;0;0;0m[38;2;0;0;0m [48;2;0;0;0m[38;2;0;0;0m [48;2;0;0;0m[38;2;255;255;255m▁[48;2;0;0;0m[38;2;255;255;255m▄[48;2;210;210;210m[38;2;255;255;255m▄[48;2;210;210;210m[38;2;255;255;255m▅[48;2;210;210;210m[38;2;255;255;255m▆[48;2;210;210;210m[38;2;255;255;255m▇[48;2;255;255;255m[38;2;243;243;243m [48;2;255;255;255m[38;2;255;255;255m [48;2;255;255;255m[38;2;105;105;105m [48;2;255;255;255m[38;2;232;232;232m▌[48;2;255;255;255m[38;2;210;210;210m▝[48;2;0;0;0m[38;2;210;210;210m▎[48;2;255;255;255m[38;2;232;232;232m▄[48;2;105;105;105m[38;2;210;210;210m▌[48;2;105;105;105m[38;2;0;0;0m▊[48;2;255;255;255m[38;2;232;232;232m [48;2;255;255;255m[38;2;255;255;255m [48;2;255;255;255m[38;2;255;255;255m [48;2;210;210;210m[38;2;255;255;255m▎[48;2;210;210;210m[38;2;255;255;255m▝[48;2;210;210;210m[38;2;255;255;255m [48;2;210;210;210m[38;2;0;0;0m▅[48;2;0;0;0m[38;2;0;0;0m [48;2;0;0;0m[38;2;0;0;0m [48;2;0;0;0m[38;2;0;0;0m [48;2;0;0;0m[38;2;0;0;0m [48;2;105;105;105m[38;2;0;0;0m▆[48;2;232;232;232m[38;2;0;0;0m▆[48;2;105;105;105m[38;2;0;0;0m▄[48;2;232;232;232m[38;2;255;255;255m▆[48;2;0;0;0m[38;2;255;255;255m▆[48;2;0;0;0m[38;2;255;255;255m▅[48;2;0;0;0m[38;2;255;255;255m▄[48;2;0;0;0m[38;2;255;255;255m▃[48;2;0;0;0m[38;2;255;255;255m▁[48;2;0;0;0m[38;2;52;52;52m [48;2;0;0;0m[38;2;0;0;0m [48;2;0;0;0m[38;2;63;63;63m [48;2;210;210;210m[38;2;0;0;0m▅[48;2;210;210;210m[38;2;0;0;0m▖[48;2;210;210;210m[38;2;210;210;210m [48;2;210;210;210m[38;2;157;157;157m [48;2;210;210;210m[38;2;0;0;0m▃[48;2;210;210;210m[38;2;0;0;0m▆[48;2;0;0;0m[38;2;0;0;0m [48;2;0;0;0m[38;2;255;255;255m▂[48;2;0;0;0m[38;2;255;255;255m▆[48;2;255;255;255m[38;2;255;255;255m [48;2;255;255;255m[38;2;255;255;255m [48;2;255;255;255m[38;2;255;255;255m [48;2;255;255;255m[38;2;255;255;255m [48;2;255;255;255m[38;2;255;255;255m [48;2;255;255;255m[38;2;255;255;255m [48;2;255;255;255m[38;2;255;255;255m [0m
[48;2;255;255;255m[38;2;255;255;255m [48;2;255;255;255m[38;2;255;255;255m [48;2;255;255;255m[38;2;255;255;255m [48;2;255;255;255m[38;2;255;255;255m [48;2;255;255;255m[38;2;0;0;0m▗[48;2;0;0;0m[38;2;255;255;255m [48;2;0;0;0m[38;2;63;63;63m [48;2;0;0;0m[38;2;255;255;255m▃[48;2;255;255;255m[38;2;191;191;191m [48;2;255;255;255m[38;2;243;243;243m▝[48;2;255;255;255m[38;2;0;147;147m▃[48;2;0;147;147m[38;2;127;201;201m [48;2;0;147;147m[38;2;0;0;0m▗[48;2;0;147;147m[38;2;0;0;0m▆[48;2;0;0;0m[38;2;0;0;0m [48;2;0;0;0m[38;2;0;0;0m [48;2;0;0;0m[38;2;0;0;0m [48;2;0;0;0m[38;2;0;0;0m [48;2;0;0;0m[38;2;0;0;0m [48;2;0;0;0m[38;2;0;0;0m [48;2;0;0;0m[38;2;0;0;0m [48;2;0;0;0m[38;2;0;0;0m [48;2;0;0;0m[38;2;0;0;0m [48;2;0;0;0m[38;2;0;0;0m [48;2;0;0;0m[38;2;31;31;31m━[48;2;0;0;0m[38;2;255;255;255m▝[48;2;255;255;255m[38;2;0;0;0m▆[48;2;255;255;255m[38;2;0;0;0m▄[48;2;0;0;0m[38;2;255;255;255m▄[48;2;255;255;255m[38;2;210;210;210m▘[48;2;255;255;255m[38;2;255;255;255m [48;2;255;255;255m[38;2;255;255;255m [48;2;255;255;255m[38;2;255;255;255m [48;2;255;255;255m[38;2;255;255;255m [48;2;255;255;255m[38;2;255;255;255m [48;2;255;255;255m[38;2;255;255;255m [48;2;255;255;255m[38;2;255;255;255m [48;2;255;255;255m[38;2;243;243;243m [48;2;255;255;255m[38;2;255;255;255m [48;2;255;255;255m[38;2;105;105;105m [48;2;255;255;255m[38;2;0;0;0m▌[48;2;255;255;255m[38;2;255;255;255m [48;2;255;255;255m[38;2;255;255;255m [48;2;255;255;255m[38;2;255;255;255m [48;2;210;210;210m[38;2;255;255;255m▎[48;2;210;210;210m[38;2;210;210;210m [48;2;210;210;210m[38;2;105;105;105m▝[48;2;0;0;0m[38;2;210;210;210m▖[48;2;0;0;0m[38;2;0;0;0m [48;2;0;0;0m[38;2;0;0;0m [48;2;0;0;0m[38;2;0;0;0m [48;2;0;0;0m[38;2;0;0;0m [48;2;0;0;0m[38;2;0;0;0m [48;2;0;0;0m[38;2;0;0;0m [48;2;0;0;0m[38;2;221;221;221m [48;2;168;168;168m[38;2;0;0;0m▇[48;2;0;0;0m[38;2;52;52;52m [48;2;255;255;255m[38;2;0;0;0m▃[48;2;255;255;255m[38;2;0;0;0m▄[48;2;255;255;255m[38;2;0;0;0m▖[48;2;255;255;255m[38;2;232;232;232m▁[48;2;255;255;255m[38;2;232;232;232m▂[48;2;0;0;0m[38;2;255;255;255m▅[48;2;0;0;0m[38;2;255;255;255m▂[48;2;0;0;0m[38;2;180;180;180m [48;2;0;0;0m[38;2;157;157;157m [48;2;210;210;210m[38;2;0;0;0m▆[48;2;0;0;0m[38;2;210;210;210m [48;2;0;0;0m[38;2;255;255;255m [48;2;0;0;0m[38;2;255;255;255m▂[48;2;0;0;0m[38;2;255;255;255m▆[48;2;255;255;255m[38;2;255;255;255m [48;2;255;255;255m[38;2;255;255;255m [48;2;255;255;255m[38;2;255;255;255m [48;2;255;255;255m[38;2;255;255;255m [48;2;255;255;255m[38;2;255;255;255m [48;2;255;255;255m[38;2;255;255;255m [48;2;255;255;255m[38;2;255;255;255m [48;2;255;255;255m[38;2;255;255;255m [48;2;255;255;255m[38;2;255;255;255m [0m
[48;2;255;255;255m[38;2;255;255;255m [48;2;255;255;255m[38;2;255;255;255m [48;2;255;255;255m[38;2;255;255;255m [48;2;255;255;255m[38;2;0;0;0m▗[48;2;0;0;0m[38;2;255;255;255m [48;2;0;0;0m[38;2;127;127;127m [48;2;255;255;255m[38;2;0;0;0m▘[48;2;255;255;255m[38;2;255;255;255m [48;2;255;255;255m[38;2;255;255;255m [48;2;0;147;147m[38;2;255;255;255m▘[48;2;0;147;147m[38;2;0;73;73m [48;2;0;147;147m[38;2;0;0;0m▅[48;2;0;0;0m[38;2;0;0;0m [48;2;0;0;0m[38;2;0;0;0m [48;2;0;0;0m[38;2;0;0;0m [48;2;0;0;0m[38;2;0;0;0m [48;2;0;0;0m[38;2;0;0;0m [48;2;0;0;0m[38;2;0;0;0m [48;2;0;0;0m[38;2;0;0;0m [48;2;0;0;0m[38;2;0;0;0m [48;2;0;0;0m[38;2;0;0;0m [48;2;0;0;0m[38;2;0;0;0m [48;2;0;0;0m[38;2;0;0;0m [48;2;0;0;0m[38;2;0;0;0m [48;2;0;0;0m[38;2;255;255;255m▂[48;2;0;0;0m[38;2;255;255;255m▅[48;2;255;255;255m[38;2;243;243;243m [48;2;255;255;255m[38;2;255;255;255m [48;2;255;255;255m[38;2;232;232;232m [48;2;255;255;255m[38;2;232;232;232m▁[48;2;255;255;255m[38;2;210;210;210m▁[48;2;255;255;255m[38;2;232;232;232m▂[48;2;255;255;255m[38;2;0;0;0m▁[48;2;255;255;255m[38;2;0;0;0m▂[48;2;255;255;255m[38;2;0;0;0m▂[48;2;255;255;255m[38;2;255;255;255m [48;2;255;255;255m[38;2;255;255;255m [48;2;255;255;255m[38;2;255;255;255m [48;2;255;255;255m[38;2;255;255;255m [48;2;255;255;255m[38;2;255;255;255m [48;2;255;255;255m[38;2;255;255;255m [48;2;255;255;255m[38;2;255;255;255m [48;2;255;255;255m[38;2;255;255;255m [48;2;255;255;255m[38;2;255;255;255m [48;2;210;210;210m[38;2;255;255;255m▎[48;2;210;210;210m[38;2;210;210;210m [48;2;210;210;210m[38;2;210;210;210m [48;2;210;210;210m[38;2;105;105;105m [48;2;0;0;0m[38;2;210;210;210m▖[48;2;0;0;0m[38;2;0;0;0m [48;2;0;0;0m[38;2;136;136;136m [48;2;0;0;0m[38;2;52;52;52m [48;2;0;0;0m[38;2;255;255;255m [48;2;0;0;0m[38;2;0;0;0m [48;2;0;0;0m[38;2;0;0;0m [48;2;0;0;0m[38;2;0;0;0m [48;2;0;0;0m[38;2;0;0;0m [48;2;0;0;0m[38;2;0;0;0m [48;2;0;0;0m[38;2;0;0;0m [48;2;191;191;191m[38;2;0;0;0m▇[48;2;0;0;0m[38;2;179;179;179m [48;2;0;0;0m[38;2;255;255;255m▝[48;2;255;255;255m[38;2;0;0;0m▅[48;2;255;255;255m[38;2;0;0;0m▆[48;2;0;0;0m[38;2;232;232;232m [48;2;0;0;0m[38;2;0;0;0m [48;2;0;0;0m[38;2;255;255;255m▁[48;2;0;0;0m[38;2;255;255;255m▄[48;2;255;255;255m[38;2;63;63;63m [48;2;255;255;255m[38;2;255;255;255m [48;2;255;255;255m[38;2;255;255;255m [48;2;255;255;255m[38;2;255;255;255m [48;2;255;255;255m[38;2;255;255;255m [48;2;255;255;255m[38;2;255;255;255m [48;2;255;255;255m[38;2;255;255;255m [48;2;255;255;255m[38;2;255;255;255m [48;2;255;255;255m[38;2;255;255;255m [48;2;255;255;255m[38;2;255;255;255m [48;2;255;255;255m[38;2;255;255;255m [48;2;255;255;255m[38;2;255;255;255m [0m
[48;2;255;255;255m[38;2;255;255;255m [48;2;255;255;255m[38;2;255;255;255m [48;2;255;255;255m[38;2;191;191;191m [48;2;0;0;0m[38;2;255;255;255m [48;2;0;0;0m[38;2;0;0;0m [48;2;255;255;255m[38;2;0;0;0m▌[48;2;255;255;255m[38;2;191;191;191m [48;2;0;0;0m[38;2;255;255;255m▄[48;2;255;255;255m[38;2;0;147;147m▄[48;2;0;147;147m[38;2;0;0;0m▗[48;2;0;0;0m[38;2;0;147;147m [48;2;0;0;0m[38;2;0;0;0m [48;2;0;0;0m[38;2;0;0;0m [48;2;0;0;0m[38;2;0;0;0m [48;2;0;0;0m[38;2;0;0;0m [48;2;0;0;0m[38;2;0;0;0m [48;2;0;0;0m[38;2;0;0;0m [48;2;0;0;0m[38;2;0;0;0m [48;2;0;0;0m[38;2;0;0;0m [48;2;0;0;0m[38;2;0;0;0m [48;2;0;0;0m[38;2;0;0;0m [48;2;0;0;0m[38;2;0;0;0m [48;2;0;0;0m[38;2;255;255;255m▂[48;2;255;255;255m[38;2;210;210;210m▄[48;2;255;255;255m[38;2;210;210;210m▄[48;2;255;255;255m[38;2;210;210;210m▅[48;2;255;255;255m[38;2;210;210;210m▆[48;2;210;210;210m[38;2;0;0;0m▁[48;2;210;210;210m[38;2;0;0;0m▃[48;2;210;210;210m[38;2;0;0;0m▅[48;2;210;210;210m[38;2;0;0;0m▆[48;2;105;105;105m[38;2;0;0;0m▇[48;2;0;0;0m[38;2;0;0;0m [48;2;0;0;0m[38;2;0;0;0m [48;2;0;0;0m[38;2;0;0;0m [48;2;255;255;255m[38;2;0;0;0m▌[48;2;255;255;255m[38;2;255;255;255m [48;2;210;210;210m[38;2;255;255;255m▊[48;2;255;255;255m[38;2;210;210;210m▅[48;2;255;255;255m[38;2;210;210;210m▃[48;2;255;255;255m[38;2;243;243;243m▁[48;2;255;255;255m[38;2;255;255;255m [48;2;255;255;255m[38;2;255;255;255m [48;2;255;255;255m[38;2;255;255;255m [48;2;255;255;255m[38;2;210;210;210m▝[48;2;210;210;210m[38;2;210;210;210m [48;2;210;210;210m[38;2;210;210;210m [48;2;210;210;210m[38;2;210;210;210m [48;2;210;210;210m[38;2;0;0;0m [48;2;0;0;0m[38;2;210;210;210m [48;2;0;0;0m[38;2;168;168;168m [48;2;255;255;255m[38;2;0;0;0m▖[48;2;0;0;0m[38;2;255;255;255m▌[48;2;0;0;0m[38;2;255;255;255m [48;2;0;0;0m[38;2;0;0;0m [48;2;0;0;0m[38;2;0;0;0m [48;2;0;0;0m[38;2;0;0;0m [48;2;0;0;0m[38;2;0;0;0m [48;2;0;0;0m[38;2;0;0;0m [48;2;0;0;0m[38;2;0;0;0m [48;2;0;0;0m[38;2;0;0;0m [48;2;0;0;0m[38;2;0;0;0m [48;2;0;0;0m[38;2;191;191;191m [48;2;0;0;0m[38;2;255;255;255m▂[48;2;0;0;0m[38;2;255;255;255m▄[48;2;63;63;63m[38;2;255;255;255m▇[48;2;255;255;255m[38;2;255;255;255m [48;2;255;255;255m[38;2;255;255;255m [48;2;255;255;255m[38;2;255;255;255m [48;2;255;255;255m[38;2;255;255;255m [48;2;255;255;255m[38;2;255;255;255m [48;2;255;255;255m[38;2;255;255;255m [48;2;255;255;255m[38;2;255;255;255m [48;2;255;255;255m[38;2;255;255;255m [48;2;255;255;255m[38;2;255;255;255m [48;2;255;255;255m[38;2;255;255;255m [48;2;255;255;255m[38;2;255;255;255m [48;2;255;255;255m[38;2;255;255;255m [48;2;255;255;255m[38;2;255;255;255m [48;2;255;255;255m[38;2;255;255;255m [0m
[48;2;255;255;255m[38;2;255;255;255m [48;2;255;255;255m[38;2;255;255;255m [48;2;0;0;0m[38;2;255;255;255m▌[48;2;0;0;0m[38;2;0;0;0m [48;2;255;255;255m[38;2;0;0;0m▊[48;2;255;255;255m[38;2;191;191;191m [48;2;0;0;0m[38;2;255;255;255m▘[48;2;255;255;255m[38;2;0;147;147m▚[48;2;0;147;147m[38;2;0;0;0m▗[48;2;0;0;0m[38;2;0;147;147m [48;2;0;0;0m[38;2;0;0;0m [48;2;0;0;0m[38;2;0;0;0m [48;2;0;0;0m[38;2;0;0;0m [48;2;0;0;0m[38;2;0;0;0m [48;2;0;0;0m[38;2;0;0;0m [48;2;0;0;0m[38;2;0;0;0m [48;2;0;0;0m[38;2;0;0;0m [48;2;0;0;0m[38;2;0;0;0m [48;2;0;0;0m[38;2;0;0;0m [48;2;0;0;0m[38;2;0;0;0m [48;2;0;0;0m[38;2;210;210;210m▁[48;2;210;210;210m[38;2;0;0;0m▘[48;2;255;255;255m[38;2;210;210;210m▇[48;2;210;210;210m[38;2;157;157;157m [48;2;210;210;210m[38;2;0;0;0m▂[48;2;210;210;210m[38;2;0;0;0m▅[48;2;105;105;105m[38;2;0;0;0m▇[48;2;0;0;0m[38;2;0;0;0m [48;2;0;0;0m[38;2;0;0;0m [48;2;0;0;0m[38;2;0;0;0m [48;2;0;0;0m[38;2;0;0;0m [48;2;0;0;0m[38;2;0;0;0m [48;2;0;0;0m[38;2;0;0;0m [48;2;0;0;0m[38;2;0;0;0m [48;2;0;0;0m[38;2;0;0;0m [48;2;0;0;0m[38;2;0;0;0m [48;2;255;255;255m[38;2;0;0;0m▄[48;2;255;255;255m[38;2;191;191;191m [48;2;0;0;0m[38;2;255;255;255m▌[48;2;210;210;210m[38;2;0;0;0m▃[48;2;210;210;210m[38;2;232;232;232m [48;2;255;255;255m[38;2;210;210;210m▆[48;2;255;255;255m[38;2;210;210;210m▄[48;2;255;255;255m[38;2;210;210;210m▃[48;2;255;255;255m[38;2;232;232;232m▁[48;2;210;210;210m[38;2;255;255;255m▃[48;2;210;210;210m[38;2;221;221;221m [48;2;210;210;210m[38;2;210;210;210m [48;2;210;210;210m[38;2;210;210;210m [48;2;210;210;210m[38;2;0;0;0m▝[48;2;0;0;0m[38;2;157;157;157m [48;2;0;0;0m[38;2;168;168;168m [48;2;255;255;255m[38;2;0;0;0m▃[48;2;0;0;0m[38;2;255;255;255m▌[48;2;0;0;0m[38;2;105;105;105m▖[48;2;0;0;0m[38;2;0;0;0m [48;2;0;0;0m[38;2;0;0;0m [48;2;0;0;0m[38;2;0;0;0m [48;2;0;0;0m[38;2;127;127;127m▁[48;2;0;0;0m[38;2;255;255;255m▂[48;2;0;0;0m[38;2;255;255;255m▄[48;2;0;0;0m[38;2;255;255;255m▆[48;2;255;255;255m[38;2;127;127;127m [48;2;255;255;255m[38;2;255;255;255m [48;2;255;255;255m[38;2;255;255;255m [48;2;255;255;255m[38;2;255;255;255m [48;2;255;255;255m[38;2;255;255;255m [48;2;255;255;255m[38;2;255;255;255m [48;2;255;255;255m[38;2;255;255;255m [48;2;255;255;255m[38;2;255;255;255m [48;2;255;255;255m[38;2;255;255;255m [48;2;255;255;255m[38;2;255;255;255m [48;2;255;255;255m[38;2;255;255;255m [48;2;255;255;255m[38;2;255;255;255m [48;2;255;255;255m[38;2;255;255;255m [48;2;255;255;255m[38;2;255;255;255m [48;2;255;255;255m[38;2;255;255;255m [48;2;255;255;255m[38;2;255;255;255m [48;2;255;255;255m[38;2;255;255;255m [48;2;255;255;255m[38;2;255;255;255m [0m
[48;2;255;255;255m[38;2;255;255;255m [48;2;255;255;255m[38;2;255;255;255m [48;2;0;0;0m[38;2;127;127;127m▎[48;2;0;0;0m[38;2;0;0;0m [48;2;255;255;255m[38;2;0;0;0m▌[48;2;0;0;0m[38;2;255;255;255m▌[48;2;255;255;255m[38;2;0;0;0m▊[48;2;30;96;96m[38;2;255;255;255m▎[48;2;0;0;0m[38;2;0;73;73m [48;2;0;0;0m[38;2;0;0;0m [48;2;0;0;0m[38;2;0;0;0m [48;2;0;0;0m[38;2;0;0;0m [48;2;0;0;0m[38;2;0;0;0m [48;2;0;0;0m[38;2;0;0;0m [48;2;0;0;0m[38;2;0;0;0m [48;2;0;0;0m[38;2;0;0;0m [48;2;0;0;0m[38;2;0;0;0m [48;2;0;0;0m[38;2;0;0;0m [48;2;0;0;0m[38;2;0;0;0m [48;2;0;0;0m[38;2;210;210;210m▗[48;2;210;210;210m[38;2;105;105;105m [48;2;210;210;210m[38;2;157;157;157m [48;2;210;210;210m[38;2;0;0;0m▃[48;2;210;210;210m[38;2;0;0;0m▇[48;2;0;0;0m[38;2;0;0;0m [48;2;0;0;0m[38;2;0;0;0m [48;2;0;0;0m[38;2;0;0;0m [48;2;0;0;0m[38;2;0;0;0m [48;2;0;0;0m[38;2;0;0;0m [48;2;0;0;0m[38;2;0;0;0m [48;2;0;0;0m[38;2;0;0;0m [48;2;0;0;0m[38;2;0;0;0m [48;2;0;0;0m[38;2;0;0;0m [48;2;0;0;0m[38;2;0;0;0m [48;2;0;0;0m[38;2;0;0;0m [48;2;0;0;0m[38;2;0;0;0m [48;2;0;0;0m[38;2;0;0;0m [48;2;0;0;0m[38;2;255;255;255m [48;2;255;255;255m[38;2;0;0;0m▖[48;2;0;0;0m[38;2;255;255;255m [48;2;0;0;0m[38;2;52;52;52m [48;2;210;210;210m[38;2;0;0;0m▄[48;2;210;210;210m[38;2;0;0;0m▁[48;2;210;210;210m[38;2;210;210;210m [48;2;210;210;210m[38;2;210;210;210m [48;2;232;232;232m[38;2;210;210;210m▇[48;2;210;210;210m[38;2;255;255;255m [48;2;210;210;210m[38;2;210;210;210m [48;2;210;210;210m[38;2;210;210;210m [48;2;210;210;210m[38;2;210;210;210m [48;2;210;210;210m[38;2;0;0;0m▝[48;2;0;0;0m[38;2;52;52;52m [48;2;0;0;0m[38;2;0;0;0m [48;2;255;255;255m[38;2;0;0;0m▅[48;2;0;0;0m[38;2;255;255;255m▄[48;2;0;0;0m[38;2;0;0;0m [48;2;0;0;0m[38;2;127;127;127m [48;2;63;63;63m[38;2;255;255;255m▇[48;2;255;255;255m[38;2;255;255;255m [48;2;255;255;255m[38;2;255;255;255m [48;2;255;255;255m[38;2;255;255;255m [48;2;255;255;255m[38;2;255;255;255m [48;2;255;255;255m[38;2;255;255;255m [48;2;255;255;255m[38;2;255;255;255m [48;2;255;255;255m[38;2;255;255;255m [48;2;255;255;255m[38;2;255;255;255m [48;2;255;255;255m[38;2;255;255;255m [48;2;255;255;255m[38;2;255;255;255m [48;2;255;255;255m[38;2;255;255;255m [48;2;255;255;255m[38;2;255;255;255m [48;2;255;255;255m[38;2;255;255;255m [48;2;255;255;255m[38;2;255;255;255m [48;2;255;255;255m[38;2;255;255;255m [48;2;255;255;255m[38;2;255;255;255m [48;2;255;255;255m[38;2;255;255;255m [48;2;255;255;255m[38;2;255;255;255m [48;2;255;255;255m[38;2;255;255;255m [48;2;255;255;255m[38;2;255;255;255m [48;2;255;255;255m[38;2;255;255;255m [48;2;255;255;255m[38;2;255;255;255m [0m
[48;2;255;255;255m[38;2;255;255;255m [48;2;255;255;255m[38;2;255;255;255m [48;2;0;0;0m[38;2;127;127;127m▎[48;2;0;0;0m[38;2;0;0;0m [48;2;255;255;255m[38;2;127;127;127m▌[48;2;0;0;0m[38;2;168;168;168m [48;2;0;0;0m[38;2;255;255;255m⎥[48;2;0;0;0m[38;2;127;127;127m [48;2;0;0;0m[38;2;0;0;0m [48;2;0;0;0m[38;2;0;0;0m [48;2;0;0;0m[38;2;0;0;0m [48;2;0;0;0m[38;2;0;0;0m [48;2;0;0;0m[38;2;0;0;0m [48;2;0;0;0m[38;2;0;0;0m [48;2;0;0;0m[38;2;0;0;0m [48;2;0;0;0m[38;2;0;0;0m [48;2;0;0;0m[38;2;0;0;0m [48;2;0;0;0m[38;2;0;0;0m [48;2;0;0;0m[38;2;210;210;210m▗[48;2;210;210;210m[38;2;157;157;157m [48;2;210;210;210m[38;2;0;0;0m▗[48;2;0;0;0m[38;2;210;210;210m [48;2;0;0;0m[38;2;0;0;0m [48;2;0;0;0m[38;2;0;0;0m [48;2;0;0;0m[38;2;0;0;0m [48;2;0;0;0m[38;2;0;0;0m [48;2;0;0;0m[38;2;0;0;0m [48;2;0;0;0m[38;2;0;0;0m [48;2;0;0;0m[38;2;0;0;0m [48;2;0;0;0m[38;2;0;0;0m [48;2;0;0;0m[38;2;0;0;0m [48;2;0;0;0m[38;2;0;0;0m [48;2;0;0;0m[38;2;0;0;0m [48;2;0;0;0m[38;2;0;0;0m [48;2;0;0;0m[38;2;0;0;0m [48;2;0;0;0m[38;2;0;0;0m [48;2;0;0;0m[38;2;0;0;0m [48;2;0;0;0m[38;2;0;0;0m [48;2;0;0;0m[38;2;0;0;0m [48;2;255;255;255m[38;2;0;0;0m▆[48;2;0;0;0m[38;2;0;0;0m [48;2;0;0;0m[38;2;0;0;0m [48;2;0;0;0m[38;2;0;0;0m [48;2;210;210;210m[38;2;0;0;0m▇[48;2;210;210;210m[38;2;0;0;0m▄[48;2;210;210;210m[38;2;0;0;0m▂[48;2;210;210;210m[38;2;52;52;52m [48;2;210;210;210m[38;2;210;210;210m [48;2;210;210;210m[38;2;210;210;210m [48;2;210;210;210m[38;2;210;210;210m [48;2;210;210;210m[38;2;210;210;210m [48;2;210;210;210m[38;2;52;52;52m▝[48;2;0;0;0m[38;2;210;210;210m▁[48;2;0;0;0m[38;2;0;0;0m [48;2;0;0;0m[38;2;232;232;232m [48;2;0;0;0m[38;2;0;0;0m [48;2;0;0;0m[38;2;0;0;0m [48;2;255;255;255m[38;2;0;0;0m▊[48;2;255;255;255m[38;2;255;255;255m [48;2;255;255;255m[38;2;255;255;255m [48;2;255;255;255m[38;2;255;255;255m [48;2;255;255;255m[38;2;255;255;255m [48;2;255;255;255m[38;2;255;255;255m [48;2;255;255;255m[38;2;255;255;255m [48;2;255;255;255m[38;2;255;255;255m [48;2;255;255;255m[38;2;255;255;255m [48;2;255;255;255m[38;2;255;255;255m [48;2;255;255;255m[38;2;255;255;255m [48;2;255;255;255m[38;2;255;255;255m [48;2;255;255;255m[38;2;255;255;255m [48;2;255;255;255m[38;2;255;255;255m [48;2;255;255;255m[38;2;255;255;255m [48;2;255;255;255m[38;2;255;255;255m [48;2;255;255;255m[38;2;255;255;255m [48;2;255;255;255m[38;2;255;255;255m [48;2;255;255;255m[38;2;255;255;255m [48;2;255;255;255m[38;2;255;255;255m [48;2;255;255;255m[38;2;255;255;255m [48;2;255;255;255m[38;2;255;255;255m [48;2;255;255;255m[38;2;255;255;255m [0m
[48;2;255;255;255m[38;2;255;255;255m [48;2;255;255;255m[38;2;255;255;255m [48;2;0;0;0m[38;2;255;255;255m▎[48;2;0;0;0m[38;2;0;0;0m [48;2;0;0;0m[38;2;127;127;127m┃[48;2;0;0;0m[38;2;0;0;0m [48;2;127;127;127m[38;2;0;0;0m▆[48;2;0;0;0m[38;2;0;0;0m [48;2;0;0;0m[38;2;0;0;0m [48;2;0;0;0m[38;2;0;0;0m [48;2;0;0;0m[38;2;0;0;0m [48;2;0;0;0m[38;2;0;147;147m▗[48;2;0;0;0m[38;2;0;147;147m▌[48;2;0;0;0m[38;2;0;0;0m [48;2;0;0;0m[38;2;0;0;0m [48;2;0;0;0m[38;2;0;0;0m [48;2;0;0;0m[38;2;0;0;0m [48;2;0;0;0m[38;2;105;105;105m [48;2;210;210;210m[38;2;105;105;105m [48;2;210;210;210m[38;2;0;0;0m▄[48;2;0;0;0m[38;2;0;0;0m [48;2;0;0;0m[38;2;0;0;0m [48;2;0;0;0m[38;2;0;0;0m [48;2;0;0;0m[38;2;0;0;0m [48;2;0;0;0m[38;2;0;0;0m [48;2;0;0;0m[38;2;0;0;0m [48;2;0;0;0m[38;2;0;0;0m [48;2;0;0;0m[38;2;127;127;127m [48;2;0;0;0m[38;2;255;255;255m▁[48;2;0;0;0m[38;2;255;255;255m▁[48;2;0;0;0m[38;2;255;255;255m▁[48;2;0;0;0m[38;2;255;255;255m▁[48;2;0;0;0m[38;2;63;63;63m [48;2;0;0;0m[38;2;0;0;0m [48;2;0;0;0m[38;2;0;0;0m [48;2;0;0;0m[38;2;0;0;0m [48;2;0;0;0m[38;2;0;0;0m [48;2;0;0;0m[38;2;0;0;0m [48;2;0;0;0m[38;2;0;0;0m [48;2;0;0;0m[38;2;0;0;0m [48;2;0;0;0m[38;2;0;0;0m [48;2;0;0;0m[38;2;0;0;0m [48;2;0;0;0m[38;2;0;0;0m [48;2;0;0;0m[38;2;0;0;0m [48;2;0;0;0m[38;2;0;0;0m [48;2;0;0;0m[38;2;0;0;0m [48;2;0;0;0m[38;2;105;105;105m [48;2;210;210;210m[38;2;0;0;0m▇[48;2;210;210;210m[38;2;0;0;0m▅[48;2;210;210;210m[38;2;0;0;0m▃[48;2;210;210;210m[38;2;0;0;0m▂[48;2;210;210;210m[38;2;0;0;0m▁[48;2;210;210;210m[38;2;157;157;157m▁[48;2;0;0;0m[38;2;210;210;210m▄[48;2;0;0;0m[38;2;105;105;105m [48;2;0;0;0m[38;2;0;0;0m [48;2;0;0;0m[38;2;0;0;0m [48;2;255;255;255m[38;2;0;0;0m▊[48;2;255;255;255m[38;2;255;255;255m [48;2;255;255;255m[38;2;255;255;255m [48;2;255;255;255m[38;2;255;255;255m [48;2;255;255;255m[38;2;255;255;255m [48;2;255;255;255m[38;2;255;255;255m [48;2;255;255;255m[38;2;255;255;255m [48;2;255;255;255m[38;2;255;255;255m [48;2;255;255;255m[38;2;255;255;255m [48;2;255;255;255m[38;2;255;255;255m [48;2;255;255;255m[38;2;255;255;255m [48;2;255;255;255m[38;2;255;255;255m [48;2;255;255;255m[38;2;255;255;255m [48;2;255;255;255m[38;2;255;255;255m [48;2;255;255;255m[38;2;255;255;255m [48;2;255;255;255m[38;2;255;255;255m [48;2;255;255;255m[38;2;255;255;255m [48;2;255;255;255m[38;2;255;255;255m [48;2;255;255;255m[38;2;255;255;255m [48;2;255;255;255m[38;2;255;255;255m [48;2;255;255;255m[38;2;255;255;255m [48;2;255;255;255m[38;2;255;255;255m [48;2;255;255;255m[38;2;255;255;255m [0m
[48;2;255;255;255m[38;2;255;255;255m [48;2;255;255;255m[38;2;255;255;255m [48;2;0;0;0m[38;2;255;255;255m▊[48;2;0;0;0m[38;2;0;0;0m [48;2;0;0;0m[38;2;0;0;0m [48;2;0;0;0m[38;2;0;0;0m [48;2;0;0;0m[38;2;0;0;0m [48;2;0;0;0m[38;2;0;0;0m [48;2;0;0;0m[38;2;0;0;0m [48;2;0;0;0m[38;2;0;0;0m [48;2;0;0;0m[38;2;0;147;147m▗[48;2;0;73;73m[38;2;0;147;147m▊[48;2;0;0;0m[38;2;0;73;73m [48;2;0;0;0m[38;2;0;0;0m [48;2;0;0;0m[38;2;0;0;0m [48;2;0;0;0m[38;2;0;0;0m [48;2;0;0;0m[38;2;0;0;0m [48;2;210;210;210m[38;2;0;0;0m▊[48;2;0;0;0m[38;2;210;210;210m▘[48;2;0;0;0m[38;2;0;0;0m [48;2;0;0;0m[38;2;0;0;0m [48;2;0;0;0m[38;2;0;0;0m [48;2;0;0;0m[38;2;63;63;63m [48;2;0;0;0m[38;2;255;255;255m▂[48;2;0;0;0m[38;2;255;255;255m▄[48;2;0;0;0m[38;2;255;255;255m▆[48;2;127;127;127m[38;2;255;255;255m▇[48;2;255;255;255m[38;2;255;255;255m [48;2;255;255;255m[38;2;255;255;255m [48;2;255;255;255m[38;2;255;255;255m [48;2;255;255;255m[38;2;255;255;255m [48;2;255;255;255m[38;2;255;255;255m [48;2;255;255;255m[38;2;191;191;191m [48;2;0;0;0m[38;2;255;255;255m▅[48;2;0;0;0m[38;2;255;255;255m▂[48;2;0;0;0m[38;2;191;191;191m [48;2;0;0;0m[38;2;0;0;0m [48;2;0;0;0m[38;2;0;0;0m [48;2;0;0;0m[38;2;0;0;0m [48;2;0;0;0m[38;2;0;0;0m [48;2;0;0;0m[38;2;255;255;255m [48;2;0;0;0m[38;2;255;255;255m▅[48;2;0;0;0m[38;2;255;255;255m▄[48;2;0;0;0m[38;2;255;255;255m▃[48;2;0;0;0m[38;2;255;255;255m▂[48;2;0;0;0m[38;2;255;255;255m▁[48;2;0;0;0m[38;2;255;255;255m [48;2;0;0;0m[38;2;0;0;0m [48;2;0;0;0m[38;2;0;0;0m [48;2;0;0;0m[38;2;0;0;0m [48;2;0;0;0m[38;2;0;0;0m [48;2;0;0;0m[38;2;0;0;0m [48;2;0;0;0m[38;2;0;0;0m [48;2;0;0;0m[38;2;0;0;0m [48;2;0;0;0m[38;2;0;0;0m [48;2;0;0;0m[38;2;0;0;0m [48;2;0;0;0m[38;2;255;255;255m [48;2;255;255;255m[38;2;0;0;0m▘[48;2;255;255;255m[38;2;255;255;255m [48;2;255;255;255m[38;2;255;255;255m [48;2;255;255;255m[38;2;255;255;255m [48;2;255;255;255m[38;2;255;255;255m [48;2;255;255;255m[38;2;255;255;255m [48;2;255;255;255m[38;2;255;255;255m [48;2;255;255;255m[38;2;255;255;255m [48;2;255;255;255m[38;2;255;255;255m [48;2;255;255;255m[38;2;255;255;255m [48;2;255;255;255m[38;2;255;255;255m [48;2;255;255;255m[38;2;255;255;255m [48;2;255;255;255m[38;2;255;255;255m [48;2;255;255;255m[38;2;255;255;255m [48;2;255;255;255m[38;2;255;255;255m [48;2;255;255;255m[38;2;255;255;255m [48;2;255;255;255m[38;2;255;255;255m [48;2;255;255;255m[38;2;255;255;255m [48;2;255;255;255m[38;2;255;255;255m [48;2;255;255;255m[38;2;255;255;255m [48;2;255;255;255m[38;2;255;255;255m [48;2;255;255;255m[38;2;255;255;255m [48;2;255;255;255m[38;2;255;255;255m [0m
[48;2;255;255;255m[38;2;255;255;255m [48;2;255;255;255m[38;2;255;255;255m [48;2;255;255;255m[38;2;127;127;127m [48;2;0;0;0m[38;2;255;255;255m▖[48;2;0;0;0m[38;2;0;0;0m [48;2;0;0;0m[38;2;0;0;0m [48;2;0;0;0m[38;2;0;0;0m [48;2;0;0;0m[38;2;0;0;0m [48;2;0;0;0m[38;2;0;0;0m [48;2;0;0;0m[38;2;0;0;0m [48;2;0;147;147m[38;2;0;73;73m▎[48;2;0;0;0m[38;2;0;147;147m▌[48;2;0;0;0m[38;2;0;0;0m [48;2;0;0;0m[38;2;0;0;0m [48;2;0;0;0m[38;2;255;255;255m [48;2;0;0;0m[38;2;0;0;0m [48;2;0;0;0m[38;2;0;0;0m [48;2;0;0;0m[38;2;0;0;0m [48;2;0;0;0m[38;2;0;0;0m [48;2;0;0;0m[38;2;0;0;0m [48;2;0;0;0m[38;2;255;255;255m▗[48;2;0;0;0m[38;2;255;255;255m▄[48;2;255;255;255m[38;2;191;191;191m [48;2;255;255;255m[38;2;255;255;255m [48;2;255;255;255m[38;2;255;255;255m [48;2;255;255;255m[38;2;255;255;255m [48;2;255;255;255m[38;2;255;255;255m [48;2;255;255;255m[38;2;255;255;255m [48;2;255;255;255m[38;2;255;255;255m [48;2;255;255;255m[38;2;255;255;255m [48;2;255;255;255m[38;2;255;255;255m [48;2;255;255;255m[38;2;255;255;255m [48;2;255;255;255m[38;2;255;255;255m [48;2;255;255;255m[38;2;255;255;255m [48;2;255;255;255m[38;2;255;255;255m [48;2;191;191;191m[38;2;255;255;255m▆[48;2;0;0;0m[38;2;255;255;255m▃[48;2;0;0;0m[38;2;191;191;191m [48;2;0;0;0m[38;2;0;0;0m [48;2;0;0;0m[38;2;0;0;0m [48;2;0;0;0m[38;2;0;0;0m [48;2;255;255;255m[38;2;255;255;255m [48;2;255;255;255m[38;2;255;255;255m [48;2;255;255;255m[38;2;255;255;255m [48;2;255;255;255m[38;2;255;255;255m [48;2;255;255;255m[38;2;255;255;255m [48;2;255;255;255m[38;2;255;255;255m [48;2;127;127;127m[38;2;255;255;255m▇[48;2;0;0;0m[38;2;255;255;255m▆[48;2;0;0;0m[38;2;255;255;255m▅[48;2;0;0;0m[38;2;255;255;255m▅[48;2;0;0;0m[38;2;255;255;255m▄[48;2;0;0;0m[38;2;255;255;255m▄[48;2;0;0;0m[38;2;255;255;255m▄[48;2;0;0;0m[38;2;255;255;255m▅[48;2;0;0;0m[38;2;255;255;255m▆[48;2;255;255;255m[38;2;255;255;255m [48;2;255;255;255m[38;2;255;255;255m [48;2;255;255;255m[38;2;255;255;255m [48;2;255;255;255m[38;2;255;255;255m [48;2;255;255;255m[38;2;255;255;255m [48;2;255;255;255m[38;2;255;255;255m [48;2;255;255;255m[38;2;255;255;255m [48;2;255;255;255m[38;2;255;255;255m [48;2;255;255;255m[38;2;255;255;255m [48;2;255;255;255m[38;2;255;255;255m [48;2;255;255;255m[38;2;255;255;255m [48;2;255;255;255m[38;2;255;255;255m [48;2;255;255;255m[38;2;255;255;255m [48;2;255;255;255m[38;2;255;255;255m [48;2;255;255;255m[38;2;255;255;255m [48;2;255;255;255m[38;2;255;255;255m [48;2;255;255;255m[38;2;255;255;255m [48;2;255;255;255m[38;2;255;255;255m [48;2;255;255;255m[38;2;255;255;255m [48;2;255;255;255m[38;2;255;255;255m [48;2;255;255;255m[38;2;255;255;255m [48;2;255;255;255m[38;2;255;255;255m [48;2;255;255;255m[38;2;255;255;255m [48;2;255;255;255m[38;2;255;255;255m [0m
[48;2;255;255;255m[38;2;255;255;255m [48;2;255;255;255m[38;2;255;255;255m [48;2;255;255;255m[38;2;255;255;255m [48;2;255;255;255m[38;2;191;191;191m▝[48;2;0;0;0m[38;2;127;127;127m [48;2;0;0;0m[38;2;0;0;0m [48;2;0;0;0m[38;2;0;0;0m [48;2;0;0;0m[38;2;0;0;0m [48;2;0;0;0m[38;2;0;0;0m [48;2;0;0;0m[38;2;0;0;0m [48;2;0;147;147m[38;2;0;147;147m [48;2;0;0;0m[38;2;0;147;147m▌[48;2;0;0;0m[38;2;0;0;0m [48;2;0;0;0m[38;2;0;0;0m [48;2;127;127;127m[38;2;255;255;255m┃[48;2;0;0;0m[38;2;127;127;127m [48;2;0;0;0m[38;2;0;0;0m [48;2;0;0;0m[38;2;0;0;0m [48;2;0;0;0m[38;2;63;63;63m [48;2;0;0;0m[38;2;255;255;255m▃[48;2;255;255;255m[38;2;63;63;63m [48;2;255;255;255m[38;2;255;255;255m [48;2;255;255;255m[38;2;255;255;255m [48;2;255;255;255m[38;2;255;255;255m [48;2;255;255;255m[38;2;255;255;255m [48;2;255;255;255m[38;2;255;255;255m [48;2;255;255;255m[38;2;255;255;255m [48;2;255;255;255m[38;2;255;255;255m [48;2;255;255;255m[38;2;255;255;255m [48;2;255;255;255m[38;2;255;255;255m [48;2;255;255;255m[38;2;255;255;255m [48;2;255;255;255m[38;2;255;255;255m [48;2;255;255;255m[38;2;255;255;255m [48;2;255;255;255m[38;2;255;255;255m [48;2;255;255;255m[38;2;255;255;255m [48;2;255;255;255m[38;2;255;255;255m [48;2;255;255;255m[38;2;255;255;255m [48;2;191;191;191m[38;2;255;255;255m▆[48;2;0;0;0m[38;2;255;255;255m▖[48;2;0;0;0m[38;2;0;0;0m [48;2;0;0;0m[38;2;127;127;127m [48;2;255;255;255m[38;2;255;255;255m [48;2;255;255;255m[38;2;255;255;255m [48;2;255;255;255m[38;2;255;255;255m [48;2;255;255;255m[38;2;255;255;255m [48;2;255;255;255m[38;2;255;255;255m [48;2;255;255;255m[38;2;255;255;255m [48;2;255;255;255m[38;2;255;255;255m [48;2;255;255;255m[38;2;255;255;255m [48;2;255;255;255m[38;2;255;255;255m [48;2;255;255;255m[38;2;255;255;255m [48;2;255;255;255m[38;2;255;255;255m [48;2;255;255;255m[38;2;255;255;255m [48;2;255;255;255m[38;2;255;255;255m [48;2;255;255;255m[38;2;255;255;255m [48;2;255;255;255m[38;2;255;255;255m [48;2;255;255;255m[38;2;255;255;255m [48;2;255;255;255m[38;2;255;255;255m [48;2;255;255;255m[38;2;255;255;255m [48;2;255;255;255m[38;2;255;255;255m [48;2;255;255;255m[38;2;255;255;255m [48;2;255;255;255m[38;2;255;255;255m [48;2;255;255;255m[38;2;255;255;255m [48;2;255;255;255m[38;2;255;255;255m [48;2;255;255;255m[38;2;255;255;255m [48;2;255;255;255m[38;2;255;255;255m [48;2;255;255;255m[38;2;255;255;255m [48;2;255;255;255m[38;2;255;255;255m [48;2;255;255;255m[38;2;255;255;255m [48;2;255;255;255m[38;2;255;255;255m [48;2;255;255;255m[38;2;255;255;255m [48;2;255;255;255m[38;2;255;255;255m [48;2;255;255;255m[38;2;255;255;255m [48;2;255;255;255m[38;2;255;255;255m [48;2;255;255;255m[38;2;255;255;255m [48;2;255;255;255m[38;2;255;255;255m [48;2;255;255;255m[38;2;255;255;255m [48;2;255;255;255m[38;2;255;255;255m [48;2;255;255;255m[38;2;255;255;255m [48;2;255;255;255m[38;2;255;255;255m [0m
[48;2;255;255;255m[38;2;255;255;255m [48;2;255;255;255m[38;2;255;255;255m [48;2;255;255;255m[38;2;255;255;255m [48;2;255;255;255m[38;2;255;255;255m [48;2;255;255;255m[38;2;0;0;0m▝[48;2;0;0;0m[38;2;255;255;255m [48;2;0;0;0m[38;2;0;0;0m [48;2;0;0;0m[38;2;0;0;0m [48;2;0;0;0m[38;2;0;0;0m [48;2;0;0;0m[38;2;0;0;0m [48;2;0;147;147m[38;2;0;73;73m▎[48;2;0;0;0m[38;2;0;147;147m▊[48;2;0;0;0m[38;2;0;0;0m [48;2;0;0;0m[38;2;0;0;0m [48;2;255;255;255m[38;2;127;127;127m▎[48;2;0;0;0m[38;2;255;255;255m▌[48;2;0;0;0m[38;2;0;0;0m [48;2;0;0;0m[38;2;63;63;63m [48;2;255;255;255m[38;2;0;0;0m▘[48;2;255;255;255m[38;2;255;255;255m [48;2;255;255;255m[38;2;255;255;255m [48;2;255;255;255m[38;2;255;255;255m [48;2;255;255;255m[38;2;255;255;255m [48;2;255;255;255m[38;2;255;255;255m [48;2;255;255;255m[38;2;255;255;255m [48;2;255;255;255m[38;2;255;255;255m [48;2;255;255;255m[38;2;255;255;255m [48;2;255;255;255m[38;2;255;255;255m [48;2;255;255;255m[38;2;255;255;255m [48;2;255;255;255m[38;2;255;255;255m [48;2;255;255;255m[38;2;255;255;255m [48;2;255;255;255m[38;2;255;255;255m [48;2;255;255;255m[38;2;255;255;255m [48;2;255;255;255m[38;2;255;255;255m [48;2;255;255;255m[38;2;255;255;255m [48;2;255;255;255m[38;2;255;255;255m [48;2;255;255;255m[38;2;255;255;255m [48;2;255;255;255m[38;2;255;255;255m [48;2;255;255;255m[38;2;255;255;255m [48;2;0;0;0m[38;2;255;255;255m▄[48;2;255;255;255m[38;2;0;0;0m▘[48;2;255;255;255m[38;2;255;255;255m [48;2;255;255;255m[38;2;255;255;255m [48;2;255;255;255m[38;2;255;255;255m [48;2;255;255;255m[38;2;255;255;255m [48;2;255;255;255m[38;2;255;255;255m [48;2;255;255;255m[38;2;255;255;255m [48;2;255;255;255m[38;2;255;255;255m [48;2;255;255;255m[38;2;255;255;255m [48;2;255;255;255m[38;2;255;255;255m [48;2;255;255;255m[38;2;255;255;255m [48;2;255;255;255m[38;2;255;255;255m [48;2;255;255;255m[38;2;255;255;255m [48;2;255;255;255m[38;2;255;255;255m [48;2;255;255;255m[38;2;255;255;255m [48;2;255;255;255m[38;2;255;255;255m [48;2;255;255;255m[38;2;255;255;255m [48;2;255;255;255m[38;2;255;255;255m [48;2;255;255;255m[38;2;255;255;255m [48;2;255;255;255m[38;2;255;255;255m [48;2;255;255;255m[38;2;255;255;255m [48;2;255;255;255m[38;2;255;255;255m [48;2;255;255;255m[38;2;255;255;255m [48;2;255;255;255m[38;2;255;255;255m [48;2;255;255;255m[38;2;255;255;255m [48;2;255;255;255m[38;2;255;255;255m [48;2;255;255;255m[38;2;255;255;255m [48;2;255;255;255m[38;2;255;255;255m [48;2;255;255;255m[38;2;255;255;255m [48;2;255;255;255m[38;2;255;255;255m [48;2;255;255;255m[38;2;255;255;255m [48;2;255;255;255m[38;2;255;255;255m [48;2;255;255;255m[38;2;255;255;255m [48;2;255;255;255m[38;2;255;255;255m [48;2;255;255;255m[38;2;255;255;255m [48;2;255;255;255m[38;2;255;255;255m [48;2;255;255;255m[38;2;255;255;255m [48;2;255;255;255m[38;2;255;255;255m [48;2;255;255;255m[38;2;255;255;255m [48;2;255;255;255m[38;2;255;255;255m [0m
[48;2;255;255;255m[38;2;255;255;255m [48;2;255;255;255m[38;2;255;255;255m [48;2;255;255;255m[38;2;255;255;255m [48;2;255;255;255m[38;2;255;255;255m [48;2;255;255;255m[38;2;255;255;255m [48;2;255;255;255m[38;2;0;0;0m [48;2;0;0;0m[38;2;255;255;255m▖[48;2;0;0;0m[38;2;0;0;0m [48;2;0;0;0m[38;2;0;0;0m [48;2;0;0;0m[38;2;0;0;0m [48;2;0;0;0m[38;2;0;147;147m [48;2;0;147;147m[38;2;0;73;73m [48;2;0;0;0m[38;2;0;147;147m▖[48;2;0;0;0m[38;2;0;0;0m [48;2;0;0;0m[38;2;255;255;255m▝[48;2;255;255;255m[38;2;255;255;255m [48;2;255;255;255m[38;2;0;0;0m▝[48;2;255;255;255m[38;2;0;0;0m▌[48;2;255;255;255m[38;2;255;255;255m [48;2;255;255;255m[38;2;0;0;0m▁[48;2;255;255;255m[38;2;0;0;0m▃[48;2;255;255;255m[38;2;0;0;0m▄[48;2;255;255;255m[38;2;0;0;0m▅[48;2;255;255;255m[38;2;0;0;0m▅[48;2;255;255;255m[38;2;0;0;0m▅[48;2;255;255;255m[38;2;0;0;0m▅[48;2;255;255;255m[38;2;0;0;0m▄[48;2;255;255;255m[38;2;0;0;0m▄[48;2;255;255;255m[38;2;0;0;0m▂[48;2;255;255;255m[38;2;191;191;191m▁[48;2;255;255;255m[38;2;255;255;255m [48;2;255;255;255m[38;2;255;255;255m [48;2;255;255;255m[38;2;255;255;255m [48;2;255;255;255m[38;2;255;255;255m [48;2;255;255;255m[38;2;255;255;255m [48;2;255;255;255m[38;2;255;255;255m [48;2;255;255;255m[38;2;255;255;255m [48;2;255;255;255m[38;2;255;255;255m [48;2;255;255;255m[38;2;255;255;255m [48;2;255;255;255m[38;2;255;255;255m [48;2;255;255;255m[38;2;255;255;255m [48;2;255;255;255m[38;2;255;255;255m [48;2;255;255;255m[38;2;255;255;255m [48;2;255;255;255m[38;2;255;255;255m [48;2;255;255;255m[38;2;255;255;255m [48;2;255;255;255m[38;2;255;255;255m [48;2;255;255;255m[38;2;255;255;255m [48;2;255;255;255m[38;2;255;255;255m [48;2;255;255;255m[38;2;255;255;255m [48;2;255;255;255m[38;2;255;255;255m [48;2;255;255;255m[38;2;255;255;255m [48;2;255;255;255m[38;2;255;255;255m [48;2;255;255;255m[38;2;255;255;255m [48;2;255;255;255m[38;2;255;255;255m [48;2;255;255;255m[38;2;255;255;255m [48;2;255;255;255m[38;2;255;255;255m [48;2;255;255;255m[38;2;255;255;255m [48;2;255;255;255m[38;2;255;255;255m [48;2;255;255;255m[38;2;255;255;255m [48;2;255;255;255m[38;2;255;255;255m [48;2;255;255;255m[38;2;255;255;255m [48;2;255;255;255m[38;2;255;255;255m [48;2;255;255;255m[38;2;255;255;255m [48;2;255;255;255m[38;2;255;255;255m [48;2;255;255;255m[38;2;255;255;255m [48;2;255;255;255m[38;2;255;255;255m [48;2;255;255;255m[38;2;255;255;255m [48;2;255;255;255m[38;2;255;255;255m [48;2;255;255;255m[38;2;255;255;255m [48;2;255;255;255m[38;2;255;255;255m [48;2;255;255;255m[38;2;255;255;255m [48;2;255;255;255m[38;2;255;255;255m [48;2;255;255;255m[38;2;255;255;255m [48;2;255;255;255m[38;2;255;255;255m [48;2;255;255;255m[38;2;255;255;255m [48;2;255;255;255m[38;2;255;255;255m [48;2;255;255;255m[38;2;255;255;255m [48;2;255;255;255m[38;2;255;255;255m [48;2;255;255;255m[38;2;255;255;255m [48;2;255;255;255m[38;2;255;255;255m [0m
[48;2;255;255;255m[38;2;255;255;255m [48;2;255;255;255m[38;2;255;255;255m [48;2;255;255;255m[38;2;255;255;255m [48;2;255;255;255m[38;2;255;255;255m [48;2;255;255;255m[38;2;255;255;255m [48;2;255;255;255m[38;2;255;255;255m [48;2;255;255;255m[38;2;191;191;191m [48;2;0;0;0m[38;2;255;255;255m▖[48;2;0;0;0m[38;2;63;63;63m [48;2;0;0;0m[38;2;0;0;0m [48;2;0;0;0m[38;2;0;0;0m [48;2;0;0;0m[38;2;0;147;147m [48;2;0;147;147m[38;2;0;0;0m▂[48;2;0;0;0m[38;2;0;147;147m▖[48;2;0;0;0m[38;2;0;0;0m [48;2;0;0;0m[38;2;255;255;255m▝[48;2;255;255;255m[38;2;127;127;127m▁[48;2;255;255;255m[38;2;0;0;0m▄[48;2;255;255;255m[38;2;0;0;0m▇[48;2;0;0;0m[38;2;0;0;0m [48;2;0;0;0m[38;2;0;0;0m [48;2;0;0;0m[38;2;0;0;0m [48;2;0;0;0m[38;2;0;0;0m [48;2;0;0;0m[38;2;0;0;0m [48;2;0;0;0m[38;2;0;0;0m [48;2;0;0;0m[38;2;0;0;0m [48;2;0;0;0m[38;2;0;0;0m [48;2;0;0;0m[38;2;0;0;0m [48;2;0;0;0m[38;2;0;0;0m [48;2;0;0;0m[38;2;63;63;63m [48;2;255;255;255m[38;2;0;0;0m▆[48;2;255;255;255m[38;2;0;0;0m▄[48;2;255;255;255m[38;2;191;191;191m▖[48;2;255;255;255m[38;2;255;255;255m [48;2;255;255;255m[38;2;255;255;255m [48;2;255;255;255m[38;2;255;255;255m [48;2;255;255;255m[38;2;255;255;255m [48;2;255;255;255m[38;2;255;255;255m [48;2;255;255;255m[38;2;255;255;255m [48;2;255;255;255m[38;2;255;255;255m [48;2;255;255;255m[38;2;255;255;255m [48;2;255;255;255m[38;2;255;255;255m [48;2;255;255;255m[38;2;255;255;255m [48;2;255;255;255m[38;2;255;255;255m [48;2;255;255;255m[38;2;255;255;255m [48;2;255;255;255m[38;2;255;255;255m [48;2;255;255;255m[38;2;255;255;255m [48;2;255;255;255m[38;2;255;255;255m [48;2;255;255;255m[38;2;255;255;255m [48;2;255;255;255m[38;2;255;255;255m [48;2;255;255;255m[38;2;255;255;255m [48;2;255;255;255m[38;2;255;255;255m [48;2;255;255;255m[38;2;255;255;255m [48;2;255;255;255m[38;2;255;255;255m [48;2;255;255;255m[38;2;255;255;255m [48;2;255;255;255m[38;2;255;255;255m [48;2;255;255;255m[38;2;255;255;255m [48;2;255;255;255m[38;2;255;255;255m [48;2;255;255;255m[38;2;255;255;255m [48;2;255;255;255m[38;2;255;255;255m [48;2;255;255;255m[38;2;255;255;255m [48;2;255;255;255m[38;2;255;255;255m [48;2;255;255;255m[38;2;255;255;255m [48;2;255;255;255m[38;2;255;255;255m [48;2;255;255;255m[38;2;255;255;255m [48;2;255;255;255m[38;2;255;255;255m [48;2;255;255;255m[38;2;255;255;255m [48;2;255;255;255m[38;2;255;255;255m [48;2;255;255;255m[38;2;255;255;255m [48;2;255;255;255m[38;2;255;255;255m [48;2;255;255;255m[38;2;255;255;255m [48;2;255;255;255m[38;2;255;255;255m [48;2;255;255;255m[38;2;255;255;255m [48;2;255;255;255m[38;2;255;255;255m [48;2;255;255;255m[38;2;255;255;255m [48;2;255;255;255m[38;2;255;255;255m [48;2;255;255;255m[38;2;255;255;255m [48;2;255;255;255m[38;2;255;255;255m [48;2;255;255;255m[38;2;255;255;255m [48;2;255;255;255m[38;2;255;255;255m [0m
[48;2;255;255;255m[38;2;255;255;255m [48;2;255;255;255m[38;2;255;255;255m [48;2;255;255;255m[38;2;255;255;255m [48;2;255;255;255m[38;2;255;255;255m [48;2;255;255;255m[38;2;255;255;255m [48;2;255;255;255m[38;2;255;255;255m [48;2;255;255;255m[38;2;255;255;255m [48;2;255;255;255m[38;2;255;255;255m [48;2;255;255;255m[38;2;0;0;0m▝[48;2;0;0;0m[38;2;255;255;255m▁[48;2;0;0;0m[38;2;0;0;0m [48;2;0;0;0m[38;2;0;0;0m [48;2;0;0;0m[38;2;0;0;0m [48;2;31;105;105m[38;2;0;0;0m▇[48;2;0;0;0m[38;2;31;68;68m [48;2;0;0;0m[38;2;0;0;0m [48;2;0;0;0m[38;2;0;0;0m [48;2;0;0;0m[38;2;0;0;0m [48;2;0;0;0m[38;2;0;0;0m [48;2;0;0;0m[38;2;0;0;0m [48;2;0;0;0m[38;2;0;0;0m [48;2;0;0;0m[38;2;0;0;0m [48;2;0;0;0m[38;2;0;0;0m [48;2;0;0;0m[38;2;0;0;0m [48;2;0;0;0m[38;2;0;0;0m [48;2;0;0;0m[38;2;255;255;255m▁[48;2;0;0;0m[38;2;255;255;255m▃[48;2;0;0;0m[38;2;255;255;255m▄[48;2;0;0;0m[38;2;255;255;255m▅[48;2;0;0;0m[38;2;255;255;255m▆[48;2;127;127;127m[38;2;255;255;255m▇[48;2;255;255;255m[38;2;232;232;232m [48;2;255;255;255m[38;2;255;255;255m [48;2;255;255;255m[38;2;255;255;255m [48;2;255;255;255m[38;2;255;255;255m [48;2;255;255;255m[38;2;255;255;255m [48;2;255;255;255m[38;2;255;255;255m [48;2;255;255;255m[38;2;255;255;255m [48;2;255;255;255m[38;2;255;255;255m [48;2;255;255;255m[38;2;255;255;255m [48;2;255;255;255m[38;2;255;255;255m [48;2;255;255;255m[38;2;255;255;255m [48;2;255;255;255m[38;2;255;255;255m [48;2;255;255;255m[38;2;255;255;255m [48;2;255;255;255m[38;2;255;255;255m [48;2;255;255;255m[38;2;255;255;255m [48;2;255;255;255m[38;2;255;255;255m [48;2;255;255;255m[38;2;255;255;255m [48;2;255;255;255m[38;2;255;255;255m [48;2;255;255;255m[38;2;255;255;255m [48;2;255;255;255m[38;2;255;255;255m [48;2;255;255;255m[38;2;255;255;255m [48;2;255;255;255m[38;2;255;255;255m [48;2;255;255;255m[38;2;255;255;255m [48;2;255;255;255m[38;2;255;255;255m [48;2;255;255;255m[38;2;255;255;255m [48;2;255;255;255m[38;2;255;255;255m [48;2;255;255;255m[38;2;255;255;255m [48;2;255;255;255m[38;2;255;255;255m [48;2;255;255;255m[38;2;255;255;255m [48;2;255;255;255m[38;2;255;255;255m [48;2;255;255;255m[38;2;255;255;255m [48;2;255;255;255m[38;2;255;255;255m [48;2;255;255;255m[38;2;255;255;255m [48;2;255;255;255m[38;2;255;255;255m [48;2;255;255;255m[38;2;255;255;255m [48;2;255;255;255m[38;2;255;255;255m [48;2;255;255;255m[38;2;255;255;255m [48;2;255;255;255m[38;2;255;255;255m [48;2;255;255;255m[38;2;255;255;255m [48;2;255;255;255m[38;2;255;255;255m [48;2;255;255;255m[38;2;255;255;255m [48;2;255;255;255m[38;2;255;255;255m [48;2;255;255;255m[38;2;255;255;255m [48;2;255;255;255m[38;2;255;255;255m [48;2;255;255;255m[38;2;255;255;255m [48;2;255;255;255m[38;2;255;255;255m [48;2;255;255;255m[38;2;255;255;255m [48;2;255;255;255m[38;2;255;255;255m [48;2;255;255;255m[38;2;255;255;255m [0m
[48;2;255;255;255m[38;2;255;255;255m [48;2;255;255;255m[38;2;255;255;255m [48;2;255;255;255m[38;2;255;255;255m [48;2;255;255;255m[38;2;255;255;255m [48;2;255;255;255m[38;2;255;255;255m [48;2;255;255;255m[38;2;255;255;255m [48;2;255;255;255m[38;2;255;255;255m [48;2;255;255;255m[38;2;255;255;255m [48;2;255;255;255m[38;2;255;255;255m [48;2;255;255;255m[38;2;63;63;63m [48;2;0;0;0m[38;2;255;255;255m▄[48;2;0;0;0m[38;2;255;255;255m [48;2;0;0;0m[38;2;0;0;0m [48;2;0;0;0m[38;2;0;0;0m [48;2;0;0;0m[38;2;0;0;0m [48;2;0;0;0m[38;2;0;0;0m [48;2;0;0;0m[38;2;0;0;0m [48;2;0;0;0m[38;2;0;0;0m [48;2;0;0;0m[38;2;0;0;0m [48;2;0;0;0m[38;2;0;0;0m [48;2;0;0;0m[38;2;0;0;0m [48;2;0;0;0m[38;2;0;0;0m [48;2;0;0;0m[38;2;255;255;255m▁[48;2;0;0;0m[38;2;255;255;255m▄[48;2;191;191;191m[38;2;255;255;255m▇[48;2;255;255;255m[38;2;255;255;255m [48;2;255;255;255m[38;2;255;255;255m [48;2;255;255;255m[38;2;255;255;255m [48;2;255;255;255m[38;2;255;255;255m [48;2;255;255;255m[38;2;255;255;255m [48;2;255;255;255m[38;2;255;255;255m [48;2;255;255;255m[38;2;255;255;255m [48;2;255;255;255m[38;2;255;255;255m [48;2;255;255;255m[38;2;255;255;255m [48;2;255;255;255m[38;2;255;255;255m [48;2;255;255;255m[38;2;255;255;255m [48;2;255;255;255m[38;2;255;255;255m [48;2;255;255;255m[38;2;255;255;255m [48;2;255;255;255m[38;2;255;255;255m [48;2;255;255;255m[38;2;255;255;255m [48;2;255;255;255m[38;2;255;255;255m [48;2;255;255;255m[38;2;255;255;255m [48;2;255;255;255m[38;2;255;255;255m [48;2;255;255;255m[38;2;255;255;255m [48;2;255;255;255m[38;2;255;255;255m [48;2;255;255;255m[38;2;255;255;255m [48;2;255;255;255m[38;2;255;255;255m [48;2;255;255;255m[38;2;255;255;255m [48;2;255;255;255m[38;2;255;255;255m [48;2;255;255;255m[38;2;255;255;255m [48;2;255;255;255m[38;2;255;255;255m [48;2;255;255;255m[38;2;255;255;255m [48;2;255;255;255m[38;2;255;255;255m [48;2;255;255;255m[38;2;255;255;255m [48;2;255;255;255m[38;2;255;255;255m [48;2;255;255;255m[38;2;255;255;255m [48;2;255;255;255m[38;2;255;255;255m [48;2;255;255;255m[38;2;255;255;255m [48;2;255;255;255m[38;2;255;255;255m [48;2;255;255;255m[38;2;255;255;255m [48;2;255;255;255m[38;2;255;255;255m [48;2;255;255;255m[38;2;255;255;255m [48;2;255;255;255m[38;2;255;255;255m [48;2;255;255;255m[38;2;255;255;255m [48;2;255;255;255m[38;2;255;255;255m [48;2;255;255;255m[38;2;255;255;255m [48;2;255;255;255m[38;2;255;255;255m [48;2;255;255;255m[38;2;255;255;255m [48;2;255;255;255m[38;2;255;255;255m [48;2;255;255;255m[38;2;255;255;255m [48;2;255;255;255m[38;2;255;255;255m [48;2;255;255;255m[38;2;255;255;255m [48;2;255;255;255m[38;2;255;255;255m [48;2;255;255;255m[38;2;255;255;255m [48;2;255;255;255m[38;2;255;255;255m [48;2;255;255;255m[38;2;255;255;255m [48;2;255;255;255m[38;2;255;255;255m [48;2;255;255;255m[38;2;255;255;255m [48;2;255;255;255m[38;2;255;255;255m [48;2;255;255;255m[38;2;255;255;255m [0m
[48;2;255;255;255m[38;2;255;255;255m [48;2;255;255;255m[38;2;255;255;255m [48;2;255;255;255m[38;2;255;255;255m [48;2;255;255;255m[38;2;255;255;255m [48;2;255;255;255m[38;2;255;255;255m [48;2;255;255;255m[38;2;255;255;255m [48;2;255;255;255m[38;2;255;255;255m [48;2;255;255;255m[38;2;255;255;255m [48;2;255;255;255m[38;2;255;255;255m [48;2;255;255;255m[38;2;255;255;255m [48;2;255;255;255m[38;2;255;255;255m [48;2;255;255;255m[38;2;191;191;191m [48;2;0;0;0m[38;2;255;255;255m▄[48;2;0;0;0m[38;2;255;255;255m [48;2;0;0;0m[38;2;0;0;0m [48;2;0;0;0m[38;2;0;0;0m [48;2;0;0;0m[38;2;0;0;0m [48;2;0;0;0m[38;2;0;0;0m [48;2;0;0;0m[38;2;0;0;0m [48;2;0;0;0m[38;2;0;0;0m [48;2;0;0;0m[38;2;255;255;255m [48;2;255;255;255m[38;2;0;0;0m▘[48;2;255;255;255m[38;2;255;255;255m [48;2;255;255;255m[38;2;255;255;255m [48;2;255;255;255m[38;2;255;255;255m [48;2;255;255;255m[38;2;255;255;255m [48;2;255;255;255m[38;2;255;255;255m [48;2;255;255;255m[38;2;255;255;255m [48;2;255;255;255m[38;2;255;255;255m [48;2;255;255;255m[38;2;255;255;255m [48;2;255;255;255m[38;2;255;255;255m [48;2;255;255;255m[38;2;255;255;255m [48;2;255;255;255m[38;2;255;255;255m [48;2;255;255;255m[38;2;255;255;255m [48;2;255;255;255m[38;2;255;255;255m [48;2;255;255;255m[38;2;255;255;255m [48;2;255;255;255m[38;2;255;255;255m [48;2;255;255;255m[38;2;255;255;255m [48;2;255;255;255m[38;2;255;255;255m [48;2;255;255;255m[38;2;255;255;255m [48;2;255;255;255m[38;2;255;255;255m [48;2;255;255;255m[38;2;255;255;255m [48;2;255;255;255m[38;2;255;255;255m [48;2;255;255;255m[38;2;255;255;255m [48;2;255;255;255m[38;2;255;255;255m [48;2;255;255;255m[38;2;255;255;255m [48;2;255;255;255m[38;2;255;255;255m [48;2;255;255;255m[38;2;255;255;255m [48;2;255;255;255m[38;2;255;255;255m [48;2;255;255;255m[38;2;255;255;255m [48;2;255;255;255m[38;2;255;255;255m [48;2;255;255;255m[38;2;255;255;255m [48;2;255;255;255m[38;2;255;255;255m [48;2;255;255;255m[38;2;255;255;255m [48;2;255;255;255m[38;2;255;255;255m [48;2;255;255;255m[38;2;255;255;255m [48;2;255;255;255m[38;2;255;255;255m [48;2;255;255;255m[38;2;255;255;255m [48;2;255;255;255m[38;2;255;255;255m [48;2;255;255;255m[38;2;255;255;255m [48;2;255;255;255m[38;2;255;255;255m [48;2;255;255;255m[38;2;255;255;255m [48;2;255;255;255m[38;2;255;255;255m [48;2;255;255;255m[38;2;255;255;255m [48;2;255;255;255m[38;2;255;255;255m [48;2;255;255;255m[38;2;255;255;255m [48;2;255;255;255m[38;2;255;255;255m [48;2;255;255;255m[38;2;255;255;255m [48;2;255;255;255m[38;2;255;255;255m [48;2;255;255;255m[38;2;255;255;255m [48;2;255;255;255m[38;2;255;255;255m [48;2;255;255;255m[38;2;255;255;255m [48;2;255;255;255m[38;2;255;255;255m [48;2;255;255;255m[38;2;255;255;255m [48;2;255;255;255m[38;2;255;255;255m [48;2;255;255;255m[38;2;255;255;255m [48;2;255;255;255m[38;2;255;255;255m [48;2;255;255;255m[38;2;255;255;255m [48;2;255;255;255m[38;2;255;255;255m [48;2;255;255;255m[38;2;255;255;255m [0m
[48;2;255;255;255m[38;2;255;255;255m [48;2;255;255;255m[38;2;255;255;255m [48;2;255;255;255m[38;2;255;255;255m [48;2;255;255;255m[38;2;255;255;255m [48;2;255;255;255m[38;2;255;255;255m [48;2;255;255;255m[38;2;255;255;255m [48;2;255;255;255m[38;2;255;255;255m [48;2;255;255;255m[38;2;255;255;255m [48;2;255;255;255m[38;2;255;255;255m [48;2;255;255;255m[38;2;255;255;255m [48;2;255;255;255m[38;2;255;255;255m [48;2;255;255;255m[38;2;255;255;255m [48;2;255;255;255m[38;2;255;255;255m [48;2;255;255;255m[38;2;191;191;191m [48;2;0;0;0m[38;2;255;255;255m [48;2;0;0;0m[38;2;0;0;0m [48;2;0;0;0m[38;2;0;0;0m [48;2;0;0;0m[38;2;0;0;0m [48;2;0;0;0m[38;2;0;0;0m [48;2;0;0;0m[38;2;0;0;0m [48;2;255;255;255m[38;2;0;0;0m▊[48;2;255;255;255m[38;2;255;255;255m [48;2;255;255;255m[38;2;255;255;255m [48;2;255;255;255m[38;2;255;255;255m [48;2;255;255;255m[38;2;255;255;255m [48;2;255;255;255m[38;2;255;255;255m [48;2;255;255;255m[38;2;255;255;255m [48;2;255;255;255m[38;2;255;255;255m [48;2;255;255;255m[38;2;255;255;255m [48;2;255;255;255m[38;2;255;255;255m [48;2;255;255;255m[38;2;255;255;255m [48;2;255;255;255m[38;2;255;255;255m [48;2;255;255;255m[38;2;255;255;255m [48;2;255;255;255m[38;2;255;255;255m [48;2;255;255;255m[38;2;255;255;255m [48;2;255;255;255m[38;2;255;255;255m [48;2;255;255;255m[38;2;255;255;255m [48;2;255;255;255m[38;2;255;255;255m [48;2;255;255;255m[38;2;255;255;255m [48;2;255;255;255m[38;2;255;255;255m [48;2;255;255;255m[38;2;255;255;255m [48;2;255;255;255m[38;2;255;255;255m [48;2;255;255;255m[38;2;255;255;255m [48;2;255;255;255m[38;2;255;255;255m [48;2;255;255;255m[38;2;255;255;255m [48;2;255;255;255m[38;2;255;255;255m [48;2;255;255;255m[38;2;255;255;255m [48;2;255;255;255m[38;2;255;255;255m [48;2;255;255;255m[38;2;255;255;255m [48;2;255;255;255m[38;2;255;255;255m [48;2;255;255;255m[38;2;255;255;255m [48;2;255;255;255m[38;2;255;255;255m [48;2;255;255;255m[38;2;255;255;255m [48;2;255;255;255m[38;2;255;255;255m [48;2;255;255;255m[38;2;255;255;255m [48;2;255;255;255m[38;2;255;255;255m [48;2;255;255;255m[38;2;255;255;255m [48;2;255;255;255m[38;2;255;255;255m [48;2;255;255;255m[38;2;255;255;255m [48;2;255;255;255m[38;2;255;255;255m [48;2;255;255;255m[38;2;255;255;255m [48;2;255;255;255m[38;2;255;255;255m [48;2;255;255;255m[38;2;255;255;255m [48;2;255;255;255m[38;2;255;255;255m [48;2;255;255;255m[38;2;255;255;255m [48;2;255;255;255m[38;2;255;255;255m [48;2;255;255;255m[38;2;255;255;255m [48;2;255;255;255m[38;2;255;255;255m [48;2;255;255;255m[38;2;255;255;255m [48;2;255;255;255m[38;2;255;255;255m [48;2;255;255;255m[38;2;255;255;255m [48;2;255;255;255m[38;2;255;255;255m [48;2;255;255;255m[38;2;255;255;255m [48;2;255;255;255m[38;2;255;255;255m [48;2;255;255;255m[38;2;255;255;255m [48;2;255;255;255m[38;2;255;255;255m [48;2;255;255;255m[38;2;255;255;255m [48;2;255;255;255m[38;2;255;255;255m [48;2;255;255;255m[38;2;255;255;255m [48;2;255;255;255m[38;2;255;255;255m [0m
[48;2;255;255;255m[38;2;255;255;255m [48;2;255;255;255m[38;2;255;255;255m [48;2;255;255;255m[38;2;255;255;255m [48;2;255;255;255m[38;2;255;255;255m [48;2;255;255;255m[38;2;255;255;255m [48;2;255;255;255m[38;2;255;255;255m [48;2;255;255;255m[38;2;255;255;255m [48;2;255;255;255m[38;2;255;255;255m [48;2;255;255;255m[38;2;255;255;255m [48;2;255;255;255m[38;2;255;255;255m [48;2;255;255;255m[38;2;255;255;255m [48;2;255;255;255m[38;2;255;255;255m [48;2;255;255;255m[38;2;255;255;255m [48;2;255;255;255m[38;2;255;255;255m [48;2;255;255;255m[38;2;0;0;0m▝[48;2;0;0;0m[38;2;63;63;63m [48;2;0;0;0m[38;2;0;0;0m [48;2;0;0;0m[38;2;0;0;0m [48;2;0;0;0m[38;2;0;0;0m [48;2;0;0;0m[38;2;0;0;0m [48;2;0;0;0m[38;2;255;255;255m [48;2;255;255;255m[38;2;127;127;127m [48;2;255;255;255m[38;2;255;255;255m [48;2;255;255;255m[38;2;255;255;255m [48;2;255;255;255m[38;2;255;255;255m [48;2;255;255;255m[38;2;255;255;255m [48;2;255;255;255m[38;2;255;255;255m [48;2;255;255;255m[38;2;255;255;255m [48;2;255;255;255m[38;2;255;255;255m [48;2;255;255;255m[38;2;255;255;255m [48;2;255;255;255m[38;2;255;255;255m [48;2;255;255;255m[38;2;255;255;255m [48;2;255;255;255m[38;2;255;255;255m [48;2;255;255;255m[38;2;255;255;255m [48;2;255;255;255m[38;2;255;255;255m [48;2;255;255;255m[38;2;255;255;255m [48;2;255;255;255m[38;2;255;255;255m [48;2;255;255;255m[38;2;255;255;255m [48;2;255;255;255m[38;2;255;255;255m [48;2;255;255;255m[38;2;255;255;255m [48;2;255;255;255m[38;2;255;255;255m [48;2;255;255;255m[38;2;255;255;255m [48;2;255;255;255m[38;2;255;255;255m [48;2;255;255;255m[38;2;255;255;255m [48;2;255;255;255m[38;2;255;255;255m [48;2;255;255;255m[38;2;255;255;255m [48;2;255;255;255m[38;2;255;255;255m [48;2;255;255;255m[38;2;255;255;255m [48;2;255;255;255m[38;2;255;255;255m [48;2;255;255;255m[38;2;255;255;255m [48;2;255;255;255m[38;2;255;255;255m [48;2;255;255;255m[38;2;255;255;255m [48;2;255;255;255m[38;2;255;255;255m [48;2;255;255;255m[38;2;255;255;255m [48;2;255;255;255m[38;2;255;255;255m [48;2;255;255;255m[38;2;255;255;255m [48;2;255;255;255m[38;2;255;255;255m [48;2;255;255;255m[38;2;255;255;255m [48;2;255;255;255m[38;2;255;255;255m [48;2;255;255;255m[38;2;255;255;255m [48;2;255;255;255m[38;2;255;255;255m [48;2;255;255;255m[38;2;255;255;255m [48;2;255;255;255m[38;2;255;255;255m [48;2;255;255;255m[38;2;255;255;255m [48;2;255;255;255m[38;2;255;255;255m [48;2;255;255;255m[38;2;255;255;255m [48;2;255;255;255m[38;2;255;255;255m [48;2;255;255;255m[38;2;255;255;255m [48;2;255;255;255m[38;2;255;255;255m [48;2;255;255;255m[38;2;255;255;255m [48;2;255;255;255m[38;2;255;255;255m [48;2;255;255;255m[38;2;255;255;255m [48;2;255;255;255m[38;2;255;255;255m [48;2;255;255;255m[38;2;255;255;255m [48;2;255;255;255m[38;2;255;255;255m [48;2;255;255;255m[38;2;255;255;255m [48;2;255;255;255m[38;2;255;255;255m [48;2;255;255;255m[38;2;255;255;255m [48;2;255;255;255m[38;2;255;255;255m [48;2;255;255;255m[38;2;255;255;255m [0m
[48;2;255;255;255m[38;2;255;255;255m [48;2;255;255;255m[38;2;255;255;255m [48;2;255;255;255m[38;2;255;255;255m [48;2;255;255;255m[38;2;255;255;255m [48;2;255;255;255m[38;2;255;255;255m [48;2;255;255;255m[38;2;255;255;255m [48;2;255;255;255m[38;2;255;255;255m [48;2;255;255;255m[38;2;255;255;255m [48;2;255;255;255m[38;2;255;255;255m [48;2;255;255;255m[38;2;255;255;255m [48;2;255;255;255m[38;2;255;255;255m [48;2;255;255;255m[38;2;255;255;255m [48;2;255;255;255m[38;2;255;255;255m [48;2;255;255;255m[38;2;255;255;255m [48;2;255;255;255m[38;2;255;255;255m [48;2;255;255;255m[38;2;0;0;0m▝[48;2;0;0;0m[38;2;255;255;255m▁[48;2;0;0;0m[38;2;0;0;0m [48;2;0;0;0m[38;2;0;0;0m [48;2;0;0;0m[38;2;0;0;0m [48;2;0;0;0m[38;2;0;0;0m [48;2;0;0;0m[38;2;255;255;255m▝[48;2;255;255;255m[38;2;191;191;191m [48;2;255;255;255m[38;2;255;255;255m [48;2;255;255;255m[38;2;255;255;255m [48;2;255;255;255m[38;2;255;255;255m [48;2;255;255;255m[38;2;255;255;255m [48;2;255;255;255m[38;2;255;255;255m [48;2;255;255;255m[38;2;255;255;255m [48;2;255;255;255m[38;2;255;255;255m [48;2;255;255;255m[38;2;255;255;255m [48;2;255;255;255m[38;2;255;255;255m [48;2;255;255;255m[38;2;255;255;255m [48;2;255;255;255m[38;2;255;255;255m [48;2;255;255;255m[38;2;255;255;255m [48;2;255;255;255m[38;2;255;255;255m [48;2;255;255;255m[38;2;255;255;255m [48;2;255;255;255m[38;2;255;255;255m [48;2;255;255;255m[38;2;255;255;255m [48;2;255;255;255m[38;2;255;255;255m [48;2;255;255;255m[38;2;255;255;255m [48;2;255;255;255m[38;2;255;255;255m [48;2;255;255;255m[38;2;255;255;255m [48;2;255;255;255m[38;2;255;255;255m [48;2;255;255;255m[38;2;255;255;255m [48;2;255;255;255m[38;2;255;255;255m [48;2;255;255;255m[38;2;255;255;255m [48;2;255;255;255m[38;2;255;255;255m [48;2;255;255;255m[38;2;255;255;255m [48;2;255;255;255m[38;2;255;255;255m [48;2;255;255;255m[38;2;255;255;255m [48;2;255;255;255m[38;2;255;255;255m [48;2;255;255;255m[38;2;255;255;255m [48;2;255;255;255m[38;2;255;255;255m [48;2;255;255;255m[38;2;255;255;255m [48;2;255;255;255m[38;2;255;255;255m [48;2;255;255;255m[38;2;255;255;255m [48;2;255;255;255m[38;2;255;255;255m [48;2;255;255;255m[38;2;255;255;255m [48;2;255;255;255m[38;2;255;255;255m [48;2;255;255;255m[38;2;255;255;255m [48;2;255;255;255m[38;2;255;255;255m [48;2;255;255;255m[38;2;255;255;255m [48;2;255;255;255m[38;2;255;255;255m [48;2;255;255;255m[38;2;255;255;255m [48;2;255;255;255m[38;2;255;255;255m [48;2;255;255;255m[38;2;255;255;255m [48;2;255;255;255m[38;2;255;255;255m [48;2;255;255;255m[38;2;255;255;255m [48;2;255;255;255m[38;2;255;255;255m [48;2;255;255;255m[38;2;255;255;255m [48;2;255;255;255m[38;2;255;255;255m [48;2;255;255;255m[38;2;255;255;255m [48;2;255;255;255m[38;2;255;255;255m [48;2;255;255;255m[38;2;255;255;255m [48;2;255;255;255m[38;2;255;255;255m [48;2;255;255;255m[38;2;255;255;255m [48;2;255;255;255m[38;2;255;255;255m [48;2;255;255;255m[38;2;255;255;255m [48;2;255;255;255m[38;2;255;255;255m [0m
[48;2;255;255;255m[38;2;255;255;255m [48;2;255;255;255m[38;2;255;255;255m [48;2;255;255;255m[38;2;255;255;255m [48;2;255;255;255m[38;2;255;255;255m [48;2;255;255;255m[38;2;255;255;255m [48;2;255;255;255m[38;2;255;255;255m [48;2;255;255;255m[38;2;255;255;255m [48;2;255;255;255m[38;2;255;255;255m [48;2;255;255;255m[38;2;255;255;255m [48;2;255;255;255m[38;2;255;255;255m [48;2;255;255;255m[38;2;255;255;255m [48;2;255;255;255m[38;2;255;255;255m [48;2;255;255;255m[38;2;255;255;255m [48;2;255;255;255m[38;2;255;255;255m [48;2;255;255;255m[38;2;255;255;255m [48;2;255;255;255m[38;2;255;255;255m [48;2;255;255;255m[38;2;191;191;191m [48;2;0;0;0m[38;2;255;255;255m▅[48;2;0;0;0m[38;2;255;255;255m▂[48;2;0;0;0m[38;2;255;255;255m [48;2;0;0;0m[38;2;0;0;0m [48;2;0;0;0m[38;2;0;0;0m [48;2;0;0;0m[38;2;255;255;255m▝[48;2;255;255;255m[38;2;0;0;0m▖[48;2;255;255;255m[38;2;255;255;255m [48;2;255;255;255m[38;2;255;255;255m [48;2;255;255;255m[38;2;255;255;255m [48;2;255;255;255m[38;2;255;255;255m [48;2;255;255;255m[38;2;255;255;255m [48;2;255;255;255m[38;2;255;255;255m [48;2;255;255;255m[38;2;255;255;255m [48;2;255;255;255m[38;2;255;255;255m [48;2;255;255;255m[38;2;255;255;255m [48;2;255;255;255m[38;2;255;255;255m [48;2;255;255;255m[38;2;255;255;255m [48;2;255;255;255m[38;2;255;255;255m [48;2;255;255;255m[38;2;255;255;255m [48;2;255;255;255m[38;2;255;255;255m [48;2;255;255;255m[38;2;255;255;255m [48;2;255;255;255m[38;2;255;255;255m [48;2;255;255;255m[38;2;255;255;255m [48;2;255;255;255m[38;2;255;255;255m [48;2;255;255;255m[38;2;255;255;255m [48;2;255;255;255m[38;2;255;255;255m [48;2;255;255;255m[38;2;255;255;255m [48;2;255;255;255m[38;2;255;255;255m [48;2;255;255;255m[38;2;255;255;255m [48;2;255;255;255m[38;2;255;255;255m [48;2;255;255;255m[38;2;255;255;255m [48;2;255;255;255m[38;2;255;255;255m [48;2;255;255;255m[38;2;255;255;255m [48;2;255;255;255m[38;2;255;255;255m [48;2;255;255;255m[38;2;255;255;255m [48;2;255;255;255m[38;2;255;255;255m [48;2;255;255;255m[38;2;255;255;255m [48;2;255;255;255m[38;2;255;255;255m [48;2;255;255;255m[38;2;255;255;255m [48;2;255;255;255m[38;2;255;255;255m [48;2;255;255;255m[38;2;255;255;255m [48;2;255;255;255m[38;2;255;255;255m [48;2;255;255;255m[38;2;255;255;255m [48;2;255;255;255m[38;2;255;255;255m [48;2;255;255;255m[38;2;255;255;255m [48;2;255;255;255m[38;2;255;255;255m [48;2;255;255;255m[38;2;255;255;255m [48;2;255;255;255m[38;2;255;255;255m [48;2;255;255;255m[38;2;255;255;255m [48;2;255;255;255m[38;2;255;255;255m [48;2;255;255;255m[38;2;255;255;255m [48;2;255;255;255m[38;2;255;255;255m [48;2;255;255;255m[38;2;255;255;255m [48;2;255;255;255m[38;2;255;255;255m [48;2;255;255;255m[38;2;255;255;255m [48;2;255;255;255m[38;2;255;255;255m [48;2;255;255;255m[38;2;255;255;255m [48;2;255;255;255m[38;2;255;255;255m [48;2;255;255;255m[38;2;255;255;255m [48;2;255;255;255m[38;2;255;255;255m [48;2;255;255;255m[38;2;255;255;255m [48;2;255;255;255m[38;2;255;255;255m [0m
[48;2;255;255;255m[38;2;255;255;255m [48;2;255;255;255m[38;2;255;255;255m [48;2;255;255;255m[38;2;255;255;255m [48;2;255;255;255m[38;2;255;255;255m [48;2;255;255;255m[38;2;255;255;255m [48;2;255;255;255m[38;2;255;255;255m [48;2;255;255;255m[38;2;255;255;255m [48;2;255;255;255m[38;2;255;255;255m [48;2;255;255;255m[38;2;255;255;255m [48;2;255;255;255m[38;2;255;255;255m [48;2;255;255;255m[38;2;255;255;255m [48;2;255;255;255m[38;2;255;255;255m [48;2;255;255;255m[38;2;255;255;255m [48;2;255;255;255m[38;2;255;255;255m [48;2;255;255;255m[38;2;255;255;255m [48;2;255;255;255m[38;2;255;255;255m [48;2;255;255;255m[38;2;255;255;255m [48;2;255;255;255m[38;2;255;255;255m [48;2;255;255;255m[38;2;255;255;255m [48;2;255;255;255m[38;2;191;191;191m [48;2;127;127;127m[38;2;255;255;255m▇[48;2;0;0;0m[38;2;255;255;255m▆[48;2;0;0;0m[38;2;255;255;255m▆[48;2;0;0;0m[38;2;255;255;255m▅[48;2;255;255;255m[38;2;191;191;191m [48;2;255;255;255m[38;2;255;255;255m [48;2;255;255;255m[38;2;255;255;255m [48;2;255;255;255m[38;2;255;255;255m [48;2;255;255;255m[38;2;255;255;255m [48;2;255;255;255m[38;2;255;255;255m [48;2;255;255;255m[38;2;255;255;255m [48;2;255;255;255m[38;2;255;255;255m [48;2;255;255;255m[38;2;255;255;255m [48;2;255;255;255m[38;2;255;255;255m [48;2;255;255;255m[38;2;255;255;255m [48;2;255;255;255m[38;2;255;255;255m [48;2;255;255;255m[38;2;255;255;255m [48;2;255;255;255m[38;2;255;255;255m [48;2;255;255;255m[38;2;255;255;255m [48;2;255;255;255m[38;2;255;255;255m [48;2;255;255;255m[38;2;255;255;255m [48;2;255;255;255m[38;2;255;255;255m [48;2;255;255;255m[38;2;255;255;255m [48;2;255;255;255m[38;2;255;255;255m [48;2;255;255;255m[38;2;255;255;255m [48;2;255;255;255m[38;2;255;255;255m [48;2;255;255;255m[38;2;255;255;255m [48;2;255;255;255m[38;2;255;255;255m [48;2;255;255;255m[38;2;255;255;255m [48;2;255;255;255m[38;2;255;255;255m [48;2;255;255;255m[38;2;255;255;255m [48;2;255;255;255m[38;2;255;255;255m [48;2;255;255;255m[38;2;255;255;255m [48;2;255;255;255m[38;2;255;255;255m [48;2;255;255;255m[38;2;255;255;255m [48;2;255;255;255m[38;2;255;255;255m [48;2;255;255;255m[38;2;255;255;255m [48;2;255;255;255m[38;2;255;255;255m [48;2;255;255;255m[38;2;255;255;255m [48;2;255;255;255m[38;2;255;255;255m [48;2;255;255;255m[38;2;255;255;255m [48;2;255;255;255m[38;2;255;255;255m [48;2;255;255;255m[38;2;255;255;255m [48;2;255;255;255m[38;2;255;255;255m [48;2;255;255;255m[38;2;255;255;255m [48;2;255;255;255m[38;2;255;255;255m [48;2;255;255;255m[38;2;255;255;255m [48;2;255;255;255m[38;2;255;255;255m [48;2;255;255;255m[38;2;255;255;255m [48;2;255;255;255m[38;2;255;255;255m [48;2;255;255;255m[38;2;255;255;255m [48;2;255;255;255m[38;2;255;255;255m [48;2;255;255;255m[38;2;255;255;255m [48;2;255;255;255m[38;2;255;255;255m [48;2;255;255;255m[38;2;255;255;255m [48;2;255;255;255m[38;2;255;255;255m [48;2;255;255;255m[38;2;255;255;255m [48;2;255;255;255m[38;2;255;255;255m [48;2;255;255;255m[38;2;255;255;255m [48;2;255;255;255m[38;2;255;255;255m [0m
