[48;2;255;156;156m[38;2;255;102;255m▗▆▆[48;2;255;102;255m[38;2;255;156;156m▔▔[48;2;255;156;156m[38;2;255;102;255m▅▅[48;2;255;102;255m[38;2;255;156;156m▔[48;2;255;102;255m[38;2;255;211;156m▝[48;2;255;211;156m[38;2;111;255;111m▐[48;2;111;255;111m[38;2;0;0;0m                [48;2;111;255;111m[38;2;0;255;0m▗[48;2;0;255;0m[38;2;111;255;111m▘       [48;2;0;255;0m[38;2;255;255;156m▀[48;2;255;255;156m[38;2;111;255;111m▖     [48;2;255;211;156m[38;2;255;255;156m▆▃      [48;2;255;156;156m[38;2;255;211;156m▆▃▁     [48;2;255;156;156m[38;2;255;148;211m▝[48;2;255;148;211m[38;2;0;0;0m     [48;2;255;156;255m[38;2;255;148;211m▖    [48;2;255;156;255m[38;2;220;156;255m▝[48;2;220;156;255m[38;2;0;0;0m    [0m
[48;2;255;102;255m[38;2;0;0;0m    [48;2;255;102;255m[38;2;255;211;156m▁▃   [48;2;255;102;255m[38;2;111;255;111m▐[48;2;111;255;111m[38;2;0;0;0m [48;2;255;156;255m[38;2;111;255;111m▀▀▀[48;2;111;255;111m[38;2;255;156;255m▖ [48;2;111;255;111m[38;2;0;181;0m   D R I [48;2;0;255;0m[38;2;0;181;0mN K         [48;2;0;255;0m[38;2;255;255;156m▀[48;2;255;255;156m[38;2;111;255;111m▖      [48;2;255;255;156m[38;2;255;211;156m▀[48;2;255;211;156m[38;2;0;0;0m       [48;2;255;156;156m[38;2;255;211;156m▅      [48;2;255;148;211m[38;2;255;156;156m▖    [48;2;255;156;255m[38;2;255;148;211m▖    [48;2;220;156;255m[38;2;255;156;255m▖   [0m
[48;2;255;102;255m[38;2;0;0;0m    [48;2;255;102;255m[38;2;255;211;156m▝[48;2;255;211;156m[38;2;0;0;0m  [48;2;255;102;255m[38;2;255;211;156m▂[48;2;255;102;255m[38;2;111;255;111m▂▅[48;2;255;156;255m[38;2;111;255;111m▍   [48;2;255;156;255m[38;2;156;255;156m▐[48;2;111;255;111m[38;2;0;0;0m      [48;2;111;255;111m[38;2;255;156;255m▃▃ [48;2;0;255;0m[38;2;111;255;111m▘             [48;2;0;255;0m[38;2;207;255;96m▝[48;2;255;255;156m[38;2;111;255;111m▖       [48;2;255;211;156m[38;2;255;255;156m▖       [48;2;255;156;156m[38;2;255;211;156m▃     [48;2;255;148;211m[38;2;255;156;156m▖    [48;2;255;156;255m[38;2;255;148;211m▖    [48;2;220;156;255m[38;2;255;156;255m▖  [0m
[48;2;255;102;255m[38;2;0;0;0m     [48;2;255;211;156m[38;2;255;102;255m▅▖[48;2;255;211;156m[38;2;111;255;111m▐[48;2;111;255;111m[38;2;0;0;0m   [48;2;255;156;255m[38;2;111;255;111m▏  [48;2;111;255;111m[38;2;255;156;255m▊ [48;2;255;156;255m[38;2;111;255;111m▔▔ ▐▌ [48;2;255;156;255m[38;2;255;102;255m▗[48;2;255;102;255m[38;2;0;255;0m▐[48;2;0;255;0m[38;2;0;0;0m [48;2;0;255;0m[38;2;255;156;255m▆▅[48;2;0;255;0m[38;2;255;102;255m▂▆▅ [48;2;0;255;0m[38;2;255;156;255m▃▄[48;2;255;102;255m[38;2;0;255;0m▀[48;2;0;255;0m[38;2;0;0;0m     [48;2;111;255;111m[38;2;0;255;0m▊[48;2;255;255;156m[38;2;0;0;0m        [48;2;255;255;156m[38;2;255;211;156m▀[48;2;255;211;156m[38;2;0;0;0m       [48;2;255;211;156m[38;2;255;156;156m▝[48;2;255;156;156m[38;2;0;0;0m     [48;2;255;148;211m[38;2;255;156;156m▖    [48;2;255;156;255m[38;2;255;148;211m▖   [48;2;255;156;255m[38;2;220;156;255m▝[48;2;220;156;255m[38;2;0;0;0m  [0m
[48;2;255;102;255m[38;2;255;156;156m▃[48;2;255;102;255m[38;2;255;148;211m▖      [48;2;255;102;255m[38;2;111;255;111m▔[48;2;111;255;111m[38;2;255;102;255m▖ [48;2;255;156;255m[38;2;0;0;0m   [48;2;111;255;111m[38;2;255;156;255m▏[48;2;255;156;255m[38;2;111;255;111m▍   [48;2;111;255;111m[38;2;255;156;255m▍[48;2;255;156;255m[38;2;111;255;111m▍[48;2;255;156;255m[38;2;255;102;255m▐[48;2;255;102;255m[38;2;0;0;0m [48;2;255;102;255m[38;2;0;255;0m▐▙[48;2;255;156;255m[38;2;255;102;255m▃[48;2;255;102;255m[38;2;0;0;0m    [48;2;0;255;0m[38;2;255;102;255m▍[48;2;255;102;255m[38;2;111;255;111m▍[48;2;255;102;255m[38;2;255;102;255m▔ [48;2;0;255;0m[38;2;255;156;255m▅[48;2;0;255;0m[38;2;255;102;255m▆  [48;2;0;255;0m[38;2;220;156;255m▂ [48;2;255;255;156m[38;2;0;255;0m▍        [48;2;255;255;156m[38;2;255;211;156m▝[48;2;255;211;156m[38;2;255;255;156m▖      [48;2;255;211;156m[38;2;255;156;156m▝[48;2;255;156;156m[38;2;255;211;156m▖   [48;2;255;156;156m[38;2;255;148;211m▝[48;2;255;148;211m[38;2;0;0;0m     [48;2;255;156;255m[38;2;255;148;211m▖   [48;2;255;156;255m[38;2;220;156;255m▐[48;2;220;156;255m[38;2;0;0;0m [0m
[48;2;255;102;255m[38;2;255;156;156m▝▙▅[48;2;255;102;255m[38;2;255;148;211m▂     [48;2;255;102;255m[38;2;111;255;111m▐[48;2;111;255;111m[38;2;0;0;0m [48;2;255;156;255m[38;2;0;0;0m   [48;2;111;255;111m[38;2;0;0;0m [48;2;111;255;111m[38;2;255;156;255m▐[48;2;255;156;255m[38;2;0;0;0m   [48;2;111;255;111m[38;2;255;156;255m▍[48;2;255;156;255m[38;2;111;255;111m▏[48;2;255;102;255m[38;2;255;156;255m▍ [48;2;0;255;0m[38;2;255;102;255m▍ ▐[48;2;255;102;255m[38;2;0;0;0m [48;2;255;102;255m[38;2;0;255;0m▕[48;2;0;255;0m[38;2;0;0;0m [48;2;0;255;0m[38;2;255;102;255m▀▘[48;2;255;102;255m[38;2;0;255;0m▊[48;2;255;102;255m[38;2;255;102;255m▍[48;2;0;255;0m[38;2;255;102;255m▊[48;2;255;102;255m[38;2;0;255;0m▖ ▔[48;2;0;255;0m[38;2;255;102;255m▆[48;2;255;102;255m[38;2;255;102;255m▝[48;2;255;156;255m[38;2;0;255;0m▕[48;2;226;255;156m[38;2;0;255;0m▊[48;2;255;255;156m[38;2;0;0;0m          [48;2;255;255;156m[38;2;255;211;156m▀[48;2;255;211;156m[38;2;0;0;0m       [48;2;255;156;156m[38;2;255;211;156m▖   [48;2;255;156;156m[38;2;255;148;211m▐[48;2;255;148;211m[38;2;0;0;0m     [48;2;255;156;255m[38;2;0;0;0m    [48;2;220;156;255m[38;2;255;156;255m▖[0m
[48;2;255;102;255m[38;2;0;0;0m [48;2;255;156;156m[38;2;255;102;255m▍[48;2;255;156;156m[38;2;255;211;156m▕[48;2;255;148;211m[38;2;255;211;156m▍[48;2;255;148;211m[38;2;226;226;226m▗[48;2;255;255;255m[38;2;255;102;255m▀[48;2;255;102;255m[38;2;0;0;0m   [48;2;111;255;111m[38;2;255;102;255m▊[48;2;255;156;255m[38;2;111;255;111m▊  [48;2;111;255;111m[38;2;255;156;255m▊▂[48;2;255;156;255m[38;2;111;255;111m▍   [48;2;255;102;255m[38;2;255;156;255m▊   [48;2;0;255;0m[38;2;255;102;255m▊ [48;2;255;102;255m[38;2;0;255;0m▏ ▐[48;2;0;255;0m[38;2;0;0;0m  [48;2;0;255;0m[38;2;255;102;255m▗[48;2;255;102;255m[38;2;0;0;0m  [48;2;255;102;255m[38;2;0;255;0m▐[48;2;255;156;255m[38;2;0;255;0m▘[48;2;255;102;255m[38;2;255;156;255m▘[48;2;0;255;0m[38;2;255;102;255m▊[48;2;255;102;255m[38;2;0;255;0m▏ [48;2;0;255;0m[38;2;255;102;255m▊ [48;2;255;255;156m[38;2;207;255;96m▏          [48;2;255;255;156m[38;2;255;211;156m▐[48;2;255;211;156m[38;2;0;0;0m       [48;2;255;156;156m[38;2;255;211;156m▖   [48;2;255;148;211m[38;2;255;156;156m▖    [48;2;255;148;211m[38;2;255;156;255m▐[48;2;255;156;255m[38;2;0;0;0m   [48;2;255;156;255m[38;2;220;156;255m▝[0m
[48;2;255;102;255m[38;2;0;0;0m  [48;2;255;102;255m[38;2;255;156;156m▀[48;2;255;211;156m[38;2;255;89;188m▝[48;2;255;89;188m[38;2;255;148;211m▀[48;2;255;255;255m[38;2;255;148;211m▖[48;2;255;255;255m[38;2;255;89;188m▐[48;2;255;102;255m[38;2;0;0;0m [48;2;226;226;226m[38;2;255;102;255m▊[48;2;255;156;156m[38;2;226;226;226m▘[48;2;111;255;111m[38;2;0;0;0m [48;2;255;156;255m[38;2;0;0;0m   [48;2;111;255;111m[38;2;255;156;255m▘[48;2;255;156;255m[38;2;156;255;156m▍  [48;2;255;156;255m[38;2;0;255;0m▁[48;2;255;102;255m[38;2;255;156;255m▘ [48;2;255;102;255m[38;2;0;255;0m▗[48;2;0;255;0m[38;2;255;102;255m▀ [48;2;255;102;255m[38;2;0;255;0m▘  [48;2;0;255;0m[38;2;0;0;0m   [48;2;255;102;255m[38;2;0;255;0m▘  ▌[48;2;255;102;255m[38;2;255;102;255m▘ [48;2;0;255;0m[38;2;255;102;255m▏[48;2;255;102;255m[38;2;0;0;0m  [48;2;255;102;255m[38;2;0;255;0m▐[48;2;0;255;0m[38;2;255;102;255m▂[48;2;255;102;255m[38;2;255;255;156m▀[48;2;255;255;156m[38;2;255;156;255m▃[48;2;255;255;156m[38;2;255;102;255m▃[48;2;255;255;156m[38;2;226;226;226m▁[48;2;54;54;54m[38;2;255;255;156m▀▀▀[48;2;255;255;156m[38;2;54;54;54m▃▂[48;2;255;255;156m[38;2;159;159;159m▁ [48;2;181;58;0m[38;2;255;255;156m▅[48;2;181;58;0m[38;2;255;156;156m▔[48;2;255;211;156m[38;2;181;58;0m▆▄    [48;2;255;211;156m[38;2;255;156;156m▝[48;2;255;156;156m[38;2;0;0;0m   [48;2;255;156;156m[38;2;255;148;211m▝[48;2;255;148;211m[38;2;0;0;0m    [48;2;255;156;255m[38;2;255;148;211m▊    [0m
[48;2;255;156;156m[38;2;255;102;255m▐[48;2;255;102;255m[38;2;0;0;0m     [48;2;255;148;211m[38;2;255;89;188m▅[48;2;255;102;255m[38;2;255;148;211m▃[48;2;255;102;255m[38;2;156;255;156m▅[48;2;156;255;156m[38;2;159;159;159m▔ [48;2;255;156;255m[38;2;111;255;111m▃▄▅[48;2;111;255;111m[38;2;0;0;0m [48;2;255;156;255m[38;2;111;255;111m▅▆[48;2;111;255;111m[38;2;0;0;0m [48;2;0;255;0m[38;2;0;0;0m [48;2;0;255;0m[38;2;255;102;255m▀▀  ▝[48;2;255;102;255m[38;2;0;0;0m [48;2;255;102;255m[38;2;0;255;0m▗[48;2;0;255;0m[38;2;255;102;255m▀   ▝[48;2;255;102;255m[38;2;0;255;0m▂▟▍  [48;2;0;255;0m[38;2;188;188;188m▘[48;2;255;102;255m[38;2;220;156;255m▁ [48;2;255;102;255m[38;2;159;159;159m▁[48;2;255;102;255m[38;2;0;255;0m▁[48;2;255;102;255m[38;2;255;255;156m▁[48;2;255;102;255m[38;2;255;156;255m▔[48;2;255;156;255m[38;2;255;102;255m▆[48;2;255;102;255m[38;2;255;156;255m▔[48;2;54;54;54m[38;2;255;102;255m▖[48;2;77;77;77m[38;2;54;54;54m▊[48;2;54;54;54m[38;2;77;77;77m▆▅▅▄[48;2;255;255;156m[38;2;54;54;54m▆▆▄[48;2;255;211;156m[38;2;54;54;54m▂[48;2;255;211;156m[38;2;129;129;129m▁     [48;2;255;156;156m[38;2;255;211;156m▏  [48;2;255;156;156m[38;2;181;58;0m▃[48;2;181;58;0m[38;2;255;148;211m▀▀[48;2;255;148;211m[38;2;181;58;0m▃  [48;2;255;156;255m[38;2;255;148;211m▍   [0m
[48;2;255;156;156m[38;2;255;148;211m ▔[48;2;255;102;255m[38;2;255;211;156m▅▃▃▄▆█[48;2;156;255;156m[38;2;255;102;255m ▂[48;2;255;148;211m[38;2;156;255;156m▝[48;2;111;255;111m[38;2;255;102;255m▅[48;2;156;255;156m[38;2;255;102;255m▖[48;2;156;255;156m[38;2;255;148;211m▆[48;2;156;255;156m[38;2;255;102;255m▆▆▆[48;2;255;102;255m[38;2;156;255;156m▔▔[48;2;255;148;211m[38;2;156;255;156m▔[48;2;255;102;255m[38;2;111;255;111m▔[48;2;188;188;188m[38;2;255;102;255m▆[48;2;255;102;255m[38;2;111;255;111m▔[48;2;0;255;0m[38;2;255;102;255m▅[48;2;255;148;211m[38;2;0;255;0m▀[48;2;255;102;255m[38;2;0;255;0m▀[48;2;0;255;0m[38;2;255;102;255m▃▂[48;2;0;255;0m[38;2;156;255;156m▁     [48;2;0;255;0m[38;2;255;102;255m▗[48;2;226;226;226m[38;2;188;188;188m▘[48;2;0;255;0m[38;2;159;159;159m▍ [48;2;0;255;0m[38;2;255;102;255m▔  [48;2;255;255;0m[38;2;255;255;156m▟ [48;2;255;255;156m[38;2;255;102;255m▀[48;2;255;102;255m[38;2;0;0;0m  [48;2;54;54;54m[38;2;129;129;129m▖[48;2;77;77;77m[38;2;54;54;54m▏     [48;2;54;54;54m[38;2;77;77;77m▆▄ [48;2;255;211;156m[38;2;54;54;54m▆▄▄▂▁▁[48;2;255;156;156m[38;2;54;54;54m▂▂▂[48;2;255;148;211m[38;2;54;54;54m▂▂▂▂▁[48;2;255;156;255m[38;2;159;159;159m▁   [0m
[48;2;255;156;156m[38;2;0;0;0m [48;2;255;156;156m[38;2;255;211;156m▕[48;2;255;211;156m[38;2;0;0;0m    [48;2;255;211;156m[38;2;255;102;255m▂▄[48;2;226;226;226m[38;2;255;102;255m▆[48;2;255;102;255m[38;2;255;148;211m▝[48;2;255;148;211m[38;2;226;226;226m▗[48;2;255;102;255m[38;2;255;148;211m▅[48;2;255;102;255m[38;2;255;156;156m▝[48;2;255;102;255m[38;2;255;148;211m▀    [48;2;255;102;255m[38;2;255;156;156m▝[48;2;255;102;255m[38;2;188;188;188m▀    [48;2;255;102;255m[38;2;255;148;211m▊    [48;2;255;102;255m[38;2;220;156;255m▔[48;2;255;102;255m[38;2;111;255;111m▔[48;2;255;102;255m[38;2;0;255;0m▔[48;2;0;255;0m[38;2;255;102;255m▆▆[48;2;255;0;255m[38;2;255;255;255m▐[48;2;255;255;255m[38;2;255;156;255m▅[48;2;255;156;255m[38;2;0;255;0m▐[48;2;0;255;0m[38;2;0;0;0m   [48;2;0;255;0m[38;2;207;255;96m▗[48;2;255;255;156m[38;2;0;0;0m   [48;2;255;102;255m[38;2;255;255;156m▍ [48;2;255;102;255m[38;2;54;54;54m▝[48;2;54;54;54m[38;2;0;0;0m [48;2;77;77;77m[38;2;54;54;54m▃▁     ▗[48;2;54;54;54m[38;2;0;0;0m  [48;2;255;211;156m[38;2;54;54;54m▀[48;2;54;54;54m[38;2;255;211;156m▃  [48;2;77;77;77m[38;2;54;54;54m▀▀[48;2;54;54;54m[38;2;77;77;77m▅▅▄▄▃▃  [48;2;255;156;255m[38;2;54;54;54m▆[48;2;255;156;255m[38;2;129;129;129m▃[0m
[48;2;255;156;156m[38;2;0;0;0m  [48;2;255;211;156m[38;2;0;0;0m  [48;2;255;102;255m[38;2;255;211;156m▀▔     [48;2;255;102;255m[38;2;255;148;211m█▂[48;2;255;102;255m[38;2;220;156;255m▂[48;2;255;102;255m[38;2;111;255;111m▂▂▄[48;2;220;156;255m[38;2;0;255;0m▄▄▆[48;2;156;255;156m[38;2;0;255;0m▆[48;2;220;156;255m[38;2;0;255;0m▆[48;2;255;102;255m[38;2;0;255;0m▆[48;2;0;255;0m[38;2;255;156;255m▀[48;2;255;148;211m[38;2;0;255;0m▗[48;2;0;255;0m[38;2;255;102;255m▀[48;2;255;102;255m[38;2;0;255;0m▂[48;2;255;102;255m[38;2;111;255;111m▂▁ [48;2;255;102;255m[38;2;255;148;211m▁[48;2;255;102;255m[38;2;255;255;255m▅[48;2;255;102;255m[38;2;255;156;255m▏[48;2;255;102;255m[38;2;255;0;255m▝[48;2;255;156;255m[38;2;255;102;255m▗[48;2;255;102;255m[38;2;196;89;255m ▔[48;2;0;255;0m[38;2;255;102;255m▆▆▅[48;2;255;102;255m[38;2;255;255;156m▀▀▔   ▟[48;2;255;255;156m[38;2;54;54;54m▔▀[48;2;54;54;54m[38;2;255;255;156m▂▁ [48;2;77;77;77m[38;2;54;54;54m▅▅[48;2;54;54;54m[38;2;255;255;156m▂▂[48;2;54;54;54m[38;2;255;211;156m▅[48;2;255;211;156m[38;2;0;0;0m   [48;2;54;54;54m[38;2;255;211;156m▖ [48;2;77;77;77m[38;2;0;0;0m        [48;2;77;77;77m[38;2;54;54;54m▗[48;2;54;54;54m[38;2;101;101;101m▗[48;2;54;54;54m[38;2;255;156;255m▃[48;2;54;54;54m[38;2;159;159;159m▂[0m
[48;2;255;156;156m[38;2;0;0;0m  [48;2;255;211;156m[38;2;255;156;156m▏ [48;2;255;102;255m[38;2;255;211;156m▖▁ [48;2;255;102;255m[38;2;255;148;211m▁[48;2;255;102;255m[38;2;255;255;156m▂▂[48;2;255;102;255m[38;2;226;255;156m▃[48;2;111;255;111m[38;2;255;102;255m▘[48;2;188;188;188m[38;2;111;255;111m▃[48;2;159;159;159m[38;2;226;226;226m▅[48;2;111;255;111m[38;2;255;148;211m▖ [48;2;111;255;111m[38;2;0;255;0m▗[48;2;0;255;0m[38;2;0;0;0m [48;2;156;255;156m[38;2;0;255;0m▊[48;2;0;255;0m[38;2;188;188;188m▞   [48;2;111;255;111m[38;2;226;226;226m▝[48;2;0;255;0m[38;2;156;255;156m▘    [48;2;188;188;188m[38;2;0;255;0m▆[48;2;255;156;255m[38;2;156;255;156m▏[48;2;255;102;255m[38;2;255;156;255m▀[48;2;255;102;255m[38;2;255;0;255m▆[48;2;255;102;255m[38;2;0;255;0m▂▁▁    [48;2;255;102;255m[38;2;255;255;156m▁▂▂▅[48;2;255;255;156m[38;2;255;102;255m▔    [48;2;255;255;156m[38;2;181;58;0m▗▆▅▂▂▂ [48;2;255;255;156m[38;2;255;211;156m▐[48;2;255;211;156m[38;2;0;0;0m   [48;2;181;58;0m[38;2;255;211;156m▘[48;2;54;54;54m[38;2;255;156;156m▃[48;2;54;54;54m[38;2;77;77;77m▝[48;2;77;77;77m[38;2;54;54;54m▖     ▅[48;2;54;54;54m[38;2;0;0;0m [48;2;255;148;211m[38;2;54;54;54m▘[48;2;255;156;255m[38;2;54;54;54m ▝[0m
[48;2;255;156;156m[38;2;0;0;0m  [48;2;255;211;156m[38;2;255;156;156m▍     [48;2;255;211;156m[38;2;255;255;156m▐[48;2;255;255;156m[38;2;0;0;0m [48;2;226;255;156m[38;2;255;255;156m▅[48;2;255;255;156m[38;2;111;255;111m▝▜[48;2;111;255;111m[38;2;255;148;211m▝[48;2;226;226;226m[38;2;255;148;211m▍[48;2;255;148;211m[38;2;111;255;111m▀[48;2;0;255;0m[38;2;156;255;156m▖ ▂[48;2;188;188;188m[38;2;0;255;0m▞[48;2;0;255;0m[38;2;111;255;111m▍  [48;2;0;255;0m[38;2;159;159;159m▊ [48;2;0;255;0m[38;2;188;188;188m▃[48;2;0;255;0m[38;2;111;255;111m▘  [48;2;0;255;0m[38;2;159;159;159m▗[48;2;226;226;226m[38;2;0;255;0m▝[48;2;226;226;226m[38;2;226;226;226m▆[48;2;0;255;0m[38;2;156;255;156m▀ [48;2;111;255;111m[38;2;0;255;0m▍▌▟[48;2;188;188;188m[38;2;0;255;0m▆[48;2;255;255;156m[38;2;111;255;111m▘         [48;2;255;255;156m[38;2;181;58;0m▂[48;2;181;58;0m[38;2;0;0;0m      [48;2;255;255;156m[38;2;181;58;0m▍ [48;2;255;211;156m[38;2;181;58;0m ▂[48;2;181;58;0m[38;2;255;211;156m▘ [48;2;181;58;0m[38;2;255;156;156m▀[48;2;255;156;156m[38;2;54;54;54m▔▀[48;2;54;54;54m[38;2;255;156;156m▃▁▁ [48;2;54;54;54m[38;2;255;148;211m▂▄[48;2;255;148;211m[38;2;77;77;77m▘[48;2;255;156;255m[38;2;0;0;0m   [0m
[48;2;255;156;156m[38;2;159;159;159m▏ [48;2;255;211;156m[38;2;255;156;156m▊     [48;2;255;211;156m[38;2;255;255;156m▝[48;2;255;255;156m[38;2;0;0;0m [48;2;255;255;156m[38;2;226;226;226m▅[48;2;255;255;156m[38;2;255;211;156m▅ [48;2;111;255;111m[38;2;255;255;156m▊[48;2;255;148;211m[38;2;226;226;226m▞[48;2;226;226;226m[38;2;255;148;211m▔[48;2;255;148;211m[38;2;0;255;0m▝[48;2;0;255;0m[38;2;156;255;156m▞[48;2;111;255;111m[38;2;0;255;0m▆[48;2;0;255;0m[38;2;156;255;156m▝[48;2;226;226;226m[38;2;0;255;0m▝[48;2;0;255;0m[38;2;159;159;159m▂[48;2;0;255;0m[38;2;111;255;111m▝[48;2;159;159;159m[38;2;0;255;0m▐[48;2;0;255;0m[38;2;111;255;111m▖[48;2;156;255;156m[38;2;0;255;0m▆[48;2;0;255;0m[38;2;111;255;111m▃▗[48;2;0;255;0m[38;2;255;148;211m▅[48;2;156;255;156m[38;2;226;226;226m▞[48;2;0;255;0m[38;2;226;226;226m▀▗   [48;2;0;255;0m[38;2;111;255;111m▔[48;2;0;255;0m[38;2;255;255;156m▗[48;2;255;255;156m[38;2;0;255;0m▘      [48;2;255;255;156m[38;2;181;58;0m▁▂▄▆[48;2;181;58;0m[38;2;0;0;0m       [48;2;181;58;0m[38;2;255;255;156m▀[48;2;255;255;156m[38;2;181;58;0m▆[48;2;181;58;0m[38;2;0;0;0m      [48;2;255;156;156m[38;2;181;58;0m▆▄[48;2;255;148;211m[38;2;255;156;156m▏    [48;2;255;156;255m[38;2;255;148;211m▊   [0m
[48;2;255;156;156m[38;2;255;156;255m▏  [48;2;255;211;156m[38;2;255;156;156m▏     [48;2;255;255;156m[38;2;255;211;156m▕[48;2;226;226;226m[38;2;0;0;0m [48;2;255;148;211m[38;2;0;0;0m [48;2;226;255;156m[38;2;255;211;156m▏[48;2;255;255;156m[38;2;0;0;0m  [48;2;226;226;226m[38;2;255;148;211m▘ [48;2;188;188;188m[38;2;159;159;159m▕[48;2;255;89;188m[38;2;0;255;0m▀[48;2;0;255;0m[38;2;255;89;188m▂[48;2;255;148;211m[38;2;255;255;255m▐[48;2;226;226;226m[38;2;0;0;0m [48;2;0;255;0m[38;2;255;89;188m▃[48;2;0;255;0m[38;2;111;255;111m▂[48;2;0;255;0m[38;2;188;188;188m▘ [48;2;0;255;0m[38;2;255;148;211m▗▟▛[48;2;0;255;0m[38;2;255;89;188m▃ [48;2;0;255;0m[38;2;111;255;111m▝ [48;2;0;255;0m[38;2;255;255;156m▗[48;2;255;255;156m[38;2;0;255;0m▘   [48;2;255;255;156m[38;2;181;58;0m▂▄▄▄▆▆[48;2;181;58;0m[38;2;0;0;0m                     [48;2;255;148;211m[38;2;181;58;0m▏    [48;2;255;148;211m[38;2;255;156;255m▐[48;2;255;156;255m[38;2;0;0;0m   [0m
[48;2;255;156;156m[38;2;255;156;255m▏  [48;2;255;156;156m[38;2;255;211;156m▝[48;2;255;211;156m[38;2;0;0;0m      [48;2;255;211;156m[38;2;255;255;156m▐[48;2;255;255;156m[38;2;255;211;156m▔ [48;2;255;255;156m[38;2;226;226;226m▘  [48;2;188;188;188m[38;2;255;255;156m▊[48;2;255;148;211m[38;2;188;188;188m▃[48;2;255;148;211m[38;2;255;255;255m▃[48;2;226;226;226m[38;2;0;0;0m [48;2;255;148;211m[38;2;188;188;188m▁[48;2;255;89;188m[38;2;188;188;188m▃[48;2;255;89;188m[38;2;77;77;77m▁[48;2;255;148;211m[38;2;159;159;159m▂[48;2;0;255;0m[38;2;255;89;188m▅[48;2;0;255;0m[38;2;255;148;211m▆[48;2;255;89;188m[38;2;255;148;211m▀[48;2;255;148;211m[38;2;207;255;96m▗[48;2;255;148;211m[38;2;0;255;0m▆[48;2;0;255;0m[38;2;255;255;156m▃▄▆[48;2;255;255;156m[38;2;0;0;0m    [48;2;181;58;0m[38;2;255;255;156m▘                           [48;2;255;148;211m[38;2;181;58;0m▊     [48;2;255;156;255m[38;2;255;148;211m▍   [0m
[48;2;255;156;156m[38;2;0;0;0m    [48;2;255;211;156m[38;2;255;156;156m▖      [48;2;255;255;156m[38;2;255;211;156m▏     [48;2;101;101;101m[38;2;159;159;159m▀[48;2;188;188;188m[38;2;129;129;129m▃[48;2;226;226;226m[38;2;188;188;188m▃[48;2;159;159;159m[38;2;188;188;188m▘ [48;2;159;159;159m[38;2;129;129;129m▔[48;2;188;188;188m[38;2;101;101;101m▀[48;2;109;255;255m[38;2;129;129;129m▀[48;2;129;129;129m[38;2;109;255;255m▃[48;2;159;159;159m[38;2;0;0;0m [48;2;129;129;129m[38;2;226;255;156m▐[48;2;255;255;156m[38;2;226;255;156m▏       [48;2;181;58;0m[38;2;255;180;89m▖                       [48;2;116;58;0m[38;2;181;58;0m▀[48;2;181;58;0m[38;2;116;58;0m▃  [48;2;255;148;211m[38;2;181;58;0m▍    [48;2;255;156;255m[38;2;255;148;211m▊   [48;2;220;156;255m[38;2;255;156;255m▊[0m
[48;2;255;156;156m[38;2;0;0;0m     [48;2;255;211;156m[38;2;0;0;0m      [48;2;255;211;156m[38;2;255;255;156m▝[48;2;255;255;156m[38;2;0;0;0m     [48;2;101;101;101m[38;2;255;211;156m▏[48;2;101;101;101m[38;2;188;188;188m▝[48;2;188;188;188m[38;2;129;129;129m▂[48;2;129;129;129m[38;2;0;0;0m [48;2;159;159;159m[38;2;0;0;0m  [48;2;109;255;255m[38;2;188;188;188m▍▝[48;2;188;188;188m[38;2;226;226;226m▗[48;2;129;129;129m[38;2;109;255;255m▊[48;2;101;101;101m[38;2;255;255;156m▐[48;2;255;255;156m[38;2;0;0;0m   [48;2;226;226;226m[38;2;255;255;156m▃ [48;2;255;255;156m[38;2;0;0;0m    [48;2;255;255;156m[38;2;181;58;0m▔[48;2;181;58;0m[38;2;255;255;156m▅▃▃             [48;2;181;58;0m[38;2;226;226;226m▃[48;2;181;58;0m[38;2;255;255;255m▃▃▄▃▖[48;2;181;58;0m[38;2;226;226;226m▂[48;2;181;58;0m[38;2;116;58;0m▝▙[48;2;181;58;0m[38;2;255;148;211m▕[48;2;255;148;211m[38;2;0;0;0m     [48;2;255;148;211m[38;2;255;156;255m▐[48;2;255;156;255m[38;2;0;0;0m   [48;2;220;156;255m[38;2;255;156;255m▏[0m
[48;2;255;156;156m[38;2;0;0;0m     [48;2;255;156;156m[38;2;255;211;156m▝[48;2;255;211;156m[38;2;0;0;0m      [48;2;255;211;156m[38;2;255;255;156m▝[48;2;255;255;156m[38;2;0;0;0m   [48;2;181;58;0m[38;2;255;255;156m▘[48;2;101;101;101m[38;2;181;58;0m▘▂ [48;2;129;129;129m[38;2;0;0;0m [48;2;159;159;159m[38;2;109;255;255m▗▀▆[48;2;188;188;188m[38;2;109;255;255m▞[48;2;109;255;255m[38;2;188;188;188m▂[48;2;109;255;255m[38;2;101;101;101m▝[48;2;101;101;101m[38;2;255;255;156m▐[48;2;255;255;156m[38;2;0;0;0m    [48;2;255;255;156m[38;2;226;226;226m▘        [48;2;255;255;156m[38;2;181;58;0m▐[48;2;255;255;255m[38;2;181;58;0m▍▔[48;2;255;255;255m[38;2;188;188;188m▔[48;2;255;255;255m[38;2;226;226;226m▔[48;2;255;255;255m[38;2;188;188;188m▔[48;2;181;58;0m[38;2;255;255;255m▏[48;2;255;255;255m[38;2;181;58;0m▔[48;2;255;255;255m[38;2;188;188;188m▔▔[48;2;255;255;255m[38;2;226;226;226m▔[48;2;255;255;255m[38;2;188;188;188m▔[48;2;255;255;255m[38;2;181;58;0m▊     ▊ ▐[48;2;116;58;0m[38;2;181;58;0m▆[48;2;181;58;0m[38;2;255;148;211m▐[48;2;255;148;211m[38;2;0;0;0m    [48;2;255;156;255m[38;2;255;148;211m▊   [48;2;255;156;255m[38;2;220;156;255m▐[48;2;220;156;255m[38;2;0;0;0m [0m
[48;2;255;148;211m[38;2;255;156;156m▝[48;2;255;156;156m[38;2;0;0;0m     [48;2;255;156;156m[38;2;255;211;156m▝[48;2;255;211;156m[38;2;0;0;0m      [48;2;255;211;156m[38;2;255;148;211m▁[48;2;255;211;156m[38;2;255;255;156m▀[48;2;255;255;156m[38;2;0;0;0m [48;2;181;58;0m[38;2;255;255;156m▍ [48;2;116;58;0m[38;2;181;58;0m▔[48;2;101;101;101m[38;2;109;255;255m▃[48;2;129;129;129m[38;2;0;0;0m [48;2;101;255;201m[38;2;159;159;159m▆[48;2;109;255;255m[38;2;159;159;159m▍[48;2;188;188;188m[38;2;109;255;255m▂▛[48;2;188;188;188m[38;2;226;226;226m▊[48;2;101;255;201m[38;2;129;129;129m▆[48;2;101;101;101m[38;2;255;255;156m▐[48;2;255;255;156m[38;2;0;0;0m  [48;2;255;255;156m[38;2;255;255;255m▐  [48;2;255;156;255m[38;2;255;255;156m▖[48;2;255;255;156m[38;2;0;0;0m       [48;2;181;58;0m[38;2;255;255;156m▍[48;2;255;255;255m[38;2;181;58;0m▏   [48;2;255;255;255m[38;2;188;188;188m▕[48;2;181;58;0m[38;2;255;255;255m▐[48;2;255;255;255m[38;2;0;0;0m    [48;2;255;255;255m[38;2;226;226;226m▕[48;2;255;255;255m[38;2;181;58;0m▍    [48;2;255;255;255m[38;2;226;226;226m▕[48;2;255;255;255m[38;2;181;58;0m▊ [48;2;181;58;0m[38;2;255;255;255m▏ [48;2;255;148;211m[38;2;181;58;0m▏   [48;2;255;148;211m[38;2;255;156;255m▁[48;2;255;156;255m[38;2;0;0;0m    [48;2;220;156;255m[38;2;0;0;0m  [0m
[48;2;255;148;211m[38;2;0;0;0m [48;2;255;148;211m[38;2;255;156;156m▝[48;2;255;156;156m[38;2;0;0;0m     [48;2;255;156;156m[38;2;255;211;156m▝[48;2;255;211;156m[38;2;255;156;156m▖   [48;2;255;255;255m[38;2;255;211;156m▊[48;2;226;226;226m[38;2;255;156;255m▐[48;2;255;148;211m[38;2;255;211;156m▐[48;2;255;211;156m[38;2;255;255;156m▝[48;2;255;255;156m[38;2;181;58;0m▝[48;2;181;58;0m[38;2;101;101;101m▁[48;2;101;101;101m[38;2;181;58;0m▆[48;2;101;101;101m[38;2;109;255;255m▝[48;2;109;255;255m[38;2;129;129;129m▞[48;2;159;159;159m[38;2;156;255;219m▂[48;2;159;159;159m[38;2;109;255;255m▗[48;2;188;188;188m[38;2;109;255;255m▔[48;2;226;226;226m[38;2;188;188;188m▊▐[48;2;159;159;159m[38;2;129;129;129m▐[48;2;255;255;156m[38;2;101;101;101m▍     [48;2;255;255;156m[38;2;255;156;255m▗[48;2;255;255;156m[38;2;226;226;226m▍    [48;2;181;58;0m[38;2;255;255;156m▀▀ [48;2;255;255;255m[38;2;188;188;188m▏   [48;2;181;58;0m[38;2;255;255;255m▊[48;2;255;255;255m[38;2;181;58;0m▍    [48;2;181;58;0m[38;2;255;255;255m▊[48;2;255;255;255m[38;2;181;58;0m▏    [48;2;181;58;0m[38;2;255;255;255m▊[48;2;255;255;255m[38;2;181;58;0m▍[48;2;181;58;0m[38;2;255;255;255m▘ [48;2;255;148;211m[38;2;181;58;0m▊   [48;2;255;148;211m[38;2;255;156;255m▗[48;2;255;156;255m[38;2;0;0;0m    [48;2;220;156;255m[38;2;255;156;255m▘  [0m
[48;2;255;148;211m[38;2;0;0;0m  [48;2;255;156;156m[38;2;255;148;211m▅      [48;2;255;211;156m[38;2;255;156;156m▖   [48;2;255;211;156m[38;2;255;156;255m▔  [48;2;255;211;156m[38;2;255;255;156m▝[48;2;129;129;129m[38;2;109;255;255m▗[48;2;101;101;101m[38;2;101;255;201m▃[48;2;109;255;255m[38;2;101;101;101m▀[48;2;129;129;129m[38;2;159;159;159m▁[48;2;109;255;255m[38;2;159;159;159m▖[48;2;109;255;255m[38;2;188;188;188m▐[48;2;188;188;188m[38;2;0;0;0m [48;2;226;226;226m[38;2;188;188;188m▍[48;2;188;188;188m[38;2;226;226;226m▍[48;2;129;129;129m[38;2;188;188;188m▏[48;2;255;255;156m[38;2;129;129;129m▍        [48;2;255;255;156m[38;2;255;211;156m▁[48;2;255;255;156m[38;2;129;129;129m▁[48;2;181;58;0m[38;2;255;255;156m▊   [48;2;255;255;255m[38;2;181;58;0m▂▂[48;2;255;255;255m[38;2;226;226;226m▁ [48;2;181;58;0m[38;2;255;255;255m▘[48;2;255;255;255m[38;2;0;0;0m     [48;2;181;58;0m[38;2;255;255;255m▘[48;2;255;255;255m[38;2;0;0;0m     [48;2;181;58;0m[38;2;255;255;255m▘[48;2;226;226;226m[38;2;181;58;0m▆[48;2;181;58;0m[38;2;0;0;0m  [48;2;255;148;211m[38;2;181;58;0m▍  [48;2;255;148;211m[38;2;255;156;255m▗[48;2;255;156;255m[38;2;0;0;0m    [48;2;255;156;255m[38;2;220;156;255m▐[48;2;220;156;255m[38;2;0;0;0m   [0m
[48;2;255;148;211m[38;2;0;0;0m    [48;2;255;156;156m[38;2;255;148;211m▃     [48;2;255;156;156m[38;2;255;211;156m▝[48;2;255;211;156m[38;2;0;0;0m      [48;2;101;101;101m[38;2;255;211;156m▏[48;2;109;255;255m[38;2;129;129;129m▖[48;2;101;101;101m[38;2;101;255;201m▍[48;2;109;255;255m[38;2;129;129;129m▖[48;2;159;159;159m[38;2;109;255;255m▖[48;2;159;159;159m[38;2;188;188;188m▐[48;2;188;188;188m[38;2;0;0;0m [48;2;226;226;226m[38;2;226;226;226m▏[48;2;188;188;188m[38;2;0;0;0m [48;2;129;129;129m[38;2;159;159;159m▏[48;2;77;77;77m[38;2;255;255;156m▀[48;2;255;255;156m[38;2;101;101;101m▆▆▆▄[48;2;255;255;156m[38;2;159;159;159m▖[48;2;255;102;255m[38;2;255;255;156m▀[48;2;255;255;156m[38;2;255;102;255m▅[48;2;255;102;255m[38;2;101;101;101m▐[48;2;101;101;101m[38;2;0;0;0m [48;2;101;101;101m[38;2;181;58;0m▃[48;2;116;58;0m[38;2;0;0;0m [48;2;181;58;0m[38;2;116;58;0m▃     [48;2;188;188;188m[38;2;181;58;0m▆[48;2;181;58;0m[38;2;0;0;0m [48;2;181;58;0m[38;2;255;255;255m▀[48;2;255;255;255m[38;2;181;58;0m▃▃▂▂[48;2;181;58;0m[38;2;226;226;226m▝[48;2;181;58;0m[38;2;255;255;255m▀▀▀[48;2;226;226;226m[38;2;181;58;0m▆[48;2;188;188;188m[38;2;181;58;0m▆[48;2;181;58;0m[38;2;0;0;0m    [48;2;101;101;101m[38;2;255;148;211m▀[48;2;255;148;211m[38;2;0;0;0m [48;2;255;148;211m[38;2;255;156;255m▗[48;2;255;156;255m[38;2;0;0;0m    [48;2;255;156;255m[38;2;220;156;255m▗[48;2;220;156;255m[38;2;0;0;0m   [48;2;220;156;255m[38;2;156;156;255m▗[0m
[48;2;255;148;211m[38;2;255;156;255m▂    [48;2;255;148;211m[38;2;255;156;156m▝[48;2;255;156;156m[38;2;255;148;211m▖     [48;2;255;211;156m[38;2;255;156;156m▃    [48;2;255;211;156m[38;2;101;101;101m▝[48;2;101;101;101m[38;2;255;211;156m▁[48;2;109;255;255m[38;2;101;101;101m▂▂[48;2;159;159;159m[38;2;188;188;188m▘[48;2;188;188;188m[38;2;129;129;129m▁ ▁[48;2;159;159;159m[38;2;181;58;0m▂[48;2;129;129;129m[38;2;255;102;255m▃[48;2;255;102;255m[38;2;0;0;0m  [48;2;101;101;101m[38;2;255;102;255m▘  [48;2;196;89;255m[38;2;101;101;101m▆[48;2;101;101;101m[38;2;255;102;255m▀▀[48;2;101;101;101m[38;2;196;89;255m▘[48;2;101;101;101m[38;2;181;58;0m▃[48;2;181;58;0m[38;2;0;0;0m  [48;2;116;58;0m[38;2;181;58;0m▆[48;2;181;58;0m[38;2;116;58;0m▀             [48;2;181;58;0m[38;2;181;58;0m▁[48;2;181;58;0m[38;2;116;58;0m▂▄▆  [48;2;181;58;0m[38;2;101;101;101m▂[48;2;101;101;101m[38;2;181;58;0m▘ [48;2;255;156;255m[38;2;101;101;101m▊    [48;2;220;156;255m[38;2;255;156;255m▘    [48;2;156;156;255m[38;2;220;156;255m▘[0m
[48;2;255;156;255m[38;2;0;0;0m [48;2;255;156;255m[38;2;255;148;211m▝[48;2;255;148;211m[38;2;255;156;255m▖    [48;2;255;148;211m[38;2;255;156;156m▝[48;2;255;156;156m[38;2;0;0;0m     [48;2;255;156;156m[38;2;255;211;156m▝▀[48;2;255;211;156m[38;2;0;0;0m    [48;2;255;211;156m[38;2;159;159;159m▔[48;2;255;211;156m[38;2;129;129;129m▔[48;2;181;58;0m[38;2;255;211;156m▅▄▃▂▂[48;2;255;102;255m[38;2;0;0;0m  [48;2;255;102;255m[38;2;101;101;101m▂▂[48;2;101;101;101m[38;2;0;0;0m  [48;2;101;101;101m[38;2;255;102;255m▃▖ [48;2;101;101;101m[38;2;181;58;0m▐[48;2;181;58;0m[38;2;0;0;0m                [48;2;116;58;0m[38;2;181;58;0m▃▄▅▆[48;2;181;58;0m[38;2;0;0;0m   [48;2;181;58;0m[38;2;255;102;255m▃[48;2;101;101;101m[38;2;255;102;255m▂  [48;2;255;156;255m[38;2;101;101;101m▍  [48;2;255;156;255m[38;2;220;156;255m▗[48;2;220;156;255m[38;2;255;156;255m▘   [48;2;220;156;255m[38;2;156;156;255m▗[48;2;156;156;255m[38;2;0;0;0m  [0m
[48;2;255;156;255m[38;2;0;0;0m   [48;2;255;156;255m[38;2;255;148;211m▀[48;2;255;148;211m[38;2;0;0;0m     [48;2;255;156;156m[38;2;255;148;211m▅▃     [48;2;255;211;156m[38;2;255;156;156m▅▃        [48;2;255;211;156m[38;2;255;156;255m▔[48;2;101;101;101m[38;2;196;89;255m▍ [48;2;101;101;101m[38;2;159;159;159m▂ [48;2;255;102;255m[38;2;101;101;101m▂ [48;2;101;101;101m[38;2;255;102;255m▊ [48;2;181;58;0m[38;2;101;101;101m▍                    [48;2;101;101;101m[38;2;181;58;0m▊[48;2;181;58;0m[38;2;101;101;101m▆[48;2;101;101;101m[38;2;255;102;255m▝[48;2;255;102;255m[38;2;101;101;101m▁▂[48;2;101;101;101m[38;2;0;0;0m  [48;2;196;89;255m[38;2;101;101;101m▂[48;2;255;156;255m[38;2;255;156;255m▔[48;2;220;156;255m[38;2;255;156;255m▀     [48;2;156;156;255m[38;2;181;58;0m▁  [0m
[48;2;255;156;255m[38;2;0;0;0m    [48;2;255;156;255m[38;2;255;148;211m▝[48;2;255;148;211m[38;2;255;156;255m▖     [48;2;255;156;156m[38;2;255;148;211m▆▂      [48;2;255;211;156m[38;2;255;156;156m▆▄▂       [48;2;255;211;156m[38;2;101;101;101m▂▄[48;2;101;101;101m[38;2;196;89;255m▝[48;2;255;102;255m[38;2;101;101;101m▂[48;2;255;102;255m[38;2;181;58;0m▂[48;2;101;101;101m[38;2;159;159;159m▏[48;2;181;58;0m[38;2;101;101;101m▏                  [48;2;181;58;0m[38;2;255;89;188m▂[48;2;181;58;0m[38;2;255;102;255m▅[48;2;255;102;255m[38;2;181;58;0m▔[48;2;101;101;101m[38;2;255;102;255m▆    ▆[48;2;196;89;255m[38;2;101;101;101m▀[48;2;255;102;255m[38;2;101;101;101m▂[48;2;196;89;255m[38;2;101;101;101m▅[48;2;159;159;159m[38;2;181;58;0m▂[48;2;220;156;255m[38;2;181;58;0m▂[48;2;181;58;0m[38;2;220;156;255m▀▀ [48;2;181;58;0m[38;2;156;156;255m▗[48;2;156;156;255m[38;2;181;58;0m▘ [0m
[48;2;255;156;255m[38;2;220;156;255m▖     [48;2;255;148;211m[38;2;255;156;255m▅▂     [48;2;255;156;156m[38;2;255;148;211m▅▄▃▁      [48;2;255;211;156m[38;2;255;156;156m▆▅▄▂[48;2;255;211;156m[38;2;101;101;101m▂[48;2;101;101;101m[38;2;255;211;156m▀   [48;2;181;58;0m[38;2;101;101;101m▘ ▐                 ▗▅[48;2;255;102;255m[38;2;101;101;101m▍▄▄▄[48;2;101;101;101m[38;2;255;89;188m▗[48;2;255;102;255m[38;2;101;101;101m▔[48;2;101;101;101m[38;2;255;102;255m▆[48;2;101;101;101m[38;2;196;89;255m▂   [48;2;181;58;0m[38;2;101;101;101m▍     [48;2;181;58;0m[38;2;156;156;255m▂[48;2;156;156;255m[38;2;0;0;0m  [0m
[48;2;220;156;255m[38;2;0;0;0m [48;2;220;156;255m[38;2;255;156;255m▔[48;2;255;156;255m[38;2;0;0;0m      [48;2;255;156;255m[38;2;255;148;211m▔▀[48;2;255;148;211m[38;2;255;156;255m▁       [48;2;255;156;156m[38;2;255;148;211m▆▄▖     [48;2;129;129;129m[38;2;255;156;156m▀[48;2;101;101;101m[38;2;255;156;156m▘[48;2;255;102;255m[38;2;0;0;0m [48;2;255;102;255m[38;2;101;101;101m▘▟[48;2;181;58;0m[38;2;101;101;101m▘                    [48;2;101;101;101m[38;2;181;58;0m▍  [48;2;101;101;101m[38;2;196;89;255m▂[48;2;101;101;101m[38;2;255;102;255m▂ ▝[48;2;255;102;255m[38;2;101;101;101m▂▂▂[48;2;101;101;101m[38;2;0;0;0m    [48;2;101;101;101m[38;2;159;159;159m▁[48;2;156;156;255m[38;2;181;58;0m▔▔▔▜▙  [0m
[48;2;220;156;255m[38;2;0;0;0m   [48;2;220;156;255m[38;2;255;156;255m▀[48;2;255;156;255m[38;2;220;156;255m▁      [48;2;255;148;211m[38;2;255;156;255m▆▄▁         [48;2;255;148;211m[38;2;255;156;156m▔[48;2;255;148;211m[38;2;255;102;255m▗[48;2;255;102;255m[38;2;0;0;0m [48;2;101;101;101m[38;2;255;102;255m▍ ▀[48;2;101;101;101m[38;2;196;89;255m▔[48;2;181;58;0m[38;2;101;101;101m▘                     [48;2;101;101;101m[38;2;181;58;0m▍ [48;2;255;102;255m[38;2;101;101;101m▍  ▐[48;2;101;101;101m[38;2;0;0;0m       [48;2;255;102;255m[38;2;101;101;101m▊[48;2;156;156;255m[38;2;255;102;255m▁       [0m
[48;2;220;156;255m[38;2;0;0;0m      [48;2;255;156;255m[38;2;220;156;255m▁▁[48;2;255;156;255m[38;2;255;148;211m▁[48;2;255;156;255m[38;2;220;156;255m▁▁▁▁  [48;2;255;148;211m[38;2;255;156;255m▆▄▂     [48;2;101;101;101m[38;2;255;148;211m▀[48;2;255;148;211m[38;2;101;101;101m▂[48;2;255;102;255m[38;2;101;101;101m▂[48;2;101;101;101m[38;2;255;102;255m▍[48;2;101;101;101m[38;2;129;129;129m▁[48;2;101;101;101m[38;2;159;159;159m▁[48;2;181;58;0m[38;2;101;101;101m▘[48;2;181;58;0m[38;2;255;89;188m▂▂▂▂▂[48;2;181;58;0m[38;2;129;129;129m▂▂▂▂▂▂▂▂▂[48;2;181;58;0m[38;2;255;89;89m▂▂▂▂▂▂▂▂[48;2;181;58;0m[38;2;101;101;101m▐[48;2;101;101;101m[38;2;77;77;77m▁[48;2;101;101;101m[38;2;255;102;255m▝▀▀ ▗▅▆▅▆▍ [48;2;101;101;101m[38;2;196;89;255m▐[48;2;255;102;255m[38;2;101;101;101m▂[48;2;156;156;255m[38;2;101;101;101m▂[48;2;156;156;255m[38;2;129;129;129m▂     [0m
