[38;2;0;0;71m[48;2;0;0;71m        [38;2;54;54;54m[48;2;0;0;71m▁[38;2;40;40;40m[48;2;0;0;71m▂▃▃[38;2;54;54;54m[48;2;0;0;71m▃▃[38;2;40;40;40m[48;2;0;0;71m▃[38;2;254;139;0m[48;2;0;0;71m▗▖[38;2;40;40;40m[48;2;0;0;71m▂[38;2;254;139;0m[48;2;0;0;71m▗▖[38;2;100;100;100m[48;2;0;0;71m▂[38;2;0;0;71m[48;2;254;139;0m▀[38;2;0;0;71m[48;2;0;0;71m [38;2;0;0;71m[48;2;254;139;0m▀[38;2;0;0;71m[48;2;0;0;71m  [38;2;254;139;0m[48;2;0;0;71m▗▖▗[38;2;0;0;71m[48;2;254;139;0m▀▀▀[38;2;0;0;71m[48;2;0;0;71m [38;2;0;0;71m[48;2;254;139;0m▀[38;2;254;139;0m[48;2;0;0;71m▂  [38;2;0;0;71m[48;2;254;139;0m▀[38;2;0;0;71m[48;2;0;0;71m [38;2;0;0;71m[48;2;254;139;0m▀▀▀▀[38;2;254;139;0m[48;2;0;0;71m▗▖   [38;2;0;0;71m[48;2;254;139;0m▀[38;2;254;139;0m[48;2;0;0;71m▗[38;2;0;0;71m[48;2;254;139;0m▀▀▀[38;2;254;139;0m[48;2;0;0;71m▂ [38;2;0;0;71m[48;2;254;139;0m▀▀▀▀[38;2;0;0;71m[48;2;0;0;71m [38;2;231;126;25m[48;2;0;0;71m▂[38;2;0;0;71m[48;2;254;139;0m▀[38;2;254;139;0m[48;2;0;0;71m▅[38;2;0;0;71m[48;2;254;139;0m▀[38;2;247;135;8m[48;2;0;0;71m [38;2;254;139;0m[48;2;0;0;71m  [38;2;0;0;71m[48;2;254;139;0m▀[38;2;0;0;71m[48;2;0;0;71m   [38;2;0;0;71m[48;2;254;139;0m▀[38;2;0;0;71m[48;2;0;0;71m [38;2;254;139;0m[48;2;0;0;71m▃[38;2;0;0;71m[48;2;254;139;0m▀▀[38;2;254;139;0m[48;2;0;0;71m▂ [0m
[38;2;0;0;71m[48;2;0;0;71m    [38;2;40;40;40m[48;2;0;0;71m▂▅▆[38;2;54;54;54m[48;2;40;40;40m▃ ▗[38;2;18;18;18m[48;2;54;54;54m▁[38;2;76;76;76m[48;2;40;40;40m▂▃▂[38;2;54;54;54m[48;2;40;40;40m▂[38;2;129;78;44m[48;2;50;50;50m▕[38;2;232;128;14m[48;2;254;139;0m▕[38;2;254;139;0m[48;2;54;54;54m▃[38;2;81;53;38m[48;2;254;139;0m▗[38;2;234;131;27m[48;2;254;139;0m▕[38;2;254;139;0m[48;2;76;76;76m▗[38;2;71;71;71m[48;2;254;139;0m▗[38;2;144;109;91m[48;2;100;100;100m▕[38;2;247;137;19m[48;2;254;139;0m▏[38;2;0;0;71m[48;2;254;139;0m▀▀▘▐▍[38;2;254;139;0m[48;2;0;0;71m▃▃▃[38;2;104;53;65m[48;2;0;0;71m▕[38;2;241;132;14m[48;2;254;139;0m▏[38;2;254;139;0m[48;2;7;3;68m▀[38;2;0;0;71m[48;2;254;139;0m▀[38;2;100;51;66m[48;2;0;0;71m▕[38;2;240;131;16m[48;2;254;139;0m▕[38;2;98;50;66m[48;2;0;0;71m▏[38;2;239;131;16m[48;2;254;139;0m▏[38;2;0;0;71m[48;2;254;139;0m▅▅▅[38;2;0;0;71m[48;2;0;0;71m [38;2;0;0;71m[48;2;254;139;0m▖[38;2;254;139;0m[48;2;0;0;71m▖ [38;2;0;0;71m[48;2;254;139;0m▘[38;2;254;139;0m[48;2;0;0;71m▘▐[38;2;0;0;71m[48;2;254;139;0m▗▅[38;2;254;139;0m[48;2;0;0;71m▀[38;2;234;128;22m[48;2;254;139;0m▏[38;2;254;139;0m[48;2;76;37;68m▐[38;2;0;0;71m[48;2;254;139;0m▗▅▅▖[38;2;65;29;68m[48;2;254;139;0m▐[38;2;231;126;25m[48;2;254;139;0m▏[38;2;254;139;0m[48;2;0;0;71m▀[38;2;0;0;71m[48;2;254;139;0m▆▅[38;2;254;139;0m[48;2;0;0;71m▘[38;2;0;0;71m[48;2;254;139;0m▍[38;2;254;139;0m[48;2;0;0;71m▍[38;2;228;124;28m[48;2;254;139;0m▏[38;2;0;0;71m[48;2;254;139;0m▝[38;2;0;0;71m[48;2;0;0;71m  [38;2;0;0;71m[48;2;254;139;0m▏[38;2;254;139;0m[48;2;31;8;70m▐[38;2;0;0;71m[48;2;254;139;0m▗▅▅▂[38;2;254;139;0m[48;2;0;0;71m [0m
[38;2;0;0;71m[48;2;0;0;71m [38;2;6;6;54m[48;2;0;0;71m▕[38;2;18;18;18m[48;2;0;0;71m▅[38;2;0;0;71m[48;2;18;18;18m▔[38;2;40;40;40m[48;2;18;18;18m▃[38;2;18;18;18m[48;2;40;40;40m▘▂[38;2;40;40;40m[48;2;18;18;18m▀▁▅[38;2;18;18;18m[48;2;40;40;40m▂[38;2;40;40;40m[48;2;18;18;18m▀[38;2;18;18;18m[48;2;40;40;40m▅▆▔[38;2;40;40;40m[48;2;54;54;54m▆[38;2;254;139;0m[48;2;40;40;40m▝[38;2;254;139;0m[48;2;254;139;0m [38;2;254;139;0m[48;2;54;54;54m▘▝[38;2;234;129;11m[48;2;254;139;0m▕[38;2;98;69;48m[48;2;54;54;54m▏[38;2;125;78;48m[48;2;54;54;54m▕[38;2;237;134;40m[48;2;254;139;0m▕[38;2;100;100;100m[48;2;54;54;54m▀▅[38;2;254;139;0m[48;2;54;54;54m▐[38;2;0;0;71m[48;2;254;139;0m▐▍[38;2;254;139;0m[48;2;0;0;71m▃▃▃[38;2;104;53;65m[48;2;0;0;71m▕[38;2;238;130;14m[48;2;254;139;0m▕[38;2;97;52;59m[48;2;0;0;71m▏[38;2;0;0;71m[48;2;254;139;0m▅[38;2;241;132;15m[48;2;254;139;0m▏[38;2;240;131;16m[48;2;254;139;0m▕[38;2;98;50;66m[48;2;0;0;71m▏[38;2;239;131;16m[48;2;254;139;0m▏[38;2;254;139;0m[48;2;0;0;71m▆▆▖  [38;2;0;0;71m[48;2;254;139;0m▖[38;2;254;139;0m[48;2;0;0;71m▟▘ ▐[38;2;0;0;71m[48;2;254;139;0m▝[38;2;254;139;0m[48;2;0;0;71m▃[38;2;0;0;71m[48;2;254;139;0m▀[38;2;234;128;22m[48;2;254;139;0m▏[38;2;254;139;0m[48;2;76;37;68m▐[38;2;254;139;0m[48;2;0;0;71m▍  [38;2;0;0;71m[48;2;254;139;0m▊▐▖[38;2;254;139;0m[48;2;0;0;71m▆▆▅▖[38;2;0;0;71m[48;2;254;139;0m▍[38;2;254;139;0m[48;2;0;0;71m▍[38;2;0;0;71m[48;2;254;139;0m▕[38;2;254;139;0m[48;2;0;0;71m▝[38;2;0;0;71m[48;2;254;139;0m▐[38;2;0;0;71m[48;2;0;0;71m [38;2;0;0;71m[48;2;254;139;0m▏[38;2;254;139;0m[48;2;31;8;70m▐[38;2;0;0;71m[48;2;254;139;0m▐[38;2;0;0;71m[48;2;0;0;71m [38;2;0;0;71m[48;2;254;139;0m▀▀[38;2;0;0;71m[48;2;0;0;71m [0m
[38;2;0;0;71m[48;2;0;0;71m [38;2;0;0;71m[48;2;18;18;18m▍[38;2;40;40;40m[48;2;18;18;18m▗[38;2;18;18;18m[48;2;40;40;40m▗▆[38;2;39;39;39m[48;2;18;18;18m▔[38;2;40;40;40m[48;2;18;18;18m▗▞▀[38;2;18;18;18m[48;2;40;40;40m▀[38;2;18;18;18m[48;2;18;18;18m  [38;2;18;18;18m[48;2;40;40;40m▊ [38;2;54;54;54m[48;2;40;40;40m▃[38;2;18;18;18m[48;2;40;40;40m▁▂[38;2;40;40;40m[48;2;54;54;54m▖[38;2;54;54;54m[48;2;100;100;100m▃[38;2;100;100;100m[48;2;18;18;18m▆[38;2;54;54;54m[48;2;128;128;128m▀[38;2;76;76;76m[48;2;126;126;126m▀[38;2;76;76;76m[48;2;40;40;40m▃▔[38;2;40;40;40m[48;2;54;54;54m▖[38;2;54;54;54m[48;2;128;128;128m▊[38;2;126;126;126m[48;2;76;76;76m▖[38;2;100;100;100m[48;2;40;40;40m▅[38;2;40;40;40m[48;2;0;0;71m▂         [38;2;98;50;66m[48;2;0;0;71m▕[38;2;239;131;16m[48;2;254;139;0m▏[38;2;100;51;66m[48;2;0;0;71m▏   [38;2;254;139;0m[48;2;0;0;71m▗[38;2;0;0;71m[48;2;254;139;0m▗[38;2;254;139;0m[48;2;0;0;71m▝[38;2;0;0;71m[48;2;254;139;0m▝[38;2;0;0;71m[48;2;0;0;71m [38;2;254;139;0m[48;2;0;0;71m▐[38;2;0;0;71m[48;2;254;139;0m▗▅▅[38;2;0;0;71m[48;2;0;0;71m [38;2;254;139;0m[48;2;0;0;71m▐▍  [38;2;0;0;71m[48;2;254;139;0m▊▐[38;2;0;0;71m[48;2;0;0;71m [38;2;220;120;33m[48;2;0;0;71m▔▔[38;2;0;0;71m[48;2;254;139;0m▊▐▍[38;2;254;139;0m[48;2;0;0;71m▍[38;2;0;0;71m[48;2;254;139;0m▕[38;2;0;0;71m[48;2;0;0;71m [38;2;0;0;71m[48;2;254;139;0m▖[38;2;254;139;0m[48;2;0;0;71m▖[38;2;0;0;71m[48;2;254;139;0m▏[38;2;254;139;0m[48;2;31;8;70m▐[38;2;0;0;71m[48;2;254;139;0m▐[38;2;0;0;71m[48;2;0;0;71m [38;2;0;0;71m[48;2;254;139;0m▆▏[38;2;136;72;61m[48;2;0;0;71m▏[0m
[38;2;40;40;40m[48;2;0;0;71m [38;2;40;40;40m[48;2;18;18;18m ▝  ▗[38;2;19;19;19m[48;2;40;40;40m▍[38;2;19;19;19m[48;2;18;18;18m [38;2;40;40;40m[48;2;18;18;18m▃  ▗▆[38;2;76;76;76m[48;2;40;40;40m▂[38;2;54;54;54m[48;2;18;18;18m▅[38;2;18;18;18m[48;2;54;54;54m▂[38;2;54;54;54m[48;2;18;18;18m▀[38;2;18;18;18m[48;2;54;54;54m▅[38;2;40;40;40m[48;2;76;76;76m▆[38;2;40;40;40m[48;2;54;54;54m▞[38;2;21;21;21m[48;2;54;54;54m▘[38;2;100;100;100m[48;2;54;54;54m▂▃▃▃[38;2;76;76;76m[48;2;54;54;54m▂[38;2;73;73;73m[48;2;76;76;76m▏ [38;2;54;54;54m[48;2;100;100;100m▀[38;2;0;0;71m[48;2;100;100;100m▀[38;2;0;0;71m[48;2;0;0;71m        [38;2;98;50;66m[48;2;0;0;71m▕[38;2;239;131;16m[48;2;254;139;0m▏[38;2;0;0;71m[48;2;254;139;0m▔▔▔[38;2;254;139;0m[48;2;0;0;71m▗[38;2;0;0;71m[48;2;254;139;0m▗[38;2;0;0;71m[48;2;0;0;71m  [38;2;254;139;0m[48;2;0;0;71m▝[38;2;0;0;71m[48;2;254;139;0m▝[38;2;254;139;0m[48;2;0;0;71m▐[38;2;0;0;71m[48;2;254;139;0m▐[38;2;0;0;71m[48;2;0;0;71m   [38;2;254;139;0m[48;2;0;0;71m▝[38;2;0;0;71m[48;2;254;139;0m▁▔▔▁[38;2;254;139;0m[48;2;0;0;71m▘[38;2;0;0;71m[48;2;254;139;0m▁▔▔▁[38;2;254;139;0m[48;2;0;0;71m▘[38;2;0;0;71m[48;2;254;139;0m▍[38;2;254;139;0m[48;2;0;0;71m▍[38;2;228;124;28m[48;2;254;139;0m▏[38;2;128;67;62m[48;2;0;0;71m▏[38;2;44;15;68m[48;2;0;0;71m▕[38;2;1;0;70m[48;2;254;139;0m▖[38;2;252;138;2m[48;2;254;139;0m▕[38;2;254;139;0m[48;2;0;0;71m▝[38;2;0;0;71m[48;2;254;139;0m▁▔▔▗[38;2;0;0;71m[48;2;0;0;71m [0m
[38;2;18;18;18m[48;2;18;18;18m   [38;2;40;40;40m[48;2;18;18;18m▞ ▘[38;2;18;18;18m[48;2;40;40;40m▍[38;2;40;40;40m[48;2;19;19;19m▐[38;2;54;54;54m[48;2;18;18;18m▘[38;2;40;40;40m[48;2;18;18;18m▂[38;2;100;100;100m[48;2;40;40;40m▃[38;2;76;76;76m[48;2;40;40;40m▅[38;2;196;107;0m[48;2;76;76;76m▗[38;2;196;107;0m[48;2;43;43;43m▞[38;2;76;76;76m[48;2;27;27;27m▅[38;2;196;107;0m[48;2;40;40;40m▅[38;2;254;139;0m[48;2;40;40;40m▅[38;2;254;139;0m[48;2;54;54;54m▆[38;2;254;139;0m[48;2;100;100;100m▅▆[38;2;254;179;88m[48;2;196;107;0m▅[38;2;254;179;88m[48;2;254;139;0m▅▆▆[38;2;254;179;88m[48;2;196;107;0m▆[38;2;246;135;0m[48;2;196;107;0m▅[38;2;76;76;76m[48;2;196;107;0m▀[38;2;81;81;81m[48;2;76;76;76m▕[38;2;100;100;100m[48;2;128;128;128m▅[38;2;128;128;128m[48;2;158;158;158m▂[38;2;128;128;128m[48;2;0;0;71m▍   [38;2;254;139;0m[48;2;0;0;71m▗[38;2;0;0;71m[48;2;254;139;0m▀[38;2;254;139;0m[48;2;0;0;71m▅[38;2;0;0;71m[48;2;254;139;0m▀[38;2;254;139;0m[48;2;0;0;71m▖  [38;2;0;0;71m[48;2;254;139;0m▀▀▀▀[38;2;254;139;0m[48;2;0;0;71m▖[38;2;0;0;71m[48;2;254;139;0m▀▀▀▀[38;2;254;139;0m[48;2;0;0;71m▖▗▖[38;2;0;0;71m[48;2;254;139;0m▀[38;2;254;139;0m[48;2;0;0;71m▖ ▗[38;2;0;0;71m[48;2;254;139;0m▀[38;2;0;0;71m[48;2;0;0;71m [38;2;0;0;71m[48;2;254;139;0m▀▀▀▀[38;2;5;55;25m[48;2;0;0;71m [38;2;125;66;59m[48;2;0;0;71m              [0m
[38;2;40;40;40m[48;2;18;18;18m      [38;2;18;18;18m[48;2;40;40;40m▍[38;2;68;68;68m[48;2;40;40;40m▕[38;2;119;119;119m[48;2;76;76;76m▖[38;2;196;107;0m[48;2;76;76;76m▐[38;2;196;107;0m[48;2;196;107;0m [38;2;254;139;0m[48;2;196;107;0m▗▖[38;2;196;107;0m[48;2;100;100;100m▗[38;2;254;139;0m[48;2;196;107;0m▅[38;2;254;139;0m[48;2;254;139;0m   [38;2;254;139;0m[48;2;254;179;88m▀       [38;2;254;179;88m[48;2;254;139;0m▖[38;2;254;139;0m[48;2;106;106;106m▅[38;2;76;76;76m[48;2;128;128;128m▆[38;2;126;126;126m[48;2;76;76;76m▝[38;2;126;126;126m[48;2;0;0;71m▍  [38;2;104;53;65m[48;2;0;0;71m▕[38;2;241;132;14m[48;2;254;139;0m▏[38;2;254;139;0m[48;2;0;0;71m▂▂▂[38;2;240;131;16m[48;2;254;139;0m▕[38;2;100;51;66m[48;2;0;0;71m▏[38;2;95;48;66m[48;2;0;0;71m▕[38;2;239;131;17m[48;2;254;139;0m▏[38;2;108;58;56m[48;2;0;0;71m▏  [38;2;89;45;67m[48;2;0;0;71m▕[38;2;237;129;19m[48;2;254;139;0m▏[38;2;254;139;0m[48;2;0;0;71m▂▂▂[38;2;0;0;71m[48;2;254;139;0m▕[38;2;254;139;0m[48;2;0;0;71m▐▌[38;2;234;128;18m[48;2;254;139;0m▏[38;2;76;37;68m[48;2;254;139;0m▖[38;2;0;0;71m[48;2;254;139;0m▀[38;2;72;35;68m[48;2;254;139;0m▗[38;2;247;135;8m[48;2;254;139;0m▕[38;2;119;62;63m[48;2;0;0;71m▏[38;2;0;0;71m[48;2;247;135;8m [38;2;254;139;0m[48;2;0;0;71m▃▃      ▂▂▂       [0m
[38;2;40;40;40m[48;2;40;40;40m [38;2;40;40;40m[48;2;18;18;18m▘   [38;2;18;18;18m[48;2;40;40;40m▀[38;2;19;19;19m[48;2;54;54;54m▖[38;2;40;40;40m[48;2;106;106;106m▏[38;2;175;97;6m[48;2;196;107;0m▏[38;2;254;139;0m[48;2;196;107;0m▗▅[38;2;254;139;0m[48;2;254;139;0m [38;2;196;107;0m[48;2;254;139;0m▀   [38;2;254;179;88m[48;2;254;139;0m▃▆[38;2;254;148;37m[48;2;254;139;0m▕[38;2;254;139;0m[48;2;254;179;88m▁       [38;2;251;138;0m[48;2;254;179;88m▝[38;2;234;134;21m[48;2;100;100;100m▍[38;2;76;76;76m[48;2;107;107;107m▊[38;2;122;122;122m[48;2;0;0;71m▍  [38;2;104;53;65m[48;2;0;0;71m▕[38;2;241;132;14m[48;2;254;139;0m▏[38;2;0;0;71m[48;2;254;139;0m▆▆▆[38;2;240;131;16m[48;2;254;139;0m▕[38;2;100;51;66m[48;2;0;0;71m▏[38;2;95;48;66m[48;2;0;0;71m▕[38;2;239;131;17m[48;2;254;139;0m▏[38;2;0;0;71m[48;2;254;139;0m▀▀▀[38;2;254;139;0m[48;2;0;0;71m▖[38;2;237;129;19m[48;2;254;139;0m▏[38;2;0;0;71m[48;2;254;139;0m▆▆▖[38;2;254;139;0m[48;2;0;0;71m▖▐[38;2;82;43;62m[48;2;254;139;0m▐[38;2;234;128;18m[48;2;254;139;0m▏[38;2;122;66;52m[48;2;0;0;71m▏[38;2;0;0;71m[48;2;254;139;0m▆[38;2;84;46;56m[48;2;0;0;71m▕[38;2;233;128;16m[48;2;254;139;0m▏[38;2;119;62;63m[48;2;0;0;71m▏[38;2;0;0;71m[48;2;247;135;8m [38;2;0;0;71m[48;2;254;139;0m▀▀▀[38;2;5;55;25m[48;2;0;0;71m [38;2;125;66;59m[48;2;0;0;71m [38;2;0;0;71m[48;2;254;139;0m▊▐[38;2;254;139;0m[48;2;0;0;71m▐▃▃▃       [0m
[38;2;0;0;71m[48;2;40;40;40m [38;2;0;0;71m[48;2;18;18;18m  [38;2;40;40;40m[48;2;18;18;18m▁▃[38;2;39;39;39m[48;2;40;40;40m▏[38;2;76;76;76m[48;2;40;40;40m▐[38;2;82;82;82m[48;2;76;76;76m▕[38;2;100;100;100m[48;2;196;107;0m▍[38;2;253;138;0m[48;2;254;139;0m▏      [38;2;254;178;86m[48;2;254;139;0m▔[38;2;254;179;88m[48;2;254;139;0m▂▃[38;2;254;139;0m[48;2;254;179;88m▀ ▂▃▂   ▃[38;2;115;58;0m[48;2;254;139;0m▐[38;2;100;100;100m[48;2;76;76;76m▝[38;2;76;76;76m[48;2;0;0;71m▘                     [38;2;88;179;254m[48;2;0;0;71m [38;2;76;76;76m[48;2;0;0;71m            [38;2;0;0;71m[48;2;254;139;0m▊▐[38;2;0;0;71m[48;2;0;0;71m [38;2;254;139;0m[48;2;0;0;71m▃▃▃[38;2;0;0;71m[48;2;254;139;0m▐[38;2;0;0;71m[48;2;0;0;71m      [0m
[38;2;0;0;71m[48;2;40;40;40m   [38;2;40;40;40m[48;2;54;54;54m▀[38;2;76;76;76m[48;2;54;54;54m▆▃[38;2;76;76;76m[48;2;100;100;100m▁[38;2;100;100;100m[48;2;254;139;0m▘      [38;2;196;107;0m[48;2;254;139;0m▁[38;2;115;58;0m[48;2;254;139;0m▂▃[38;2;254;139;0m[48;2;196;107;0m▀[38;2;254;148;37m[48;2;254;139;0m▕[38;2;254;179;88m[48;2;254;139;0m▀[38;2;254;139;0m[48;2;254;179;88m▃▂▃[38;2;254;179;88m[48;2;245;135;0m▀[38;2;254;179;88m[48;2;196;107;0m▀[38;2;196;107;0m[48;2;254;179;88m▅▅[38;2;254;179;88m[48;2;196;107;0m▀[38;2;254;139;0m[48;2;159;99;44m▊[38;2;0;0;71m[48;2;100;100;100m▐[38;2;0;0;71m[48;2;0;0;71m [38;2;254;139;0m[48;2;0;0;71m▗[38;2;0;0;71m[48;2;254;139;0m▀▀▀[38;2;254;139;0m[48;2;0;0;71m▖[38;2;0;0;71m[48;2;254;139;0m▀▀▀▀[38;2;0;0;71m[48;2;0;0;71m [38;2;0;0;71m[48;2;254;139;0m▀▀▀▀[38;2;0;0;71m[48;2;0;0;71m [38;2;254;139;0m[48;2;0;0;71m▃[38;2;0;0;71m[48;2;254;139;0m▀▀▀[38;2;254;139;0m[48;2;0;0;71m▃▗[38;2;0;0;71m[48;2;254;139;0m▀▀▀[38;2;254;139;0m[48;2;0;0;71m▖[38;2;0;0;71m[48;2;254;139;0m▀▀▀▀[38;2;0;0;71m[48;2;0;0;71m [38;2;0;0;71m[48;2;254;139;0m▀▀▀▀[38;2;0;0;71m[48;2;0;0;71m   [38;2;254;139;0m[48;2;0;0;71m▗[38;2;0;0;71m[48;2;254;139;0m▀▀[38;2;254;139;0m[48;2;0;0;71m▖▗[38;2;0;0;71m[48;2;254;139;0m▀▀▀[38;2;254;139;0m[48;2;0;0;71m▖ [0m
[38;2;0;0;71m[48;2;0;0;71m [38;2;44;44;44m[48;2;40;40;40m▕[38;2;196;107;0m[48;2;54;54;54m▁[38;2;76;76;76m[48;2;54;54;54m▐▝[38;2;76;76;76m[48;2;76;76;76m [38;2;76;76;76m[48;2;254;139;0m▊    [38;2;243;133;0m[48;2;254;139;0m▕[38;2;196;107;0m[48;2;254;139;0m▅[38;2;40;40;40m[48;2;196;107;0m▂[38;2;54;54;54m[48;2;115;58;0m▂[38;2;100;100;100m[48;2;71;32;0m▂▂▂[38;2;100;100;100m[48;2;115;58;0m▁[38;2;76;76;76m[48;2;196;107;0m▁[38;2;76;76;76m[48;2;254;139;0m [38;2;254;179;88m[48;2;254;139;0m▃[38;2;196;107;0m[48;2;254;142;11m▗[38;2;115;58;0m[48;2;196;107;0m▅[38;2;116;58;0m[48;2;115;58;0m▏[38;2;18;18;18m[48;2;115;58;0m▁[38;2;115;58;0m[48;2;196;107;0m▆▅[38;2;196;107;0m[48;2;254;139;0m▅[38;2;0;0;71m[48;2;100;100;100m▝[38;2;100;100;100m[48;2;0;0;71m▃ [38;2;104;53;65m[48;2;0;0;71m▕[38;2;238;130;14m[48;2;254;139;0m▕[38;2;97;52;59m[48;2;0;0;71m▏[38;2;101;51;65m[48;2;0;0;71m▕[38;2;241;132;15m[48;2;254;139;0m▏[38;2;254;139;0m[48;2;0;0;71m▃▃[38;2;0;0;71m[48;2;254;139;0m▘[38;2;254;139;0m[48;2;0;0;71m▍[38;2;239;131;17m[48;2;254;139;0m▏[38;2;254;139;0m[48;2;0;0;71m▃▃ [38;2;89;45;67m[48;2;0;0;71m▕[38;2;237;129;19m[48;2;254;139;0m▏[38;2;254;139;0m[48;2;0;0;71m▃▃▃[38;2;235;128;21m[48;2;254;139;0m▏[38;2;112;58;64m[48;2;0;0;71m▏[38;2;82;43;62m[48;2;0;0;71m▕[38;2;234;128;18m[48;2;254;139;0m▏[38;2;122;66;52m[48;2;0;0;71m▏[38;2;74;36;68m[48;2;0;0;71m▕[38;2;232;127;23m[48;2;254;139;0m▏[38;2;254;139;0m[48;2;0;0;71m▃▃ [38;2;63;27;69m[48;2;0;0;71m▕[38;2;230;126;25m[48;2;254;139;0m▏[38;2;123;64;63m[48;2;0;0;71m▏ [38;2;0;0;71m[48;2;254;139;0m▊▐[38;2;0;0;71m[48;2;0;0;71m [38;2;49;16;70m[48;2;0;0;71m▕[38;2;0;0;71m[48;2;254;139;0m▕[38;2;254;139;0m[48;2;0;0;71m▂▂[38;2;0;0;71m[48;2;254;139;0m▐▍[38;2;254;139;0m[48;2;0;0;71m▃▃▃  [0m
[38;2;196;107;0m[48;2;0;0;71m [38;2;254;139;0m[48;2;196;107;0m▗[38;2;254;179;88m[48;2;254;139;0m▂[38;2;254;139;0m[48;2;115;58;0m▆[38;2;197;108;0m[48;2;54;54;53m▆[38;2;76;76;76m[48;2;40;40;40m▅[38;2;40;40;40m[48;2;196;107;0m▀[38;2;254;139;0m[48;2;40;40;40m▃[38;2;254;139;0m[48;2;18;18;18m▂[38;2;18;18;18m[48;2;254;139;0m▆▅[38;2;40;40;40m[48;2;196;107;0m▃▞[38;2;196;107;0m[48;2;115;58;0m▂[38;2;196;107;0m[48;2;126;126;126m▂[38;2;196;107;0m[48;2;18;18;18m▂[38;2;196;107;0m[48;2;40;40;40m▂[38;2;21;21;21m[48;2;76;76;76m▘[38;2;169;95;12m[48;2;196;107;0m▏[38;2;196;107;0m[48;2;128;128;128m▊[38;2;247;136;10m[48;2;76;76;76m▗[38;2;254;179;88m[48;2;76;76;76m▅[38;2;229;130;17m[48;2;126;126;126m▖[38;2;84;84;84m[48;2;196;107;0m▍[38;2;126;126;126m[48;2;196;107;0m▀[38;2;196;107;0m[48;2;40;40;40m▃[38;2;76;76;76m[48;2;196;107;0m▀[38;2;180;98;0m[48;2;196;107;0m▂[38;2;54;54;54m[48;2;196;107;0m▝[38;2;0;0;71m[48;2;93;93;97m▆[38;2;0;0;71m[48;2;128;128;128m▊[38;2;104;104;104m[48;2;0;0;71m▏[38;2;104;53;65m[48;2;0;0;71m▕[38;2;238;130;14m[48;2;254;139;0m▕[38;2;97;52;59m[48;2;0;0;71m▏[38;2;101;51;65m[48;2;0;0;71m▕[38;2;241;132;15m[48;2;254;139;0m▏[38;2;0;0;71m[48;2;240;131;16m▆[38;2;254;139;0m[48;2;0;0;71m▝[38;2;0;0;71m[48;2;254;139;0m▝[38;2;95;48;66m[48;2;0;0;71m▕[38;2;239;131;17m[48;2;254;139;0m▏[38;2;254;139;0m[48;2;0;0;71m▃▃▃[38;2;89;45;67m[48;2;0;0;71m▕[38;2;237;129;19m[48;2;254;139;0m▏[38;2;114;62;55m[48;2;0;0;71m▏ [38;2;88;47;60m[48;2;0;0;71m▕[38;2;235;129;17m[48;2;254;139;0m▏[38;2;112;58;64m[48;2;0;0;71m▏[38;2;82;43;62m[48;2;0;0;71m▕[38;2;234;128;18m[48;2;254;139;0m▏[38;2;122;66;52m[48;2;0;0;71m▏[38;2;74;36;68m[48;2;0;0;71m▕[38;2;232;127;23m[48;2;254;139;0m▏[38;2;254;139;0m[48;2;0;0;71m▃▃▃[38;2;63;27;69m[48;2;0;0;71m▕[38;2;230;126;25m[48;2;254;139;0m▏[38;2;254;139;0m[48;2;0;0;71m▃▃▃[38;2;0;0;71m[48;2;254;139;0m▐[38;2;0;0;71m[48;2;0;0;71m [38;2;49;16;70m[48;2;0;0;71m▕[38;2;0;0;71m[48;2;254;139;0m▕▆▆▐[38;2;0;0;71m[48;2;0;0;71m [38;2;254;139;0m[48;2;0;0;71m▃▃▃▊ [0m
[38;2;196;107;0m[48;2;0;0;71m [38;2;196;107;0m[48;2;254;139;0m [38;2;254;179;88m[48;2;254;139;0m▘[38;2;197;108;0m[48;2;254;139;0m▃[38;2;254;179;88m[48;2;254;139;0m▘[38;2;83;77;74m[48;2;198;108;0m▝[38;2;254;139;0m[48;2;196;107;0m▐[38;2;254;139;0m[48;2;254;139;0m   [38;2;196;107;0m[48;2;254;139;0m▔[38;2;254;139;0m[48;2;196;107;0m▂[38;2;159;129;97m[48;2;254;139;0m▐[38;2;254;139;0m[48;2;196;107;0m▅[38;2;196;107;0m[48;2;254;139;0m▀[38;2;196;107;0m[48;2;196;107;0m [38;2;109;101;98m[48;2;196;107;0m▝[38;2;128;128;128m[48;2;196;107;0m▁[38;2;100;100;100m[48;2;196;107;0m▂[38;2;191;106;10m[48;2;76;76;76m▗[38;2;158;158;158m[48;2;254;179;88m▘[38;2;254;139;0m[48;2;254;179;88m▂[38;2;217;163;101m[48;2;254;179;88m▕[38;2;196;107;0m[48;2;126;126;126m▞[38;2;126;126;126m[48;2;196;107;0m▁▂[38;2;158;158;158m[48;2;196;107;0m▂▂[38;2;158;158;158m[48;2;254;179;88m▂[38;2;0;0;71m[48;2;158;158;158m▀[38;2;100;100;100m[48;2;0;0;71m▘[38;2;12;12;67m[48;2;0;0;71m▏                                              [0m
[38;2;196;107;0m[48;2;0;0;71m [38;2;196;107;0m[48;2;254;139;0m▖[38;2;197;108;0m[48;2;196;107;0m▏[38;2;254;139;0m[48;2;126;126;126m▝[38;2;253;139;6m[48;2;254;139;0m▏[38;2;254;139;0m[48;2;196;107;0m▊[38;2;208;114;0m[48;2;254;139;0m▍      [38;2;156;129;95m[48;2;254;139;0m▔[38;2;158;158;158m[48;2;254;139;0m▔[38;2;196;107;0m[48;2;158;158;158m▆[38;2;196;107;0m[48;2;126;126;126m▆[38;2;196;107;0m[48;2;254;139;0m▀[38;2;254;139;0m[48;2;196;107;0m▆[38;2;254;139;0m[48;2;254;139;0m [38;2;254;179;88m[48;2;254;139;0m▘[38;2;254;147;31m[48;2;254;139;0m▕[38;2;254;174;78m[48;2;254;179;88m▏[38;2;254;179;88m[48;2;254;139;0m▍   ▝[38;2;254;139;0m[48;2;254;179;88m▂[38;2;254;179;88m[48;2;76;76;76m▊[38;2;21;21;71m[48;2;0;0;71m▏[38;2;5;55;25m[48;2;0;0;71m [38;2;254;139;0m[48;2;0;0;71m▆[38;2;0;0;71m[48;2;254;139;0m▂▂▂[38;2;254;139;0m[48;2;0;0;71m▘▗[38;2;0;0;71m[48;2;254;139;0m▂▂▂▐[38;2;254;139;0m[48;2;0;0;71m▐[38;2;0;0;71m[48;2;254;139;0m▝[38;2;0;0;71m[48;2;0;0;71m  [38;2;0;0;71m[48;2;254;139;0m▘▐[38;2;254;139;0m[48;2;0;0;71m▐[38;2;0;0;71m[48;2;254;139;0m▝[38;2;0;0;71m[48;2;0;0;71m  [38;2;0;0;71m[48;2;254;139;0m▘▐[38;2;254;139;0m[48;2;0;0;71m▐[38;2;0;0;71m[48;2;254;139;0m▐▂▖▗▂[38;2;5;55;25m[48;2;0;0;71m [38;2;0;0;71m[48;2;254;139;0m▂▖▗▂[38;2;254;139;0m[48;2;0;0;71m▐[38;2;0;0;71m[48;2;254;139;0m▐[38;2;254;139;0m[48;2;0;0;71m▐[38;2;0;0;71m[48;2;254;139;0m▝[38;2;66;29;68m[48;2;0;0;71m▏[38;2;37;10;70m[48;2;0;0;71m▕[38;2;226;123;29m[48;2;254;139;0m▏[38;2;132;70;61m[48;2;0;0;71m▏[38;2;0;0;71m[48;2;254;139;0m▘▗[38;2;254;139;0m[48;2;0;0;71m▀[38;2;0;0;71m[48;2;254;139;0m▖[38;2;254;139;0m[48;2;0;0;71m▖[0m
[38;2;0;0;71m[48;2;0;0;71m [38;2;254;139;0m[48;2;0;0;71m▝[38;2;254;139;0m[48;2;254;139;0m [38;2;254;139;0m[48;2;196;107;0m▆[38;2;196;107;0m[48;2;254;139;0m▘ ▂         ▃▅ ▁▁[38;2;254;179;88m[48;2;254;139;0m▝[38;2;254;139;0m[48;2;254;179;88m▅▃[38;2;202;110;0m[48;2;246;135;0m▝[38;2;254;139;0m[48;2;199;109;0m▀[38;2;254;139;0m[48;2;254;139;0m  [38;2;254;179;88m[48;2;254;139;0m▝[38;2;254;139;0m[48;2;0;0;71m▊ [38;2;0;0;71m[48;2;254;139;0m▊[38;2;238;130;14m[48;2;254;139;0m▕[38;2;97;52;59m[48;2;0;0;71m▏   [38;2;0;0;71m[48;2;254;139;0m▍[38;2;103;56;57m[48;2;0;0;71m▏ [38;2;100;54;58m[48;2;0;0;71m▕[38;2;254;139;0m[48;2;0;0;71m▊▐▌▙[38;2;0;0;71m[48;2;254;139;0m▘▌▐[38;2;254;139;0m[48;2;0;0;71m▐▌[38;2;0;0;71m[48;2;254;139;0m▝▘▌▐[38;2;254;139;0m[48;2;0;0;71m▐[38;2;0;0;71m[48;2;254;139;0m▐[38;2;0;0;71m[48;2;0;0;71m [38;2;254;139;0m[48;2;0;0;71m▐[38;2;0;0;71m[48;2;254;139;0m▐[38;2;0;0;71m[48;2;0;0;71m   [38;2;254;139;0m[48;2;0;0;71m▐[38;2;0;0;71m[48;2;254;139;0m▐[38;2;0;0;71m[48;2;0;0;71m [38;2;254;139;0m[48;2;0;0;71m▐[38;2;0;0;71m[48;2;254;139;0m▐[38;2;254;139;0m[48;2;0;0;71m▐[38;2;45;14;70m[48;2;254;139;0m▗[38;2;0;0;71m[48;2;254;139;0m▝[38;2;37;10;70m[48;2;0;0;71m▕[38;2;226;123;29m[48;2;254;139;0m▏[38;2;132;70;61m[48;2;0;0;71m▏[38;2;226;123;30m[48;2;254;139;0m▏[38;2;133;70;61m[48;2;0;0;71m▏[38;2;224;122;32m[48;2;0;0;71m▗[38;2;254;139;0m[48;2;0;0;71m▃ [0m
[38;2;0;0;71m[48;2;0;0;71m  [38;2;254;139;0m[48;2;0;0;71m▝[38;2;0;0;71m[48;2;254;139;0m▂[38;2;136;72;61m[48;2;254;139;0m▁[38;2;121;62;0m[48;2;254;139;0m▗[38;2;211;116;0m[48;2;196;107;0m▕[38;2;253;139;0m[48;2;254;139;0m▏[38;2;243;133;0m[48;2;254;139;0m▕[38;2;254;139;0m[48;2;196;107;0m▝[38;2;254;139;0m[48;2;254;139;0m     [38;2;254;139;0m[48;2;196;107;0m▘▅[38;2;254;139;0m[48;2;254;139;0m [38;2;196;107;0m[48;2;254;139;0m▂[38;2;196;107;0m[48;2;196;107;0m [38;2;196;107;0m[48;2;71;32;0m▆[38;2;115;58;0m[48;2;196;107;0m▗[38;2;196;107;0m[48;2;115;58;0m▔[38;2;196;107;0m[48;2;71;32;0m▆[38;2;254;139;0m[48;2;196;107;0m▀[38;2;196;107;0m[48;2;254;139;0m▂▂  [38;2;254;139;0m[48;2;0;0;71m▍ [38;2;0;0;71m[48;2;254;139;0m▊[38;2;238;130;18m[48;2;254;139;0m▕[38;2;254;139;0m[48;2;0;0;71m▂▂[38;2;239;131;17m[48;2;0;0;71m▂ [38;2;0;0;71m[48;2;254;139;0m▍[38;2;254;139;0m[48;2;0;0;71m▂▂▂▊▐[38;2;0;0;71m[48;2;254;139;0m▐[38;2;254;139;0m[48;2;0;0;71m▝▘▐[38;2;0;0;71m[48;2;254;139;0m▐[38;2;254;139;0m[48;2;0;0;71m▐[38;2;0;0;71m[48;2;254;139;0m▐[38;2;254;139;0m[48;2;0;0;71m▝▘▐[38;2;0;0;71m[48;2;254;139;0m▐[38;2;254;139;0m[48;2;0;0;71m▐[38;2;0;0;71m[48;2;254;139;0m▐[38;2;0;0;71m[48;2;0;0;71m [38;2;254;139;0m[48;2;0;0;71m▐[38;2;0;0;71m[48;2;254;139;0m▐[38;2;0;0;71m[48;2;0;0;71m   [38;2;254;139;0m[48;2;0;0;71m▐[38;2;0;0;71m[48;2;254;139;0m▐[38;2;0;0;71m[48;2;0;0;71m [38;2;254;139;0m[48;2;0;0;71m▐[38;2;0;0;71m[48;2;254;139;0m▐[38;2;254;139;0m[48;2;0;0;71m▐[38;2;0;0;71m[48;2;254;139;0m▐[38;2;254;139;0m[48;2;0;0;71m▝[38;2;37;10;70m[48;2;254;139;0m▝[38;2;226;123;29m[48;2;254;139;0m▏[38;2;132;70;61m[48;2;0;0;71m▏[38;2;226;123;30m[48;2;254;139;0m▏[38;2;133;70;61m[48;2;0;0;71m▏ [38;2;0;0;71m[48;2;254;139;0m▊▐[0m
[38;2;0;0;71m[48;2;0;0;71m      [38;2;0;0;71m[48;2;196;107;0m▏[38;2;254;139;0m[48;2;196;107;0m▝[38;2;254;139;0m[48;2;254;139;0m [38;2;198;109;0m[48;2;254;139;0m▝    [38;2;196;107;0m[48;2;254;139;0m▗[38;2;196;107;0m[48;2;76;76;76m▀[38;2;54;54;54m[48;2;196;107;0m▅[38;2;76;76;76m[48;2;196;107;0m▅▆[38;2;54;54;54m[48;2;76;76;76m▅▂[38;2;100;100;100m[48;2;54;54;54m▀[38;2;76;76;76m[48;2;40;40;40m▝[38;2;100;100;100m[48;2;54;54;54m▔[38;2;76;76;76m[48;2;100;100;100m▅[38;2;196;107;0m[48;2;100;100;100m▁[38;2;100;100;100m[48;2;126;126;126m▅[38;2;81;81;81m[48;2;207;113;0m▖[38;2;240;131;0m[48;2;254;139;0m▕[38;2;147;76;0m[48;2;0;0;71m▏  [38;2;254;139;0m[48;2;0;0;71m▝▀▀▀▘▝▀▀▀▘▝▘  ▝▘▝▘  ▝▘▝▘ ▝▘   ▝▘ ▝▘▝▘ ▝▀ ▝▀▀▀ [0m
[38;2;0;0;71m[48;2;0;0;71m      [38;2;0;0;71m[48;2;196;107;0m▊ [38;2;196;107;0m[48;2;254;139;0m▅▂  [38;2;244;134;0m[48;2;254;139;0m▕[38;2;196;107;0m[48;2;254;139;0m▅[38;2;196;107;0m[48;2;106;55;8m▊[38;2;54;54;54m[48;2;40;40;40m▁[38;2;196;107;0m[48;2;40;40;40m▃[38;2;254;139;0m[48;2;71;32;0m▅▆▆[38;2;196;107;0m[48;2;115;58;0m▆[38;2;254;139;0m[48;2;196;107;0m▆[38;2;196;107;0m[48;2;254;139;0m▂▃▔[38;2;246;135;0m[48;2;254;139;0m▕[38;2;105;105;105m[48;2;196;107;0m▐[38;2;207;113;0m[48;2;126;126;126m▐[38;2;0;0;71m[48;2;254;139;0m▐[38;2;0;0;71m[48;2;0;0;71m                [38;2;0;0;71m[48;2;254;139;0m▀▀▀▀[38;2;0;0;71m[48;2;0;0;71m  [38;2;254;139;0m[48;2;0;0;71m▗[38;2;0;0;71m[48;2;254;139;0m▀▀▀▀[38;2;254;139;0m[48;2;0;0;71m▗[38;2;0;0;71m[48;2;254;139;0m▀▀▀▀[38;2;0;0;71m[48;2;0;0;71m [38;2;0;0;71m[48;2;254;139;0m▀[38;2;254;139;0m[48;2;0;0;71m▗[38;2;0;0;71m[48;2;254;139;0m▀[38;2;0;0;71m[48;2;0;0;71m  [38;2;0;0;71m[48;2;254;139;0m▀[38;2;254;139;0m[48;2;0;0;71m▖▗[38;2;0;0;71m[48;2;254;139;0m▀▀▀[38;2;254;139;0m[48;2;0;0;71m▖    [0m
[38;2;0;0;71m[48;2;0;0;71m      [38;2;0;0;71m[48;2;6;6;65m▊[38;2;0;0;70m[48;2;254;139;0m▏[38;2;254;139;0m[48;2;196;107;0m▅[38;2;196;107;0m[48;2;119;60;0m▞[38;2;79;75;72m[48;2;196;107;0m▃[38;2;196;107;0m[48;2;254;139;0m▃[38;2;199;109;0m[48;2;196;107;0m▏ [38;2;147;90;39m[48;2;196;107;0m▕[38;2;147;90;39m[48;2;76;76;76m [38;2;76;76;76m[48;2;196;107;0m▖[38;2;254;139;0m[48;2;196;107;0m▐[38;2;196;107;0m[48;2;254;139;0m▂[38;2;254;139;0m[48;2;196;107;0m▃ [38;2;126;126;126m[48;2;196;107;0m▝[38;2;126;126;126m[48;2;98;98;98m▍[38;2;196;107;0m[48;2;254;139;0m▊ [38;2;202;110;0m[48;2;254;139;0m▗[38;2;59;59;59m[48;2;100;100;100m▗[38;2;0;0;71m[48;2;115;58;0m▗[38;2;0;0;71m[48;2;0;0;71m                [38;2;254;139;0m[48;2;0;0;71m▐[38;2;0;0;71m[48;2;254;139;0m▝[38;2;254;139;0m[48;2;0;0;71m▂▂[38;2;0;0;71m[48;2;254;139;0m▘▐[38;2;0;0;71m[48;2;0;0;71m [38;2;254;139;0m[48;2;0;0;71m▐[38;2;14;7;67m[48;2;254;139;0m▐[38;2;14;7;67m[48;2;0;0;71m   [38;2;254;139;0m[48;2;0;0;71m▐[38;2;0;0;71m[48;2;254;139;0m▝[38;2;254;139;0m[48;2;0;0;71m▂▂[38;2;0;0;71m[48;2;254;139;0m▘[38;2;254;139;0m[48;2;0;0;71m▍[38;2;230;126;25m[48;2;254;139;0m▏[38;2;254;139;0m[48;2;64;32;63m▐[38;2;55;20;69m[48;2;254;139;0m▗[38;2;0;0;71m[48;2;254;139;0m▝▘[38;2;49;16;70m[48;2;254;139;0m▖[38;2;0;0;71m[48;2;254;139;0m▐[38;2;254;139;0m[48;2;0;0;71m▐▙▃[38;2;252;138;2m[48;2;0;0;71m▖     [0m
[38;2;0;0;71m[48;2;0;0;71m     [38;2;0;39;71m[48;2;0;0;71m▂▅[38;2;0;39;71m[48;2;196;107;0m▍[38;2;253;139;0m[48;2;254;139;0m▏[38;2;167;89;0m[48;2;254;139;0m▝[38;2;167;89;0m[48;2;115;58;0m▅[38;2;167;89;0m[48;2;118;59;0m▂[38;2;76;76;76m[48;2;196;107;0m▅[38;2;196;107;0m[48;2;54;54;54m▀[38;2;40;40;40m[48;2;76;76;76m▃[38;2;43;43;43m[48;2;40;40;40m▏[38;2;54;54;54m[48;2;40;40;40m▝[38;2;54;54;54m[48;2;115;58;0m▅[38;2;196;107;0m[48;2;76;76;76m▀▀[38;2;196;107;0m[48;2;115;58;0m▀▀[38;2;115;58;0m[48;2;196;107;0m▂▂▂[38;2;76;76;76m[48;2;115;58;0m▅[38;2;0;64;115m[48;2;76;75;74m▗[38;2;0;98;180m[48;2;0;0;71m▅[38;2;0;23;89m[48;2;0;0;71m▏               [38;2;254;139;0m[48;2;0;0;71m▐[38;2;0;0;71m[48;2;254;139;0m▗▆▆▖▐[38;2;0;0;71m[48;2;0;0;71m [38;2;254;139;0m[48;2;0;0;71m▐[38;2;0;0;71m[48;2;254;139;0m▝▀▀▀[38;2;254;139;0m[48;2;0;0;71m▐[38;2;0;0;71m[48;2;254;139;0m▐▆[38;2;254;139;0m[48;2;0;0;71m▝[38;2;0;0;71m[48;2;254;139;0m▝[38;2;63;27;69m[48;2;0;0;71m▕[38;2;230;126;25m[48;2;254;139;0m▏[38;2;254;139;0m[48;2;64;32;63m▐[38;2;24;10;65m[48;2;254;139;0m▐[38;2;0;0;71m[48;2;229;125;27m▆[38;2;0;0;71m[48;2;250;137;4m▆[38;2;254;139;0m[48;2;14;6;67m▐[38;2;0;0;71m[48;2;254;139;0m▐[38;2;254;139;0m[48;2;0;0;71m▐[38;2;0;0;71m[48;2;254;139;0m▝▀▀[38;2;254;139;0m[48;2;0;0;71m▖    [0m
[38;2;0;0;71m[48;2;0;0;71m   [38;2;18;18;18m[48;2;0;0;71m▂[38;2;0;0;71m[48;2;0;39;71m▔[38;2;0;63;115m[48;2;0;138;252m▘[38;2;128;128;128m[48;2;40;40;40m▍[38;2;196;107;0m[48;2;1;1;1m▐[38;2;254;139;0m[48;2;196;107;0m▐[38;2;196;107;0m[48;2;254;139;0m▗[38;2;196;107;0m[48;2;196;107;0m [38;2;196;107;0m[48;2;167;89;0m▆[38;2;167;89;0m[48;2;196;107;0m▀[38;2;167;89;0m[48;2;40;40;40m▆[38;2;18;18;18m[48;2;167;89;0m▀[38;2;115;58;0m[48;2;18;18;18m▂ [38;2;19;19;19m[48;2;18;18;18m▕[38;2;18;18;18m[48;2;40;40;40m▅▅[38;2;18;18;18m[48;2;54;54;54m▅▅▆▅[38;2;93;58;36m[48;2;40;40;40m▕[38;2;54;54;54m[48;2;196;107;0m▀[38;2;196;107;0m[48;2;115;58;0m▍[38;2;88;179;254m[48;2;100;100;100m▐[38;2;88;179;254m[48;2;0;0;0m▍[38;2;54;54;54m[48;2;0;0;71m▆▖                                           [38;2;15;4;70m[48;2;0;0;71m▕[38;2;0;0;71m[48;2;254;139;0m▗[38;2;0;0;71m[48;2;0;0;71m  [0m
[38;2;18;18;18m[48;2;0;0;71m ▆[38;2;4;4;62m[48;2;18;18;18m▔ [38;2;0;98;180m[48;2;18;18;18m▐[38;2;107;107;107m[48;2;88;179;254m▕[38;2;0;0;0m[48;2;76;76;76m▐[38;2;196;107;0m[48;2;0;0;0m▐[38;2;254;139;0m[48;2;196;107;0m▝[38;2;196;107;0m[48;2;254;139;0m▐[38;2;196;107;0m[48;2;196;107;0m    [38;2;196;107;0m[48;2;167;89;0m▆▖[38;2;40;40;40m[48;2;115;58;0m▔[38;2;115;58;0m[48;2;40;40;40m▅[38;2;71;32;0m[48;2;18;18;18m▅[38;2;18;18;18m[48;2;71;32;0m▀[38;2;18;18;18m[48;2;115;58;0m▀[38;2;18;18;18m[48;2;163;88;0m▀[38;2;196;107;0m[48;2;18;18;18m▅[38;2;196;107;0m[48;2;71;32;0m▆[38;2;196;107;0m[48;2;196;107;0m [38;2;40;40;40m[48;2;196;107;0m▗[38;2;31;31;31m[48;2;40;68;101m▊[38;2;88;179;254m[48;2;4;96;174m▐[38;2;0;64;115m[48;2;88;179;254m▐[38;2;40;40;40m[48;2;25;25;25m▐[38;2;40;40;40m[48;2;54;54;54m▝[38;2;40;40;40m[48;2;0;0;71m▆[38;2;0;0;71m[48;2;40;40;40m▀[38;2;40;40;40m[48;2;0;0;71m▃           [38;2;237;130;18m[48;2;0;0;71m▂  [38;2;236;129;20m[48;2;0;0;71m▂ [38;2;231;126;21m[48;2;0;0;71m▂[38;2;254;139;0m[48;2;0;0;71m▂▂[38;2;242;132;10m[48;2;0;0;71m▂ [38;2;233;127;23m[48;2;0;0;71m▂   [38;2;231;126;24m[48;2;0;0;71m▂   [38;2;230;125;26m[48;2;0;0;71m▂[38;2;254;139;0m[48;2;0;0;71m▂[38;2;250;137;4m[48;2;0;0;71m▂  [38;2;228;124;28m[48;2;0;0;71m▂[38;2;254;139;0m[48;2;0;0;71m▂▂ [38;2;252;138;2m[48;2;0;0;71m [38;2;226;123;30m[48;2;0;0;71m▂[38;2;254;139;0m[48;2;0;0;71m▂▂▂ [0m
[38;2;18;18;18m[48;2;18;18;18m   [38;2;24;24;24m[48;2;18;18;18m▕[38;2;88;179;254m[48;2;40;40;40m▐[38;2;4;140;254m[48;2;88;179;254m▝[38;2;76;76;76m[48;2;0;0;0m▊[38;2;98;51;0m[48;2;0;0;0m▕[38;2;18;18;18m[48;2;196;107;0m▖       [38;2;196;107;0m[48;2;167;89;0m▖[38;2;115;58;0m[48;2;163;88;0m▀▀[38;2;163;88;0m[48;2;115;58;0m▆[38;2;163;88;0m[48;2;196;107;0m▀[38;2;196;107;0m[48;2;163;88;0m▆[38;2;196;107;0m[48;2;196;107;0m  [38;2;196;107;0m[48;2;163;88;0m▘[38;2;73;34;0m[48;2;115;58;0m▐[38;2;0;98;180m[48;2;40;40;40m▐[38;2;0;98;180m[48;2;88;179;254m▘[38;2;68;158;234m[48;2;88;179;254m▕[38;2;42;42;42m[48;2;0;98;180m▐[38;2;40;40;40m[48;2;52;52;52m▐[38;2;41;41;41m[48;2;40;40;40m▕[38;2;40;40;40m[48;2;47;47;47m▝[38;2;50;50;50m[48;2;40;40;40m▅▃[38;2;40;40;40m[48;2;0;0;71m▆▅▅▂[38;2;33;33;49m[48;2;0;0;71m▁     [38;2;254;139;0m[48;2;0;0;71m▝▆▃[38;2;0;0;71m[48;2;254;139;0m▗[38;2;84;41;67m[48;2;0;0;71m▕[38;2;0;0;71m[48;2;254;139;0m ▆▆ [38;2;116;60;64m[48;2;0;0;71m▏[38;2;0;0;71m[48;2;254;139;0m▍[38;2;254;139;0m[48;2;0;0;71m▏ [38;2;0;0;71m[48;2;254;139;0m▊[38;2;254;139;0m[48;2;0;0;71m▊  [38;2;0;0;71m[48;2;254;139;0m▍[38;2;254;139;0m[48;2;0;0;71m▍[38;2;0;0;71m[48;2;254;139;0m▆▆▕[38;2;49;16;70m[48;2;0;0;71m▕[38;2;0;0;71m[48;2;254;139;0m▗▆▆[38;2;254;139;0m[48;2;0;0;71m▙ ▊▂▂[38;2;0;0;71m[48;2;254;139;0m▆[38;2;0;0;71m[48;2;0;0;71m [0m
[38;2;18;18;18m[48;2;18;18;18m    [38;2;0;98;180m[48;2;18;18;18m▝[38;2;0;135;247m[48;2;88;179;254m▍[38;2;128;128;128m[48;2;0;139;254m▝[38;2;100;100;100m[48;2;0;0;0m▖[38;2;100;56;14m[48;2;0;0;0m▕[38;2;18;18;18m[48;2;196;107;0m▖      [38;2;163;88;0m[48;2;196;107;0m▝▀[38;2;196;107;0m[48;2;163;88;0m▃[38;2;163;88;0m[48;2;196;107;0m▘   [38;2;196;107;0m[48;2;163;88;0m▘[38;2;115;58;0m[48;2;163;88;0m▐[38;2;155;210;254m[48;2;78;37;0m▗[38;2;18;18;18m[48;2;93;181;254m▂[38;2;155;210;254m[48;2;88;179;254m▊[38;2;68;150;219m[48;2;88;179;254m▕[38;2;0;64;115m[48;2;42;42;42m▍[38;2;53;53;53m[48;2;40;40;40m▍[38;2;40;40;40m[48;2;54;54;54m▅[38;2;40;40;40m[48;2;48;48;48m▘[38;2;48;48;48m[48;2;40;40;40m▘[38;2;45;45;45m[48;2;46;46;46m▏[38;2;41;41;41m[48;2;44;44;44m▃[38;2;50;50;50m[48;2;40;40;40m▃▅▖[38;2;52;52;52m[48;2;40;40;40m▅[38;2;40;40;40m[48;2;0;0;71m▆▃▃▂  [38;2;0;0;71m[48;2;254;139;0m▊▐[38;2;0;0;71m[48;2;0;0;71m [38;2;88;47;60m[48;2;0;0;71m▕[38;2;0;0;71m[48;2;254;139;0m [38;2;235;128;21m[48;2;0;0;71m▂[38;2;245;134;10m[48;2;0;0;71m▂[38;2;0;0;71m[48;2;254;139;0m [38;2;118;63;57m[48;2;0;0;71m▏[38;2;0;0;71m[48;2;254;139;0m▍[38;2;254;139;0m[48;2;0;0;71m▂▂▂▊  [38;2;0;0;71m[48;2;254;139;0m▍▗▅▅▕[38;2;49;16;70m[48;2;0;0;71m▕[38;2;0;0;71m[48;2;254;139;0m▗▅[38;2;4;2;69m[48;2;254;139;0m▖[38;2;254;139;0m[48;2;0;0;71m▖[38;2;0;0;71m[48;2;254;139;0m▊[38;2;254;139;0m[48;2;0;0;71m▊[38;2;0;0;71m[48;2;254;139;0m▆▆[38;2;254;139;0m[48;2;0;0;71m▂ [0m
[38;2;18;18;18m[48;2;18;18;18m    [38;2;14;37;61m[48;2;18;18;18m▕[38;2;0;64;115m[48;2;88;179;254m▍[38;2;59;163;254m[48;2;88;179;254m▕[38;2;100;100;100m[48;2;1;136;248m▝[38;2;0;139;254m[48;2;0;0;0m▃[38;2;0;139;254m[48;2;18;18;18m [38;2;196;107;0m[48;2;18;18;18m▝[38;2;115;58;0m[48;2;196;107;0m▃      [38;2;163;88;0m[48;2;196;107;0m▂▐[38;2;196;107;0m[48;2;163;88;0m▝[38;2;196;107;0m[48;2;196;107;0m [38;2;196;107;0m[48;2;163;88;0m▘ [38;2;155;210;254m[48;2;115;58;0m▃[38;2;0;98;180m[48;2;155;210;254m▗[38;2;0;64;115m[48;2;18;18;18m▂[38;2;88;179;254m[48;2;0;98;180m▝[38;2;69;159;235m[48;2;88;179;254m▕[38;2;20;113;192m[48;2;54;54;54m▏[38;2;20;113;192m[48;2;40;40;40m [38;2;40;40;40m[48;2;51;51;51m▆[38;2;46;46;46m[48;2;40;40;40m▀[38;2;48;48;48m[48;2;40;40;40m▝[38;2;54;54;54m[48;2;40;40;40m▘[38;2;40;40;40m[48;2;45;45;45m▂[38;2;48;48;48m[48;2;40;40;40m▃[38;2;54;54;54m[48;2;40;40;40m▔[38;2;42;42;42m[48;2;40;40;40m▕[38;2;40;40;40m[48;2;54;54;54m▃[38;2;49;49;49m[48;2;40;40;40m▐[38;2;40;40;40m[48;2;54;54;54m▀[38;2;40;40;40m[48;2;52;52;52m▔[38;2;52;52;52m[48;2;40;40;40m▆ [38;2;40;40;40m[48;2;0;0;71m▅▂[38;2;0;0;71m[48;2;254;139;0m▆[38;2;0;0;71m[48;2;0;0;71m  [38;2;0;0;71m[48;2;254;139;0m▆▆▆▆[38;2;0;0;71m[48;2;0;0;71m  [38;2;0;0;71m[48;2;254;139;0m▆▆▆[38;2;0;0;71m[48;2;0;0;71m   [38;2;0;0;71m[48;2;254;139;0m▆[38;2;0;0;71m[48;2;0;0;71m   [38;2;0;0;71m[48;2;254;139;0m▆[38;2;0;0;71m[48;2;0;0;71m [38;2;0;0;71m[48;2;254;139;0m▆[38;2;0;0;71m[48;2;0;0;71m  [38;2;0;0;71m[48;2;254;139;0m▆[38;2;0;0;71m[48;2;0;0;71m [38;2;0;0;71m[48;2;254;139;0m▆▆▆▆[38;2;0;0;71m[48;2;0;0;71m [0m
[38;2;18;18;18m[48;2;18;18;18m     [38;2;18;18;18m[48;2;0;139;254m▍[38;2;0;0;0m[48;2;86;178;254m▗[38;2;0;0;0m[48;2;78;171;254m▍[38;2;0;139;254m[48;2;88;179;254m▀[38;2;18;18;18m[48;2;88;179;254m▝[38;2;79;161;229m[48;2;18;18;18m▂[38;2;40;40;40m[48;2;18;18;18m▝[38;2;115;58;0m[48;2;40;40;40m▀[38;2;115;58;0m[48;2;196;107;0m▖   [38;2;163;88;0m[48;2;196;107;0m▝[38;2;163;88;0m[48;2;163;88;0m [38;2;196;107;0m[48;2;163;88;0m▃  [38;2;115;58;0m[48;2;163;88;0m▗[38;2;88;179;254m[48;2;115;58;0m▐[38;2;155;210;254m[48;2;88;179;254m▘[38;2;88;179;254m[48;2;0;64;115m▘[38;2;0;139;254m[48;2;0;98;180m▗[38;2;58;61;65m[48;2;0;136;249m▗[38;2;86;107;136m[48;2;88;179;254m▏[38;2;26;115;194m[48;2;40;40;40m▏ [38;2;46;46;46m[48;2;40;40;40m▐[38;2;44;44;44m[48;2;40;40;40m▂[38;2;40;40;40m[48;2;50;50;50m▅[38;2;40;40;40m[48;2;40;40;40m [38;2;48;48;48m[48;2;40;40;40m▐[38;2;41;41;41m[48;2;40;40;40m▏[38;2;48;48;48m[48;2;40;40;40m▔[38;2;49;49;49m[48;2;40;40;40m▞[38;2;104;63;37m[48;2;40;40;40m▕[38;2;40;40;40m[48;2;254;139;0m▔▂▃[38;2;47;47;47m[48;2;254;139;0m▂[38;2;254;139;0m[48;2;54;54;54m▖[38;2;54;54;54m[48;2;254;139;0m▍[38;2;254;139;0m[48;2;40;40;40m▏[38;2;38;38;44m[48;2;40;40;40m▕[38;2;0;0;71m[48;2;254;139;0m▊[38;2;254;139;0m[48;2;0;0;71m▊[38;2;0;0;71m[48;2;254;139;0m▊▐[38;2;0;0;71m[48;2;0;0;71m   [38;2;254;139;0m[48;2;0;0;71m▐[38;2;0;0;71m[48;2;254;139;0m▗[38;2;250;137;0m[48;2;0;0;71m▀[38;2;0;0;71m[48;2;250;137;0m▃[38;2;65;29;68m[48;2;0;0;71m▕[38;2;231;126;25m[48;2;254;139;0m▏[38;2;0;0;71m[48;2;251;138;0m▗[38;2;250;137;0m[48;2;0;0;71m▀[38;2;0;0;71m[48;2;250;137;0m▃[38;2;249;137;5m[48;2;0;0;71m▖  [38;2;0;0;71m[48;2;254;139;0m▊▗[38;2;250;137;0m[48;2;0;0;71m▀▀[38;2;0;0;71m[48;2;254;139;0m▐[38;2;254;139;0m[48;2;0;0;71m▝[38;2;0;0;71m[48;2;254;139;0m▞[38;2;254;139;0m[48;2;0;0;71m▖▗[38;2;0;0;71m[48;2;254;139;0m▗[38;2;0;0;71m[48;2;0;0;71m [0m
[38;2;18;18;18m[48;2;18;18;18m     [38;2;18;18;18m[48;2;0;139;254m▍[38;2;0;98;180m[48;2;0;0;0m▍[38;2;0;0;0m[48;2;18;18;18m▘[38;2;88;179;254m[48;2;0;39;71m▝[38;2;93;181;254m[48;2;88;179;254m▕[38;2;155;210;254m[48;2;88;179;254m▃[38;2;40;40;40m[48;2;88;179;254m▔▀[38;2;115;58;0m[48;2;40;40;40m▝[38;2;196;107;0m[48;2;115;58;0m▀[38;2;115;58;0m[48;2;196;107;0m▃     [38;2;163;88;0m[48;2;196;107;0m▀[38;2;0;139;254m[48;2;120;60;0m▗[38;2;26;135;246m[48;2;0;139;254m▏[38;2;0;98;180m[48;2;0;139;254m▐[38;2;0;69;127m[48;2;0;98;180m▘[38;2;0;98;180m[48;2;0;139;254m▗[38;2;0;64;115m[48;2;0;0;0m▘[38;2;65;65;65m[48;2;88;179;254m▏[38;2;0;98;180m[48;2;40;40;40m▍[38;2;40;40;40m[48;2;54;54;54m▊[38;2;40;40;40m[48;2;50;50;50m▐[38;2;49;49;49m[48;2;40;40;40m▐[38;2;50;50;50m[48;2;40;40;40m▏[38;2;40;40;40m[48;2;50;50;50m▆[38;2;40;40;40m[48;2;40;40;40m  [38;2;49;49;49m[48;2;40;40;40m▝  [38;2;40;40;40m[48;2;254;139;0m▏▂[38;2;254;139;0m[48;2;40;40;40m▆▅▘[38;2;40;40;40m[48;2;254;139;0m▍[38;2;254;139;0m[48;2;40;40;40m▏ [38;2;40;40;40m[48;2;254;139;0m▊[38;2;254;139;0m[48;2;44;44;44m▊[38;2;44;44;44m[48;2;254;139;0m▊[38;2;0;0;71m[48;2;254;139;0m▐[38;2;0;0;71m[48;2;0;0;71m   [38;2;254;139;0m[48;2;0;0;71m▐[38;2;0;0;71m[48;2;254;139;0m▗[38;2;250;137;0m[48;2;0;0;71m▀▘ [38;2;0;0;71m[48;2;254;139;0m▏[38;2;254;139;0m[48;2;0;0;71m▏ [38;2;61;28;65m[48;2;0;0;71m▕[38;2;0;0;71m[48;2;254;139;0m▕[38;2;0;0;71m[48;2;0;0;71m  [38;2;0;0;71m[48;2;254;139;0m▊▗[38;2;250;137;0m[48;2;0;0;71m▀▀[38;2;250;137;0m[48;2;252;138;2m [38;2;132;70;61m[48;2;0;0;71m▏ [38;2;0;0;71m[48;2;254;139;0m▖▗[38;2;0;0;71m[48;2;0;0;71m  [0m
[38;2;18;18;18m[48;2;18;18;18m     [38;2;0;98;180m[48;2;18;18;18m▐[38;2;18;19;19m[48;2;0;64;115m▝[38;2;17;21;28m[48;2;0;39;71m▍ [38;2;88;179;254m[48;2;0;39;71m▝[38;2;0;64;115m[48;2;88;179;254m▖[38;2;88;179;254m[48;2;155;210;254m▅▞[38;2;40;40;40m[48;2;94;182;254m▝[38;2;88;179;254m[48;2;40;40;40m▖[38;2;40;40;40m[48;2;115;58;0m▅[38;2;196;107;0m[48;2;115;58;0m▀[38;2;196;107;0m[48;2;196;107;0m    [38;2;0;98;180m[48;2;196;107;0m▗[38;2;0;98;180m[48;2;0;98;180m [38;2;0;139;254m[48;2;0;98;180m▀▗[38;2;0;98;180m[48;2;0;139;254m▗[38;2;0;139;254m[48;2;0;0;0m▘[38;2;12;12;12m[48;2;0;0;0m▕[38;2;40;40;40m[48;2;100;100;100m▆[38;2;40;40;40m[48;2;40;40;40m [38;2;40;40;40m[48;2;54;54;54m▃[38;2;54;54;54m[48;2;40;40;40m▘       [38;2;254;139;0m[48;2;40;40;40m [38;2;40;40;40m[48;2;254;139;0m▃[38;2;254;139;0m[48;2;40;40;40m [38;2;108;65;37m[48;2;40;40;40m [38;2;254;139;0m[48;2;40;40;40m▝▘▝[38;2;40;40;40m[48;2;254;139;0m▃▃▃[38;2;254;139;0m[48;2;40;40;40m▘ [38;2;40;40;40m[48;2;254;139;0m▃[38;2;40;40;40m[48;2;250;137;0m▃[38;2;40;40;40m[48;2;254;139;0m▃[38;2;250;137;0m[48;2;0;0;71m▘[38;2;254;139;0m[48;2;0;0;71m▝[38;2;0;0;71m[48;2;254;139;0m▃▃▃[38;2;254;139;0m[48;2;0;0;71m [38;2;0;0;71m[48;2;254;139;0m▃▃▃▃[38;2;254;139;0m[48;2;0;0;71m▘  ▝[38;2;0;0;71m[48;2;254;139;0m▃▃▃[38;2;254;139;0m[48;2;0;0;71m▘  ▀   [0m
[38;2;18;18;18m[48;2;18;18;18m     [38;2;0;39;71m[48;2;18;18;18m▝[38;2;18;18;18m[48;2;0;64;115m▃[38;2;0;64;115m[48;2;0;39;71m▖[38;2;0;39;71m[48;2;0;64;115m▊[38;2;0;138;251m[48;2;0;64;115m▗[38;2;88;179;254m[48;2;0;97;179m▂[38;2;88;179;254m[48;2;0;137;251m▞[38;2;88;179;254m[48;2;155;210;254m▅[38;2;155;210;254m[48;2;88;179;254m▀ [38;2;88;179;254m[48;2;40;40;40m▖ [38;2;115;58;0m[48;2;40;40;40m▀[38;2;115;58;0m[48;2;196;107;0m▖ [38;2;196;107;0m[48;2;88;179;254m▘[38;2;0;127;232m[48;2;0;139;254m▕[38;2;0;104;190m[48;2;0;98;180m▏ [38;2;0;98;180m[48;2;0;139;254m▍[38;2;0;98;180m[48;2;18;18;18m▊[38;2;2;2;2m[48;2;18;18;18m▘[38;2;18;18;18m[48;2;2;2;2m▐[38;2;40;40;40m[48;2;18;18;18m▐[38;2;40;40;40m[48;2;40;40;40m  [38;2;31;31;31m[48;2;40;40;40m▁[38;2;33;33;33m[48;2;40;40;40m▗[38;2;31;31;31m[48;2;40;40;40m▗ [38;2;254;139;0m[48;2;40;40;40m▃[38;2;40;40;40m[48;2;254;139;0m▀[38;2;36;36;36m[48;2;254;139;0m▀[38;2;40;40;40m[48;2;254;139;0m▀[38;2;0;0;71m[48;2;40;40;40m [38;2;254;139;0m[48;2;40;40;40m ▃[38;2;40;40;40m[48;2;254;139;0m▀▀▀[38;2;0;0;71m[48;2;40;40;40m [38;2;254;139;0m[48;2;40;40;40m▗▖[38;2;40;40;40m[48;2;254;139;0m▀[38;2;254;139;0m[48;2;40;40;40m▂  [38;2;40;40;40m[48;2;254;139;0m▀[38;2;40;40;40m[48;2;0;0;71m [38;2;254;139;0m[48;2;0;0;71m▅[38;2;0;0;71m[48;2;0;0;71m [38;2;0;0;71m[48;2;254;139;0m▀[38;2;254;139;0m[48;2;0;0;71m▖ ▗▖[38;2;0;0;71m[48;2;254;139;0m▀▀▀▀▀[38;2;0;0;71m[48;2;0;0;71m [38;2;0;0;71m[48;2;254;139;0m▀[38;2;0;0;71m[48;2;0;0;71m   [38;2;0;0;71m[48;2;254;139;0m▀▀▀▀[38;2;254;139;0m[48;2;0;0;71m▃  [0m
[38;2;18;18;18m[48;2;18;18;18m     [38;2;18;18;18m[48;2;0;0;0m▊[38;2;0;0;0m[48;2;18;18;18m▍[38;2;0;39;71m[48;2;0;139;254m▍[38;2;88;179;254m[48;2;0;64;115m▆[38;2;88;179;254m[48;2;88;179;254m   [38;2;7;139;251m[48;2;88;179;254m▘   [38;2;40;40;40m[48;2;88;179;254m▝[38;2;40;40;40m[48;2;40;40;40m  [38;2;40;40;40m[48;2;0;139;254m▘[38;2;0;139;254m[48;2;88;179;254m▁▝[38;2;88;179;254m[48;2;0;139;254m▖[38;2;0;105;192m[48;2;0;98;180m▏[38;2;0;98;180m[48;2;0;139;254m▍[38;2;18;18;18m[48;2;0;98;180m▐[38;2;0;0;0m[48;2;18;18;18m▐[38;2;13;13;13m[48;2;0;0;0m▕[38;2;20;20;20m[48;2;31;31;31m▗[38;2;31;31;31m[48;2;25;25;25m▞[38;2;40;40;40m[48;2;19;19;19m▐[38;2;31;31;31m[48;2;40;40;40m▊[38;2;40;40;40m[48;2;31;31;31m▍[38;2;25;25;25m[48;2;18;18;18m▘[38;2;31;31;31m[48;2;40;40;40m▗[38;2;254;139;0m[48;2;27;27;27m▐[38;2;33;33;33m[48;2;254;139;0m▐[38;2;31;31;31m[48;2;33;33;33m▕[38;2;18;18;18m[48;2;33;33;33m▆[38;2;28;28;28m[48;2;40;40;40m▖ [38;2;40;40;40m[48;2;254;139;0m▏[38;2;254;139;0m[48;2;26;26;26m▃▃▃▊[38;2;26;26;26m[48;2;254;139;0m▊[38;2;40;40;40m[48;2;254;139;0m▐▏▅▞[38;2;254;139;0m[48;2;40;40;40m▞▔[38;2;0;0;71m[48;2;254;139;0m▐▍[38;2;254;139;0m[48;2;0;0;71m▏[38;2;0;0;71m[48;2;254;139;0m▏[38;2;254;139;0m[48;2;0;0;71m▀[38;2;0;0;71m[48;2;254;139;0m▀▊[38;2;254;139;0m[48;2;0;0;71m▊[38;2;0;0;71m[48;2;254;139;0m▍▝[38;2;254;139;0m[48;2;0;0;71m▃▃[38;2;0;0;71m[48;2;254;139;0m▍[38;2;254;139;0m[48;2;0;0;71m▏[38;2;0;0;71m[48;2;254;139;0m▏[38;2;128;67;62m[48;2;0;0;71m▏  [38;2;252;138;2m[48;2;0;0;71m▝[38;2;0;0;71m[48;2;254;139;0m▀▀▀[38;2;254;139;0m[48;2;0;0;71m▃[38;2;11;5;67m[48;2;0;0;71m▏ [0m
[38;2;18;18;18m[48;2;18;18;18m     [38;2;18;18;18m[48;2;9;9;9m▊[38;2;18;18;18m[48;2;0;0;0m▐[38;2;0;139;254m[48;2;18;18;18m▐[38;2;0;139;254m[48;2;88;179;254m▆[38;2;88;179;254m[48;2;0;139;254m▀[38;2;0;139;254m[48;2;88;179;254m▖▐[38;2;88;179;254m[48;2;0;139;254m▀[38;2;13;143;254m[48;2;88;179;254m▐[38;2;0;139;254m[48;2;88;179;254m▗▖[38;2;88;179;254m[48;2;0;139;254m▀[38;2;86;177;254m[48;2;0;98;180m▖[38;2;40;40;40m[48;2;0;98;180m▀[38;2;0;64;115m[48;2;0;139;254m▐▍[38;2;14;146;254m[48;2;88;179;254m▐[38;2;88;179;254m[48;2;0;64;115m▘[38;2;0;64;115m[48;2;0;39;71m▀[38;2;0;98;180m[48;2;0;39;71m▀[38;2;18;18;18m[48;2;0;64;115m▐[38;2;18;18;18m[48;2;0;0;0m▘[38;2;11;11;11m[48;2;0;0;0m▝[38;2;18;18;18m[48;2;13;13;13m▘[38;2;1;1;1m[48;2;18;18;18m▅[38;2;18;18;18m[48;2;5;5;5m▊[38;2;5;5;5m[48;2;31;31;31m▖[38;2;18;18;18m[48;2;0;0;0m▍[38;2;0;0;0m[48;2;18;18;18m▖[38;2;31;31;31m[48;2;23;23;23m▘[38;2;26;26;26m[48;2;254;139;0m▖[38;2;254;139;0m[48;2;33;33;33m▃▃[38;2;254;139;0m[48;2;18;18;18m▃[38;2;224;123;8m[48;2;33;33;33m▃[38;2;15;15;15m[48;2;254;139;0m▊[38;2;254;139;0m[48;2;26;26;26m▊[38;2;254;139;0m[48;2;25;25;25m▔[38;2;18;18;18m[48;2;254;139;0m▆[38;2;26;26;26m[48;2;254;139;0m▝[38;2;254;139;0m[48;2;26;26;26m▖[38;2;26;26;26m[48;2;254;139;0m▍[38;2;40;40;40m[48;2;254;139;0m▊▕[38;2;40;40;40m[48;2;49;49;49m▊[38;2;49;49;49m[48;2;40;40;40m▖ [38;2;40;40;40m[48;2;254;139;0m▍[38;2;254;139;0m[48;2;16;16;57m▍[38;2;0;0;71m[48;2;254;139;0m▕▊[38;2;254;139;0m[48;2;0;0;71m▊ ▝[38;2;231;126;24m[48;2;254;139;0m▏[38;2;254;139;0m[48;2;0;0;71m▎[38;2;230;126;25m[48;2;254;139;0m▏[38;2;254;139;0m[48;2;0;0;71m▏[38;2;0;0;71m[48;2;226;124;27m▆[38;2;0;0;71m[48;2;0;0;71m [38;2;0;0;71m[48;2;254;139;0m▕▊[38;2;254;139;0m[48;2;0;0;71m▊▃▃▃ ▃▃[38;2;0;0;71m[48;2;254;139;0m▘[38;2;254;139;0m[48;2;0;0;71m▘  [0m
[38;2;18;18;18m[48;2;18;18;18m      [38;2;0;0;0m[48;2;18;18;18m▘[38;2;18;18;18m[48;2;0;139;254m▊[38;2;0;139;254m[48;2;88;179;254m▆▃▖▝▀[38;2;13;143;254m[48;2;88;179;254m▝[38;2;0;139;254m[48;2;88;179;254m▝▀[38;2;88;179;254m[48;2;0;139;254m▗[38;2;0;139;254m[48;2;88;179;254m▝[38;2;0;139;254m[48;2;40;40;40m▃[38;2;0;64;115m[48;2;0;139;254m▐[38;2;0;130;238m[48;2;0;64;115m▐[38;2;0;139;254m[48;2;81;176;254m▐[38;2;88;179;254m[48;2;0;39;71m▘[38;2;0;64;115m[48;2;0;39;71m▀[38;2;0;98;180m[48;2;0;39;71m▀[38;2;0;64;115m[48;2;15;15;15m▍[38;2;1;1;1m[48;2;14;14;14m▘[38;2;0;0;0m[48;2;6;6;6m▊[38;2;0;0;0m[48;2;18;18;18m▊[38;2;11;11;11m[48;2;18;18;18m▝[38;2;2;2;2m[48;2;18;18;18m▖[38;2;13;13;13m[48;2;18;18;18m▗[38;2;0;0;0m[48;2;18;18;18m▀[38;2;2;2;2m[48;2;18;18;18m▗ [38;2;4;4;4m[48;2;18;18;18m▘ [38;2;10;10;10m[48;2;18;18;18m▔[38;2;12;12;12m[48;2;18;18;18m▁[38;2;15;15;15m[48;2;18;18;18m▁  [38;2;18;18;18m[48;2;26;26;26m▏▝[38;2;18;18;18m[48;2;18;18;18m [38;2;19;19;19m[48;2;18;18;18m▕[38;2;28;28;28m[48;2;26;26;26m▕[38;2;38;38;38m[48;2;40;40;40m▏[38;2;41;41;41m[48;2;40;40;40m▕[38;2;48;48;48m[48;2;40;40;40m▘[38;2;40;40;40m[48;2;49;49;49m▖[38;2;41;41;41m[48;2;40;40;40m▏ [38;2;40;40;40m[48;2;0;0;71m▊                        [0m
