[38;2;255;255;255m[48;2;255;255;255m [38;2;255;255;255m[48;2;255;255;255m [38;2;255;255;255m[48;2;255;255;255m [38;2;255;255;255m[48;2;255;255;255m [38;2;255;255;255m[48;2;255;255;255m [38;2;255;255;255m[48;2;255;255;255m [38;2;255;255;255m[48;2;255;255;255m [38;2;255;255;255m[48;2;255;255;255m [38;2;255;255;255m[48;2;255;255;255m [38;2;255;255;255m[48;2;255;255;255m [38;2;255;255;255m[48;2;255;255;255m [38;2;255;255;255m[48;2;255;255;255m [38;2;255;255;255m[48;2;255;255;255m [38;2;255;255;255m[48;2;255;255;255m [38;2;255;255;255m[48;2;255;255;255m [38;2;255;255;255m[48;2;255;255;255m [38;2;255;255;255m[48;2;255;255;255m [38;2;255;255;255m[48;2;255;255;255m [38;2;255;255;255m[48;2;255;255;255m [38;2;255;255;255m[48;2;255;255;255m [38;2;255;255;255m[48;2;255;255;255m [38;2;255;255;255m[48;2;255;255;255m [38;2;255;255;255m[48;2;255;255;255m [38;2;255;255;255m[48;2;255;255;255m [38;2;255;255;255m[48;2;255;255;255m [38;2;255;255;255m[48;2;255;255;255m [38;2;255;255;255m[48;2;255;255;255m [38;2;255;255;255m[48;2;255;255;255m [38;2;255;255;255m[48;2;255;255;255m [38;2;255;255;255m[48;2;255;255;255m [38;2;255;255;255m[48;2;255;255;255m [38;2;255;255;255m[48;2;255;255;255m [38;2;255;255;255m[48;2;255;255;255m [38;2;255;255;255m[48;2;255;255;255m [38;2;255;255;255m[48;2;255;255;255m [38;2;255;255;255m[48;2;255;255;255m [38;2;255;255;255m[48;2;255;255;255m [38;2;255;255;255m[48;2;255;255;255m [38;2;255;255;255m[48;2;255;255;255m [38;2;255;255;255m[48;2;255;255;255m [38;2;255;255;255m[48;2;255;255;255m [38;2;255;255;255m[48;2;255;255;255m [38;2;255;255;255m[48;2;255;255;255m [38;2;255;255;255m[48;2;255;255;255m [38;2;255;255;255m[48;2;255;255;255m [0m
[38;2;255;255;255m[48;2;255;255;255m [38;2;255;255;255m[48;2;255;255;255m [38;2;255;255;255m[48;2;255;255;255m [38;2;255;255;255m[48;2;255;255;255m [38;2;255;255;255m[48;2;255;255;255m [38;2;255;255;255m[48;2;255;255;255m [38;2;255;255;255m[48;2;255;255;255m [38;2;255;255;255m[48;2;255;255;255m [38;2;255;255;255m[48;2;255;255;255m [38;2;255;255;255m[48;2;255;255;255m [38;2;252;127;0m[48;2;255;255;255m▗[38;2;252;127;0m[48;2;255;255;255m▄[38;2;252;127;0m[48;2;255;255;255m▆[38;2;252;127;0m[48;2;255;255;255m▆[38;2;252;127;0m[48;2;255;255;255m▆[38;2;252;127;0m[48;2;255;255;255m▆[38;2;252;127;0m[48;2;255;255;255m▄[38;2;252;127;0m[48;2;255;255;255m▃[38;2;253;191;127m[48;2;255;255;255m▂[38;2;255;255;255m[48;2;255;255;255m [38;2;255;255;255m[48;2;255;255;255m [38;2;252;127;0m[48;2;255;255;255m▃[38;2;252;127;0m[48;2;255;255;255m▆[38;2;255;255;0m[48;2;252;127;0m▂[38;2;255;255;0m[48;2;252;127;0m▄[38;2;255;255;0m[48;2;252;127;0m▅[38;2;255;255;0m[48;2;255;255;255m▇[38;2;255;255;0m[48;2;255;255;255m▇[38;2;255;255;0m[48;2;255;255;255m▆[38;2;255;255;0m[48;2;255;255;255m▅[38;2;252;127;0m[48;2;255;255;255m▅[38;2;252;127;0m[48;2;255;255;255m▃[38;2;252;127;0m[48;2;255;255;255m▃[38;2;255;255;255m[48;2;255;255;255m [38;2;255;255;255m[48;2;255;255;255m [38;2;255;255;255m[48;2;255;255;255m [38;2;255;255;255m[48;2;255;255;255m [38;2;255;255;255m[48;2;255;255;255m [38;2;255;255;255m[48;2;255;255;255m [38;2;255;255;255m[48;2;255;255;255m [38;2;255;255;255m[48;2;255;255;255m [38;2;255;255;255m[48;2;255;255;255m [38;2;255;255;255m[48;2;255;255;255m [38;2;255;255;255m[48;2;255;255;255m [38;2;255;255;255m[48;2;255;255;255m [0m
[38;2;255;255;255m[48;2;255;255;255m [38;2;255;255;255m[48;2;255;255;255m [38;2;255;255;255m[48;2;255;255;255m [38;2;255;255;255m[48;2;255;255;255m [38;2;255;255;255m[48;2;255;255;255m [38;2;255;255;255m[48;2;255;255;255m [38;2;255;255;255m[48;2;255;255;255m [38;2;255;255;255m[48;2;255;255;255m [38;2;252;127;0m[48;2;255;255;255m▄[38;2;255;255;0m[48;2;252;127;0m▄[38;2;252;127;0m[48;2;255;255;0m▘[38;2;255;255;0m[48;2;255;255;0m [38;2;252;127;0m[48;2;255;255;0m▄[38;2;252;127;0m[48;2;255;255;0m▄[38;2;255;255;0m[48;2;255;255;0m [38;2;255;255;0m[48;2;252;127;0m▇[38;2;255;255;0m[48;2;252;127;0m▆[38;2;255;255;0m[48;2;252;127;0m▅[38;2;255;255;0m[48;2;252;127;0m▄[38;2;255;255;0m[48;2;252;127;0m▂[38;2;252;127;0m[48;2;252;127;0m [38;2;252;127;0m[48;2;255;255;0m▄[38;2;252;127;0m[48;2;255;255;0m▅[38;2;252;127;0m[48;2;255;255;0m▆[38;2;252;127;0m[48;2;255;255;0m▆[38;2;252;127;0m[48;2;255;255;0m▅[38;2;252;127;0m[48;2;255;255;0m▄[38;2;252;127;0m[48;2;255;255;0m▁[38;2;255;255;0m[48;2;252;127;0m▄[38;2;255;255;0m[48;2;255;255;255m▄[38;2;252;127;0m[48;2;255;255;255m▄[38;2;255;255;255m[48;2;255;255;255m [38;2;255;255;255m[48;2;252;127;0m▆[38;2;255;255;255m[48;2;255;255;255m [38;2;255;255;255m[48;2;255;255;255m [38;2;255;255;255m[48;2;255;255;255m [38;2;255;255;255m[48;2;255;255;255m [38;2;255;255;255m[48;2;255;255;255m [38;2;255;255;255m[48;2;255;255;255m [38;2;255;255;255m[48;2;255;255;255m [38;2;255;255;255m[48;2;255;255;255m [38;2;255;255;255m[48;2;255;255;255m [38;2;255;255;255m[48;2;255;255;255m [38;2;255;255;255m[48;2;255;255;255m [38;2;255;255;255m[48;2;255;255;255m [0m
[38;2;255;255;255m[48;2;255;255;255m [38;2;255;255;255m[48;2;255;255;255m [38;2;255;255;255m[48;2;255;255;255m [38;2;255;255;255m[48;2;255;255;255m [38;2;255;255;255m[48;2;255;255;255m [38;2;255;255;255m[48;2;255;255;255m [38;2;255;255;255m[48;2;252;127;0m▄[38;2;255;255;255m[48;2;252;127;0m▄[38;2;255;255;255m[48;2;255;255;0m▄[38;2;255;255;255m[48;2;255;255;0m▄[38;2;252;127;0m[48;2;255;255;255m▄[38;2;255;255;0m[48;2;252;127;0m▄[38;2;255;255;0m[48;2;255;255;0m [38;2;252;127;0m[48;2;255;255;0m▄[38;2;252;127;0m[48;2;252;127;0m [38;2;255;255;0m[48;2;252;127;0m▄[38;2;255;255;0m[48;2;252;127;0m▄[38;2;255;0;0m[48;2;255;255;0m▄[38;2;255;0;0m[48;2;255;255;0m▇[38;2;255;0;0m[48;2;255;255;0m▇[38;2;127;0;0m[48;2;255;0;0m▃[38;2;127;0;0m[48;2;255;0;0m▄[38;2;127;0;0m[48;2;255;0;0m▅[38;2;127;0;0m[48;2;255;0;0m▅[38;2;127;0;0m[48;2;255;0;0m▄[38;2;127;0;0m[48;2;252;127;0m▄[38;2;127;0;0m[48;2;252;127;0m▃[38;2;255;255;0m[48;2;252;127;0m▂[38;2;252;127;0m[48;2;252;127;0m [38;2;252;127;0m[48;2;252;127;0m [38;2;252;127;0m[48;2;255;255;0m▄[38;2;255;255;0m[48;2;255;255;0m [38;2;255;255;0m[48;2;252;127;0m▄[38;2;252;127;0m[48;2;255;255;255m▄[38;2;255;255;255m[48;2;255;255;255m [38;2;255;255;255m[48;2;255;255;255m [38;2;255;255;255m[48;2;255;255;255m [38;2;255;255;255m[48;2;255;255;255m [38;2;255;255;255m[48;2;255;255;255m [38;2;255;255;255m[48;2;255;255;255m [38;2;255;255;255m[48;2;255;255;255m [38;2;255;255;255m[48;2;255;255;255m [38;2;255;255;255m[48;2;255;255;255m [38;2;255;255;255m[48;2;255;255;255m [38;2;255;255;255m[48;2;255;255;255m [0m
[38;2;255;255;255m[48;2;255;255;255m [38;2;255;255;255m[48;2;255;255;255m [38;2;255;255;255m[48;2;255;255;255m [38;2;255;255;255m[48;2;255;255;255m [38;2;255;255;255m[48;2;255;255;255m [38;2;255;255;255m[48;2;255;255;255m [38;2;255;255;255m[48;2;255;255;255m [38;2;255;255;255m[48;2;255;255;255m [38;2;255;255;255m[48;2;255;255;255m [38;2;252;127;0m[48;2;252;127;0m [38;2;255;255;0m[48;2;255;255;0m [38;2;252;127;0m[48;2;255;255;0m▄[38;2;252;127;0m[48;2;252;127;0m [38;2;255;255;0m[48;2;252;127;0m▄[38;2;255;255;0m[48;2;255;255;0m [38;2;255;255;0m[48;2;255;0;0m▊[38;2;255;0;0m[48;2;255;0;0m [38;2;255;0;0m[48;2;255;0;0m [38;2;127;0;0m[48;2;255;0;0m▄[38;2;252;127;0m[48;2;127;0;0m▄[38;2;252;127;0m[48;2;252;127;0m [38;2;255;255;0m[48;2;252;127;0m▂[38;2;255;255;0m[48;2;252;127;0m▄[38;2;255;255;0m[48;2;255;255;0m [38;2;255;255;0m[48;2;255;255;0m [38;2;252;127;0m[48;2;255;255;0m▃[38;2;252;127;0m[48;2;255;255;0m▄[38;2;253;191;0m[48;2;255;255;0m▂[38;2;255;255;0m[48;2;252;127;0m▆[38;2;255;255;0m[48;2;252;127;0m▄[38;2;0;0;0m[48;2;252;127;0m▄[38;2;0;0;0m[48;2;252;127;0m▄[38;2;255;255;0m[48;2;127;0;0m█[38;2;252;127;0m[48;2;255;255;255m▄[38;2;255;255;255m[48;2;255;255;255m [38;2;255;255;255m[48;2;255;255;255m [38;2;255;255;255m[48;2;255;255;255m [38;2;255;255;255m[48;2;255;255;255m [38;2;255;255;255m[48;2;255;255;255m [38;2;255;255;255m[48;2;255;255;255m [38;2;255;255;255m[48;2;255;255;255m [38;2;255;255;255m[48;2;255;255;255m [38;2;255;255;255m[48;2;255;255;255m [38;2;255;255;255m[48;2;255;255;255m [38;2;255;255;255m[48;2;255;255;255m [0m
[38;2;255;255;255m[48;2;255;255;255m [38;2;255;255;255m[48;2;255;255;255m [38;2;255;255;255m[48;2;255;255;255m [38;2;255;255;255m[48;2;255;255;255m [38;2;255;255;255m[48;2;255;255;255m [38;2;255;255;255m[48;2;255;255;255m [38;2;255;255;255m[48;2;255;255;255m [38;2;252;127;0m[48;2;255;255;255m▄[38;2;255;255;0m[48;2;255;255;255m▄[38;2;252;127;0m[48;2;255;255;0m▘[38;2;252;127;0m[48;2;255;255;0m▝[38;2;255;255;0m[48;2;255;255;0m [38;2;252;127;0m[48;2;255;255;0m▘[38;2;252;127;0m[48;2;255;255;0m▗[38;2;255;255;0m[48;2;255;255;0m [38;2;127;0;0m[48;2;255;255;0m▃[38;2;127;0;0m[48;2;255;0;0m▄[38;2;255;0;0m[48;2;255;0;0m [38;2;127;0;0m[48;2;252;127;0m▊[38;2;252;127;0m[48;2;252;127;0m [38;2;255;255;0m[48;2;252;127;0m▆[38;2;252;127;0m[48;2;255;255;0m▂[38;2;252;127;0m[48;2;255;255;0m▆[38;2;0;0;0m[48;2;255;255;0m▄[38;2;252;127;0m[48;2;0;0;0m▄[38;2;252;127;0m[48;2;0;0;0m▄[38;2;0;0;0m[48;2;255;255;0m━[38;2;252;127;0m[48;2;252;127;0m [38;2;252;127;0m[48;2;255;255;0m▖[38;2;252;127;0m[48;2;0;0;0m▄[38;2;252;127;0m[48;2;252;127;0m [38;2;252;127;0m[48;2;252;127;0m [38;2;252;127;0m[48;2;0;0;0m▄[38;2;255;255;0m[48;2;255;255;0m [38;2;255;255;0m[48;2;252;127;0m▄[38;2;255;255;255m[48;2;255;255;255m [38;2;255;255;255m[48;2;255;255;255m [38;2;255;255;255m[48;2;255;255;255m [38;2;255;255;255m[48;2;255;255;255m [38;2;255;255;255m[48;2;255;255;255m [38;2;255;255;255m[48;2;255;255;255m [38;2;255;255;255m[48;2;255;255;255m [38;2;255;255;255m[48;2;255;255;255m [38;2;255;255;255m[48;2;255;255;255m [38;2;255;255;255m[48;2;255;255;255m [0m
[38;2;255;255;255m[48;2;255;255;255m [38;2;255;255;255m[48;2;255;255;255m [38;2;255;255;255m[48;2;255;255;255m [38;2;255;255;255m[48;2;255;255;255m [38;2;252;127;0m[48;2;255;255;255m▄[38;2;255;255;0m[48;2;252;127;0m▗[38;2;255;255;0m[48;2;252;127;0m▄[38;2;255;255;0m[48;2;255;255;0m [38;2;252;127;0m[48;2;255;255;0m▗[38;2;252;127;0m[48;2;252;127;0m [38;2;255;255;0m[48;2;252;127;0m▄[38;2;255;255;0m[48;2;255;255;0m [38;2;252;127;0m[48;2;255;255;0m▄[38;2;252;127;0m[48;2;255;255;0m▘[38;2;255;255;0m[48;2;127;0;0m▎[38;2;252;127;0m[48;2;252;127;0m [38;2;252;127;0m[48;2;252;127;0m [38;2;252;127;0m[48;2;127;0;0m▄[38;2;252;127;0m[48;2;127;0;0m▗[38;2;252;127;0m[48;2;252;127;0m [38;2;252;127;0m[48;2;252;127;0m [38;2;252;127;0m[48;2;252;127;0m [38;2;252;127;0m[48;2;252;127;0m [38;2;127;0;0m[48;2;252;127;0m▄[38;2;255;255;255m[48;2;127;0;0m▄[38;2;255;255;255m[48;2;127;0;0m▄[38;2;255;255;255m[48;2;0;0;0m▄[38;2;127;0;0m[48;2;252;127;0m▄[38;2;127;0;0m[48;2;252;127;0m▃[38;2;255;255;255m[48;2;252;127;0m▄[38;2;210;210;210m[48;2;252;127;0m▄[38;2;210;210;210m[48;2;252;127;0m▄[38;2;252;127;0m[48;2;252;127;0m [38;2;252;127;0m[48;2;255;255;255m▄[38;2;252;127;0m[48;2;255;255;255m▃[38;2;255;255;255m[48;2;255;255;255m [38;2;255;255;255m[48;2;255;255;255m [38;2;255;255;255m[48;2;255;255;255m [38;2;255;255;255m[48;2;255;255;255m [38;2;255;255;255m[48;2;255;255;255m [38;2;255;255;255m[48;2;255;255;255m [38;2;255;255;255m[48;2;255;255;255m [38;2;255;255;255m[48;2;255;255;255m [38;2;255;255;255m[48;2;255;255;255m [38;2;255;255;255m[48;2;255;255;255m [0m
[38;2;255;255;255m[48;2;255;255;255m [38;2;255;255;255m[48;2;255;255;255m [38;2;255;255;255m[48;2;255;255;255m [38;2;252;127;0m[48;2;255;255;255m▄[38;2;255;255;0m[48;2;252;127;0m▄[38;2;252;127;0m[48;2;255;255;0m▄[38;2;255;255;255m[48;2;255;255;0m▄[38;2;252;127;0m[48;2;255;255;0m▘[38;2;252;127;0m[48;2;252;127;0m [38;2;252;127;0m[48;2;255;255;0m▘[38;2;252;127;0m[48;2;255;255;0m▄[38;2;255;255;0m[48;2;252;127;0m▄[38;2;252;127;0m[48;2;255;255;0m▗[38;2;255;255;0m[48;2;255;255;0m [38;2;127;0;0m[48;2;252;127;0m▝[38;2;127;0;0m[48;2;252;127;0m▄[38;2;127;0;0m[48;2;252;127;0m▝[38;2;252;127;0m[48;2;252;127;0m [38;2;127;0;0m[48;2;252;127;0m▖[38;2;252;127;0m[48;2;252;127;0m [38;2;252;127;0m[48;2;252;127;0m [38;2;252;127;0m[48;2;252;127;0m [38;2;127;0;0m[48;2;127;0;0m [38;2;127;0;0m[48;2;127;0;0m [38;2;127;0;0m[48;2;255;255;255m▁[38;2;255;255;255m[48;2;0;0;0m▃[38;2;127;0;0m[48;2;255;255;255m▁[38;2;127;0;0m[48;2;252;127;0m▌[38;2;127;0;0m[48;2;252;127;0m▝[38;2;253;191;127m[48;2;255;255;255m▂[38;2;255;255;255m[48;2;0;0;0m▙[38;2;255;255;255m[48;2;0;0;0m▟[38;2;210;210;210m[48;2;252;127;0m▘[38;2;255;255;0m[48;2;255;255;255m▄[38;2;255;255;255m[48;2;252;127;0m▅[38;2;255;255;255m[48;2;252;127;0m▄[38;2;255;255;255m[48;2;255;255;255m [38;2;255;255;255m[48;2;255;255;255m [38;2;255;255;255m[48;2;255;255;255m [38;2;255;255;255m[48;2;255;255;255m [38;2;255;255;255m[48;2;255;255;255m [38;2;255;255;255m[48;2;255;255;255m [38;2;255;255;255m[48;2;255;255;255m [38;2;255;255;255m[48;2;255;255;255m [38;2;255;255;255m[48;2;255;255;255m [0m
[38;2;255;255;255m[48;2;255;255;255m [38;2;255;255;255m[48;2;255;255;255m [38;2;255;255;255m[48;2;255;255;255m [38;2;255;255;255m[48;2;252;127;0m▄[38;2;252;127;0m[48;2;252;127;0m [38;2;252;127;0m[48;2;255;255;255m▘[38;2;255;255;255m[48;2;255;255;255m [38;2;252;127;0m[48;2;255;255;0m▘[38;2;252;127;0m[48;2;252;127;0m [38;2;255;255;0m[48;2;252;127;0m▘[38;2;252;127;0m[48;2;252;127;0m [38;2;252;127;0m[48;2;252;127;0m [38;2;252;127;0m[48;2;255;255;0m▘[38;2;255;255;0m[48;2;252;127;0m▘[38;2;252;127;0m[48;2;252;127;0m [38;2;252;127;0m[48;2;252;127;0m [38;2;252;127;0m[48;2;127;0;0m▄[38;2;127;0;0m[48;2;252;127;0m▆[38;2;252;127;0m[48;2;252;127;0m [38;2;252;127;0m[48;2;252;127;0m [38;2;252;127;0m[48;2;252;127;0m [38;2;252;127;0m[48;2;252;127;0m [38;2;252;127;0m[48;2;127;0;0m▆[38;2;252;127;0m[48;2;127;0;0m▄[38;2;252;127;0m[48;2;127;0;0m▄[38;2;252;127;0m[48;2;127;0;0m▃[38;2;252;127;0m[48;2;127;0;0m▄[38;2;252;127;0m[48;2;252;127;0m [38;2;127;0;0m[48;2;252;127;0m▃[38;2;127;0;0m[48;2;252;127;0m▄[38;2;252;127;0m[48;2;127;0;0m▁[38;2;252;127;0m[48;2;127;0;0m▄[38;2;127;0;0m[48;2;127;0;0m [38;2;127;0;0m[48;2;252;127;0m▄[38;2;255;255;0m[48;2;255;255;0m [38;2;255;255;255m[48;2;255;255;255m [38;2;255;255;255m[48;2;255;255;255m [38;2;255;255;255m[48;2;255;255;255m [38;2;255;255;255m[48;2;255;255;255m [38;2;255;255;255m[48;2;255;255;255m [38;2;255;255;255m[48;2;255;255;255m [38;2;255;255;255m[48;2;255;255;255m [38;2;255;255;255m[48;2;255;255;255m [38;2;255;255;255m[48;2;255;255;255m [38;2;255;255;255m[48;2;255;255;255m [0m
[38;2;255;255;255m[48;2;255;255;255m [38;2;255;255;255m[48;2;255;255;255m [38;2;255;255;255m[48;2;255;255;255m [38;2;255;255;255m[48;2;255;255;255m [38;2;252;127;0m[48;2;255;255;255m▘[38;2;255;255;255m[48;2;255;255;255m [38;2;252;127;0m[48;2;252;127;0m [38;2;252;127;0m[48;2;255;255;0m▗[38;2;252;127;0m[48;2;252;127;0m [38;2;255;255;255m[48;2;252;127;0m▗[38;2;252;127;0m[48;2;252;127;0m [38;2;252;127;0m[48;2;255;255;0m▎[38;2;255;255;0m[48;2;252;127;0m▘[38;2;252;127;0m[48;2;252;127;0m [38;2;252;127;0m[48;2;252;127;0m [38;2;252;127;0m[48;2;252;127;0m [38;2;252;127;0m[48;2;127;0;0m▎[38;2;252;127;0m[48;2;252;127;0m [38;2;252;127;0m[48;2;252;127;0m [38;2;252;127;0m[48;2;252;127;0m [38;2;252;127;0m[48;2;252;127;0m [38;2;252;127;0m[48;2;252;127;0m [38;2;252;127;0m[48;2;252;127;0m [38;2;252;127;0m[48;2;252;127;0m [38;2;252;127;0m[48;2;252;127;0m [38;2;252;127;0m[48;2;252;127;0m [38;2;252;127;0m[48;2;252;127;0m [38;2;252;127;0m[48;2;252;127;0m [38;2;252;127;0m[48;2;252;127;0m [38;2;252;127;0m[48;2;252;127;0m [38;2;252;127;0m[48;2;252;127;0m [38;2;252;127;0m[48;2;252;127;0m [38;2;252;127;0m[48;2;252;127;0m [38;2;255;255;255m[48;2;127;0;0m▗[38;2;255;255;255m[48;2;255;255;0m▄[38;2;252;127;0m[48;2;255;255;0m▄[38;2;252;127;0m[48;2;255;255;255m▖[38;2;255;255;255m[48;2;255;255;255m [38;2;255;255;255m[48;2;255;255;255m [38;2;255;255;255m[48;2;255;255;255m [38;2;255;255;255m[48;2;255;255;255m [38;2;255;255;255m[48;2;255;255;255m [38;2;255;255;255m[48;2;255;255;255m [38;2;255;255;255m[48;2;255;255;255m [38;2;255;255;255m[48;2;255;255;255m [0m
[38;2;255;255;255m[48;2;255;255;255m [38;2;255;255;255m[48;2;255;255;255m [38;2;255;255;255m[48;2;255;255;255m [38;2;255;255;255m[48;2;255;255;255m [38;2;255;255;255m[48;2;255;255;255m [38;2;255;255;255m[48;2;252;127;0m▘[38;2;252;127;0m[48;2;255;255;0m▄[38;2;255;255;255m[48;2;252;127;0m▗[38;2;252;127;0m[48;2;255;255;255m▘[38;2;255;255;255m[48;2;255;255;255m [38;2;252;127;0m[48;2;255;255;0m▌[38;2;252;127;0m[48;2;255;255;0m▄[38;2;252;127;0m[48;2;252;127;0m [38;2;255;255;0m[48;2;252;127;0m▖[38;2;252;127;0m[48;2;252;127;0m [38;2;252;127;0m[48;2;252;127;0m [38;2;252;127;0m[48;2;252;127;0m [38;2;252;127;0m[48;2;127;0;0m▃[38;2;127;0;0m[48;2;252;127;0m▅[38;2;127;0;0m[48;2;252;127;0m▄[38;2;127;0;0m[48;2;252;127;0m▃[38;2;127;0;0m[48;2;252;127;0m▂[38;2;252;127;0m[48;2;252;127;0m [38;2;252;127;0m[48;2;252;127;0m [38;2;252;127;0m[48;2;252;127;0m [38;2;252;127;0m[48;2;252;127;0m [38;2;127;0;0m[48;2;252;127;0m▗[38;2;127;0;0m[48;2;252;127;0m▄[38;2;127;0;0m[48;2;252;127;0m━[38;2;252;127;0m[48;2;252;127;0m [38;2;127;0;0m[48;2;252;127;0m▃[38;2;127;0;0m[48;2;252;127;0m▄[38;2;252;127;0m[48;2;127;0;0m▃[38;2;252;127;0m[48;2;252;127;0m [38;2;255;255;255m[48;2;252;127;0m▄[38;2;255;255;255m[48;2;255;255;255m [38;2;255;255;255m[48;2;252;127;0m▄[38;2;255;255;255m[48;2;255;255;255m [38;2;255;255;255m[48;2;255;255;255m [38;2;255;255;255m[48;2;255;255;255m [38;2;255;255;255m[48;2;255;255;255m [38;2;255;255;255m[48;2;255;255;255m [38;2;255;255;255m[48;2;255;255;255m [38;2;255;255;255m[48;2;255;255;255m [38;2;255;255;255m[48;2;255;255;255m [0m
[38;2;255;255;255m[48;2;255;255;255m [38;2;255;255;255m[48;2;255;255;255m [38;2;255;255;255m[48;2;255;255;255m [38;2;255;255;255m[48;2;255;255;255m [38;2;255;255;255m[48;2;253;191;127m▌[38;2;252;127;0m[48;2;252;127;0m [38;2;255;255;255m[48;2;252;127;0m▄[38;2;255;255;255m[48;2;255;255;255m [38;2;255;255;255m[48;2;255;255;255m [38;2;255;255;255m[48;2;252;127;0m▘[38;2;252;127;0m[48;2;255;255;0m▗[38;2;252;127;0m[48;2;252;127;0m [38;2;253;191;0m[48;2;255;255;0m▌[38;2;252;127;0m[48;2;252;127;0m [38;2;255;255;0m[48;2;252;127;0m▄[38;2;252;127;0m[48;2;255;255;0m▄[38;2;252;127;0m[48;2;252;127;0m [38;2;252;127;0m[48;2;252;127;0m [38;2;252;127;0m[48;2;252;127;0m [38;2;255;255;0m[48;2;252;127;0m▗[38;2;252;127;0m[48;2;127;0;0m▆[38;2;252;127;0m[48;2;127;0;0m▄[38;2;252;127;0m[48;2;127;0;0m▖[38;2;127;0;0m[48;2;252;127;0m▖[38;2;252;127;0m[48;2;252;127;0m [38;2;252;127;0m[48;2;252;127;0m [38;2;127;0;0m[48;2;252;127;0m▃[38;2;127;0;0m[48;2;252;127;0m▄[38;2;252;127;0m[48;2;127;0;0m▃[38;2;252;127;0m[48;2;127;0;0m▅[38;2;252;127;0m[48;2;252;127;0m [38;2;252;127;0m[48;2;255;255;0m▄[38;2;255;255;0m[48;2;255;255;255m▄[38;2;255;255;255m[48;2;255;255;255m [38;2;255;255;255m[48;2;255;255;255m [38;2;255;255;255m[48;2;255;255;255m [38;2;255;255;255m[48;2;255;255;255m [38;2;255;255;255m[48;2;255;255;255m [38;2;255;255;255m[48;2;255;255;255m [38;2;255;255;255m[48;2;255;255;255m [38;2;255;255;255m[48;2;255;255;255m [38;2;255;255;255m[48;2;255;255;255m [38;2;255;255;255m[48;2;255;255;255m [38;2;255;255;255m[48;2;255;255;255m [38;2;255;255;255m[48;2;255;255;255m [0m
[38;2;255;255;255m[48;2;255;255;255m [38;2;255;255;255m[48;2;255;255;255m [38;2;255;255;255m[48;2;255;255;255m [38;2;255;255;255m[48;2;255;255;255m [38;2;255;255;255m[48;2;255;255;255m [38;2;252;127;0m[48;2;255;255;255m▘[38;2;255;255;255m[48;2;255;255;255m [38;2;255;255;255m[48;2;255;255;255m [38;2;255;255;255m[48;2;255;255;255m [38;2;255;255;255m[48;2;252;127;0m▗[38;2;255;255;255m[48;2;255;255;0m▄[38;2;252;127;0m[48;2;252;127;0m [38;2;255;255;0m[48;2;252;127;0m▊[38;2;252;127;0m[48;2;252;127;0m [38;2;255;255;0m[48;2;252;127;0m▊[38;2;252;127;0m[48;2;252;127;0m [38;2;255;255;255m[48;2;252;127;0m▗[38;2;252;127;0m[48;2;252;127;0m [38;2;252;127;0m[48;2;252;127;0m [38;2;255;255;0m[48;2;253;191;0m▌[38;2;252;127;0m[48;2;252;127;0m [38;2;252;127;0m[48;2;252;127;0m [38;2;252;127;0m[48;2;127;0;0m▘[38;2;127;0;0m[48;2;252;127;0m▘[38;2;127;0;0m[48;2;252;127;0m▄[38;2;252;127;0m[48;2;127;0;0m▄[38;2;252;127;0m[48;2;189;63;0m▆[38;2;252;127;0m[48;2;252;127;0m [38;2;252;127;0m[48;2;255;255;0m▄[38;2;252;127;0m[48;2;255;255;0m▝[38;2;255;255;255m[48;2;255;255;255m [38;2;255;255;255m[48;2;255;255;255m [38;2;255;255;255m[48;2;252;127;0m▄[38;2;255;255;255m[48;2;252;127;0m▝[38;2;255;255;255m[48;2;255;255;255m [38;2;255;255;255m[48;2;255;255;255m [38;2;255;255;255m[48;2;255;255;255m [38;2;255;255;255m[48;2;255;255;255m [38;2;255;255;255m[48;2;255;255;255m [38;2;255;255;255m[48;2;255;255;255m [38;2;255;255;255m[48;2;255;255;255m [38;2;255;255;255m[48;2;255;255;255m [38;2;255;255;255m[48;2;255;255;255m [38;2;255;255;255m[48;2;255;255;255m [38;2;255;255;255m[48;2;255;255;255m [0m
[38;2;255;255;255m[48;2;255;255;255m [38;2;127;0;0m[48;2;255;255;255m▄[38;2;255;255;255m[48;2;255;255;255m [38;2;127;0;0m[48;2;127;0;0m [38;2;255;255;255m[48;2;255;255;255m [38;2;255;255;255m[48;2;255;255;255m [38;2;255;255;255m[48;2;255;255;255m [38;2;255;255;255m[48;2;255;255;255m [38;2;255;255;255m[48;2;255;255;255m [38;2;255;255;255m[48;2;255;255;255m [38;2;255;255;255m[48;2;255;255;255m [38;2;255;255;255m[48;2;252;127;0m▄[38;2;252;127;0m[48;2;252;127;0m [38;2;255;255;255m[48;2;255;255;255m [38;2;255;255;255m[48;2;252;127;0m▎[38;2;255;255;255m[48;2;252;127;0m▄[38;2;255;255;255m[48;2;255;255;255m [38;2;0;0;0m[48;2;252;127;0m▂[38;2;0;0;0m[48;2;252;127;0m▄[38;2;0;0;0m[48;2;252;127;0m▅[38;2;0;147;0m[48;2;0;0;0m▃[38;2;0;147;0m[48;2;0;0;0m▖[38;2;127;0;0m[48;2;127;0;0m [38;2;0;0;0m[48;2;127;0;0m▄[38;2;0;147;0m[48;2;127;0;0m▄[38;2;255;255;255m[48;2;0;0;0m▝[38;2;252;127;0m[48;2;255;255;255m▝[38;2;255;255;255m[48;2;252;127;0m▆[38;2;255;255;255m[48;2;252;127;0m▂[38;2;255;255;255m[48;2;255;255;255m [38;2;255;255;255m[48;2;255;255;255m [38;2;255;255;255m[48;2;255;255;255m [38;2;255;255;255m[48;2;255;255;255m [38;2;255;255;255m[48;2;255;255;255m [38;2;252;127;0m[48;2;255;255;255m▘[38;2;127;0;0m[48;2;127;0;0m [38;2;255;255;255m[48;2;255;255;255m [38;2;255;255;255m[48;2;127;0;0m▄[38;2;255;255;255m[48;2;255;255;255m [38;2;255;255;255m[48;2;255;255;255m [38;2;255;255;255m[48;2;127;0;0m▌[38;2;127;0;0m[48;2;255;255;255m▌[38;2;255;255;255m[48;2;255;255;255m [38;2;255;255;255m[48;2;255;255;255m [38;2;255;255;255m[48;2;255;255;255m [0m
[38;2;127;0;0m[48;2;255;255;255m▝[38;2;127;0;0m[48;2;127;0;0m [38;2;127;0;0m[48;2;255;255;255m▘[38;2;127;0;0m[48;2;127;0;0m [38;2;255;255;255m[48;2;127;0;0m▖[38;2;127;0;0m[48;2;255;255;255m▖[38;2;255;255;255m[48;2;127;0;0m▘[38;2;255;255;255m[48;2;127;0;0m━[38;2;127;0;0m[48;2;255;255;255m▌[38;2;127;0;0m[48;2;255;255;255m█[38;2;255;255;255m[48;2;255;255;255m [38;2;255;255;255m[48;2;127;0;0m▀[38;2;252;127;0m[48;2;255;255;255m▘[38;2;255;255;255m[48;2;255;255;255m [38;2;255;255;255m[48;2;255;255;255m [38;2;255;255;255m[48;2;255;255;255m [38;2;255;255;255m[48;2;0;0;0m▎[38;2;0;0;0m[48;2;0;147;0m▘[38;2;0;147;0m[48;2;0;147;0m [38;2;0;147;0m[48;2;0;0;0m▖[38;2;0;0;0m[48;2;0;147;0m▖[38;2;0;147;0m[48;2;0;147;0m [38;2;0;147;0m[48;2;0;0;0m▄[38;2;0;147;0m[48;2;0;73;0m▆[38;2;0;0;0m[48;2;0;147;0m▃[38;2;0;0;0m[48;2;0;0;0m [38;2;0;0;0m[48;2;255;255;255m▄[38;2;255;255;255m[48;2;255;255;255m [38;2;255;255;255m[48;2;255;255;255m [38;2;255;255;255m[48;2;255;255;255m [38;2;255;255;255m[48;2;255;255;255m [38;2;255;255;255m[48;2;255;255;255m [38;2;255;255;255m[48;2;255;255;255m [38;2;127;0;0m[48;2;255;255;255m▗[38;2;255;255;255m[48;2;127;0;0m▗[38;2;127;0;0m[48;2;127;0;0m [38;2;127;0;0m[48;2;255;255;255m▝[38;2;127;0;0m[48;2;127;0;0m [38;2;255;255;255m[48;2;255;255;255m [38;2;255;255;255m[48;2;127;0;0m▘[38;2;255;255;255m[48;2;127;0;0m▖[38;2;127;0;0m[48;2;255;255;255m▌[38;2;255;255;255m[48;2;255;255;255m [38;2;255;255;255m[48;2;255;255;255m [38;2;255;255;255m[48;2;255;255;255m [0m
[38;2;255;255;255m[48;2;255;255;255m [38;2;127;0;0m[48;2;127;0;0m [38;2;255;255;255m[48;2;255;255;255m [38;2;127;0;0m[48;2;127;0;0m [38;2;255;255;255m[48;2;127;0;0m▌[38;2;127;0;0m[48;2;255;255;255m▌[38;2;255;255;255m[48;2;127;0;0m▖[38;2;127;0;0m[48;2;255;255;255m▄[38;2;255;255;255m[48;2;255;255;255m [38;2;127;0;0m[48;2;255;255;255m▀[38;2;255;255;255m[48;2;127;0;0m▀[38;2;127;0;0m[48;2;255;255;255m▀[38;2;255;255;255m[48;2;255;255;255m [38;2;255;255;255m[48;2;255;255;255m [38;2;255;255;255m[48;2;255;255;255m [38;2;255;255;255m[48;2;0;0;0m▘[38;2;0;0;0m[48;2;0;147;0m▘[38;2;0;147;0m[48;2;0;147;0m [38;2;0;147;0m[48;2;0;147;0m [38;2;0;147;0m[48;2;0;147;0m [38;2;0;73;0m[48;2;0;0;0m▎[38;2;0;147;0m[48;2;0;147;0m [38;2;0;147;0m[48;2;0;147;0m [38;2;0;147;0m[48;2;0;147;0m [38;2;0;147;0m[48;2;0;73;0m▌[38;2;0;0;0m[48;2;0;147;0m▊[38;2;0;0;0m[48;2;0;147;0m▝[38;2;255;255;255m[48;2;0;0;0m▝[38;2;255;255;255m[48;2;255;255;255m [38;2;255;255;255m[48;2;255;255;255m [38;2;255;255;255m[48;2;255;255;255m [38;2;255;255;255m[48;2;255;255;255m [38;2;255;255;255m[48;2;255;255;255m [38;2;127;0;0m[48;2;255;255;255m▝[38;2;255;255;255m[48;2;127;0;0m▝[38;2;127;0;0m[48;2;127;0;0m [38;2;127;0;0m[48;2;255;255;255m▗[38;2;127;0;0m[48;2;127;0;0m [38;2;127;0;0m[48;2;255;255;255m▖[38;2;255;255;255m[48;2;127;0;0m▖[38;2;255;255;255m[48;2;127;0;0m▘[38;2;127;0;0m[48;2;255;255;255m▌[38;2;255;255;255m[48;2;255;255;255m [38;2;255;255;255m[48;2;255;255;255m [38;2;255;255;255m[48;2;255;255;255m [0m
[38;2;255;255;255m[48;2;255;255;255m [38;2;255;255;255m[48;2;255;255;255m [38;2;255;255;255m[48;2;127;0;0m█[38;2;255;255;255m[48;2;127;0;0m█[38;2;255;255;255m[48;2;127;0;0m█[38;2;255;255;255m[48;2;127;0;0m█[38;2;255;255;255m[48;2;255;255;255m [38;2;255;255;255m[48;2;255;255;255m [38;2;255;255;255m[48;2;255;255;255m [38;2;127;0;0m[48;2;255;255;255m▀[38;2;255;255;255m[48;2;255;255;255m [38;2;255;255;255m[48;2;255;255;255m [38;2;255;255;255m[48;2;255;255;255m [38;2;255;255;255m[48;2;255;255;255m [38;2;255;255;255m[48;2;127;127;127m▊[38;2;0;0;0m[48;2;0;147;0m▊[38;2;0;147;0m[48;2;0;147;0m [38;2;0;147;0m[48;2;0;147;0m [38;2;0;147;0m[48;2;0;0;0m▌[38;2;0;147;0m[48;2;0;147;0m [38;2;0;0;0m[48;2;0;147;0m▝[38;2;0;147;0m[48;2;0;0;0m▂[38;2;0;0;0m[48;2;0;147;0m▄[38;2;0;0;0m[48;2;0;147;0m▄[38;2;0;147;0m[48;2;0;0;0m▂[38;2;0;147;0m[48;2;0;147;0m [38;2;0;147;0m[48;2;0;147;0m [38;2;0;147;0m[48;2;0;0;0m▎[38;2;255;255;255m[48;2;255;255;255m [38;2;255;255;255m[48;2;255;255;255m [38;2;127;0;0m[48;2;255;255;255m▄[38;2;255;255;255m[48;2;255;255;255m [38;2;255;255;255m[48;2;255;255;255m [38;2;127;0;0m[48;2;255;255;255m▄[38;2;255;255;255m[48;2;255;255;255m [38;2;127;0;0m[48;2;255;255;255m▄[38;2;255;255;255m[48;2;255;255;255m [38;2;255;255;255m[48;2;255;255;255m [38;2;255;255;255m[48;2;255;255;255m [38;2;255;255;255m[48;2;255;255;255m [38;2;255;255;255m[48;2;255;255;255m [38;2;255;255;255m[48;2;255;255;255m [38;2;255;255;255m[48;2;255;255;255m [38;2;127;0;0m[48;2;255;255;255m▄[38;2;255;255;255m[48;2;255;255;255m [0m
[38;2;255;255;255m[48;2;255;255;255m [38;2;255;255;255m[48;2;127;0;0m█[38;2;255;255;255m[48;2;127;0;0m█[38;2;255;255;255m[48;2;127;0;0m█[38;2;255;255;255m[48;2;127;0;0m█[38;2;255;255;255m[48;2;127;0;0m█[38;2;255;255;255m[48;2;127;0;0m█[38;2;255;255;255m[48;2;127;0;0m█[38;2;255;255;255m[48;2;127;0;0m█[38;2;255;255;255m[48;2;127;0;0m█[38;2;255;255;255m[48;2;127;0;0m█[38;2;255;255;255m[48;2;127;0;0m█[38;2;255;255;255m[48;2;127;0;0m█[38;2;255;255;255m[48;2;255;255;255m [38;2;255;255;255m[48;2;0;0;0m▘[38;2;0;0;0m[48;2;0;147;0m▘[38;2;0;147;0m[48;2;0;147;0m [38;2;0;147;0m[48;2;0;147;0m [38;2;0;147;0m[48;2;0;0;0m▎[38;2;0;0;0m[48;2;0;147;0m▎[38;2;0;147;0m[48;2;0;147;0m [38;2;0;147;0m[48;2;0;147;0m [38;2;0;147;0m[48;2;0;147;0m [38;2;0;147;0m[48;2;0;147;0m [38;2;0;147;0m[48;2;0;147;0m [38;2;0;147;0m[48;2;0;0;0m▘[38;2;0;147;0m[48;2;0;147;0m [38;2;0;147;0m[48;2;0;0;0m▎[38;2;255;255;255m[48;2;255;255;255m [38;2;255;255;255m[48;2;127;0;0m▌[38;2;127;0;0m[48;2;255;255;255m▌[38;2;255;255;255m[48;2;255;255;255m [38;2;255;255;255m[48;2;127;0;0m▌[38;2;127;0;0m[48;2;255;255;255m▌[38;2;255;255;255m[48;2;127;0;0m▌[38;2;255;255;255m[48;2;127;0;0m▝[38;2;127;0;0m[48;2;255;255;255m▖[38;2;255;255;255m[48;2;255;255;255m [38;2;127;0;0m[48;2;255;255;255m▝[38;2;255;255;255m[48;2;127;0;0m▄[38;2;127;0;0m[48;2;255;255;255m▄[38;2;255;255;255m[48;2;255;255;255m [38;2;127;0;0m[48;2;255;255;255m▄[38;2;127;0;0m[48;2;127;0;0m [38;2;127;0;0m[48;2;255;255;255m▖[0m
[38;2;255;255;255m[48;2;127;0;0m█[38;2;255;255;255m[48;2;127;0;0m█[38;2;255;255;255m[48;2;127;0;0m█[38;2;255;255;255m[48;2;127;0;0m█[38;2;255;255;255m[48;2;127;0;0m█[38;2;255;255;255m[48;2;127;0;0m█[38;2;255;255;255m[48;2;127;0;0m█[38;2;255;255;255m[48;2;127;0;0m█[38;2;255;255;255m[48;2;127;0;0m█[38;2;255;255;255m[48;2;127;0;0m█[38;2;255;255;255m[48;2;127;0;0m█[38;2;255;255;255m[48;2;127;0;0m█[38;2;255;255;255m[48;2;127;0;0m█[38;2;255;255;255m[48;2;127;0;0m█[38;2;0;0;0m[48;2;0;147;0m▊[38;2;0;147;0m[48;2;0;147;0m [38;2;0;147;0m[48;2;0;147;0m [38;2;0;0;0m[48;2;0;147;0m▗[38;2;0;147;0m[48;2;0;0;0m▗[38;2;0;147;0m[48;2;0;147;0m [38;2;0;147;0m[48;2;0;147;0m [38;2;0;147;0m[48;2;0;147;0m [38;2;0;147;0m[48;2;0;147;0m [38;2;0;147;0m[48;2;0;147;0m [38;2;0;147;0m[48;2;0;147;0m [38;2;0;147;0m[48;2;0;0;0m▌[38;2;0;0;0m[48;2;0;147;0m▎[38;2;0;147;0m[48;2;0;0;0m▌[38;2;255;255;255m[48;2;255;255;255m [38;2;127;0;0m[48;2;127;0;0m [38;2;127;0;0m[48;2;255;255;255m▄[38;2;255;255;255m[48;2;127;0;0m▝[38;2;127;0;0m[48;2;127;0;0m [38;2;255;255;255m[48;2;255;255;255m [38;2;127;0;0m[48;2;127;0;0m [38;2;255;255;255m[48;2;255;255;255m [38;2;127;0;0m[48;2;127;0;0m [38;2;127;0;0m[48;2;255;255;255m▗[38;2;255;255;255m[48;2;127;0;0m▗[38;2;255;255;255m[48;2;127;0;0m▖[38;2;127;0;0m[48;2;255;255;255m▌[38;2;255;255;255m[48;2;255;255;255m [38;2;255;255;255m[48;2;127;0;0m▌[38;2;127;0;0m[48;2;255;255;255m▌[38;2;255;255;255m[48;2;255;255;255m [0m
[38;2;255;255;255m[48;2;127;0;0m█[38;2;255;255;255m[48;2;127;0;0m█[38;2;255;255;255m[48;2;127;0;0m█[38;2;255;255;255m[48;2;127;0;0m█[38;2;255;255;255m[48;2;127;0;0m█[38;2;255;255;255m[48;2;127;0;0m█[38;2;255;255;255m[48;2;127;0;0m█[38;2;255;255;255m[48;2;127;0;0m█[38;2;255;255;255m[48;2;127;0;0m█[38;2;255;255;255m[48;2;127;0;0m█[38;2;255;255;255m[48;2;127;0;0m█[38;2;255;255;255m[48;2;127;0;0m█[38;2;255;255;255m[48;2;127;0;0m█[38;2;255;255;255m[48;2;0;0;0m▘[38;2;0;0;0m[48;2;0;147;0m▘[38;2;0;147;0m[48;2;0;147;0m [38;2;0;147;0m[48;2;0;147;0m [38;2;0;147;0m[48;2;0;0;0m▎[38;2;0;0;0m[48;2;0;147;0m▎[38;2;0;147;0m[48;2;0;147;0m [38;2;0;147;0m[48;2;0;147;0m [38;2;0;147;0m[48;2;0;147;0m [38;2;0;147;0m[48;2;0;147;0m [38;2;0;147;0m[48;2;0;147;0m [38;2;0;147;0m[48;2;0;147;0m [38;2;0;147;0m[48;2;0;0;0m▎[38;2;0;147;0m[48;2;0;147;0m [38;2;0;147;0m[48;2;0;0;0m▌[38;2;127;0;0m[48;2;255;255;255m▝[38;2;127;0;0m[48;2;255;255;255m▘[38;2;255;255;255m[48;2;255;255;255m [38;2;127;0;0m[48;2;255;255;255m▝[38;2;127;0;0m[48;2;255;255;255m▘[38;2;127;0;0m[48;2;255;255;255m▝[38;2;127;0;0m[48;2;255;255;255m▘[38;2;127;0;0m[48;2;255;255;255m▝[38;2;127;0;0m[48;2;255;255;255m▘[38;2;255;255;255m[48;2;255;255;255m [38;2;255;255;255m[48;2;127;0;0m▄[38;2;255;255;255m[48;2;127;0;0m▄[38;2;255;255;255m[48;2;255;255;255m [38;2;255;255;255m[48;2;255;255;255m [38;2;255;255;255m[48;2;127;0;0m▄[38;2;255;255;255m[48;2;255;255;255m [38;2;255;255;255m[48;2;255;255;255m [0m
