[48;2;0;0;0m[38;2;127;127;127m▄[48;2;0;0;0m[38;2;127;127;127m▃[48;2;0;0;0m[38;2;127;127;127m▄[48;2;0;0;0m[38;2;127;127;127m▅[48;2;127;127;127m[38;2;127;127;127m [48;2;127;127;127m[38;2;127;127;127m [48;2;127;127;127m[38;2;127;127;127m [48;2;127;127;127m[38;2;127;127;127m [48;2;127;127;127m[38;2;127;127;127m [48;2;127;127;127m[38;2;127;127;127m [48;2;127;127;127m[38;2;127;127;127m [48;2;127;127;127m[38;2;127;127;127m [48;2;127;127;127m[38;2;127;127;127m [48;2;127;127;127m[38;2;127;127;127m [48;2;127;127;127m[38;2;63;63;63m▂[48;2;127;127;127m[38;2;0;0;0m▄[48;2;127;127;127m[38;2;0;0;0m▆[48;2;0;0;0m[38;2;0;0;0m [48;2;127;127;127m[38;2;0;0;0m▘[48;2;127;127;127m[38;2;127;127;127m [48;2;127;127;127m[38;2;127;127;127m [48;2;127;127;127m[38;2;127;127;127m [48;2;127;127;127m[38;2;127;127;127m [48;2;127;127;127m[38;2;127;127;127m [48;2;0;0;0m[38;2;127;127;127m▗[48;2;210;210;210m[38;2;127;127;127m▎[48;2;255;255;255m[38;2;255;255;255m [48;2;255;255;255m[38;2;255;255;255m [48;2;255;255;255m[38;2;255;255;255m [48;2;255;255;255m[38;2;255;255;255m [48;2;255;255;255m[38;2;255;255;255m [48;2;255;255;255m[38;2;255;255;255m [48;2;255;255;255m[38;2;255;255;255m [48;2;255;255;255m[38;2;255;255;255m [48;2;255;255;255m[38;2;255;255;255m [48;2;255;255;255m[38;2;255;255;255m [48;2;255;255;255m[38;2;255;255;255m [48;2;255;255;255m[38;2;255;255;255m [48;2;255;255;255m[38;2;255;255;255m [48;2;255;255;255m[38;2;255;255;255m [48;2;255;255;255m[38;2;255;255;255m [48;2;255;255;255m[38;2;255;255;255m [48;2;255;255;255m[38;2;255;255;255m [48;2;255;255;255m[38;2;255;255;255m [48;2;255;255;255m[38;2;255;255;255m [48;2;255;255;255m[38;2;255;255;255m [48;2;255;255;255m[38;2;255;255;255m [48;2;255;255;255m[38;2;255;255;255m [48;2;255;255;255m[38;2;255;255;255m [48;2;255;255;255m[38;2;255;255;255m [48;2;255;255;255m[38;2;255;255;255m [48;2;255;255;255m[38;2;255;255;255m [48;2;255;255;255m[38;2;255;255;255m [48;2;255;255;255m[38;2;255;255;255m [48;2;255;255;255m[38;2;255;255;255m [48;2;255;255;255m[38;2;255;255;255m [48;2;255;255;255m[38;2;255;255;255m [48;2;255;255;255m[38;2;255;255;255m [48;2;255;255;255m[38;2;255;255;255m [48;2;255;255;255m[38;2;255;255;255m [48;2;255;255;255m[38;2;255;255;255m [48;2;255;255;255m[38;2;255;255;255m [48;2;255;255;255m[38;2;255;255;255m [48;2;255;255;255m[38;2;255;255;255m [48;2;105;105;105m[38;2;210;210;210m▌[48;2;0;0;0m[38;2;0;0;0m [48;2;127;127;127m[38;2;0;0;0m▆[48;2;127;127;127m[38;2;0;0;0m▄[48;2;127;127;127m[38;2;63;63;63m▂[48;2;127;127;127m[38;2;63;63;63m▁[48;2;127;127;127m[38;2;127;127;127m [48;2;127;127;127m[38;2;127;127;127m [0m
[48;2;127;127;127m[38;2;0;0;0m▁[48;2;127;127;127m[38;2;127;127;127m [48;2;127;127;127m[38;2;127;127;127m [48;2;127;127;127m[38;2;127;127;127m [48;2;127;127;127m[38;2;127;127;127m [48;2;127;127;127m[38;2;127;127;127m [48;2;127;127;127m[38;2;127;127;127m [48;2;127;127;127m[38;2;127;127;127m [48;2;127;127;127m[38;2;63;63;63m▁[48;2;127;127;127m[38;2;0;0;0m▁[48;2;127;127;127m[38;2;0;0;0m▂[48;2;127;127;127m[38;2;0;0;0m▃[48;2;127;127;127m[38;2;0;0;0m▄[48;2;127;127;127m[38;2;0;0;0m▇[48;2;0;0;0m[38;2;127;127;127m▗[48;2;0;0;0m[38;2;127;127;127m▅[48;2;0;0;0m[38;2;127;127;127m▄[48;2;0;0;0m[38;2;127;127;127m▁[48;2;63;63;63m[38;2;0;0;0m▇[48;2;127;127;127m[38;2;0;0;0m▆[48;2;127;127;127m[38;2;0;0;0m▄[48;2;127;127;127m[38;2;0;0;0m▃[48;2;127;127;127m[38;2;0;0;0m▃[48;2;0;0;0m[38;2;127;127;127m▘[48;2;127;127;127m[38;2;0;0;0m▌[48;2;255;255;255m[38;2;210;210;210m▌[48;2;255;255;255m[38;2;255;255;255m [48;2;255;255;255m[38;2;255;255;255m [48;2;255;255;255m[38;2;0;0;0m▗[48;2;255;255;255m[38;2;0;0;0m▄[48;2;255;255;255m[38;2;0;0;0m▄[48;2;255;255;255m[38;2;0;0;0m▖[48;2;255;255;255m[38;2;0;0;0m▄[48;2;255;255;255m[38;2;255;255;255m [48;2;255;255;255m[38;2;255;255;255m [48;2;255;255;255m[38;2;255;255;255m [48;2;255;255;255m[38;2;255;255;255m [48;2;255;255;255m[38;2;255;255;255m [48;2;255;255;255m[38;2;255;255;255m [48;2;255;255;255m[38;2;255;255;255m [48;2;255;255;255m[38;2;255;255;255m [48;2;255;255;255m[38;2;255;255;255m [48;2;255;255;255m[38;2;255;255;255m [48;2;255;255;255m[38;2;255;255;255m [48;2;255;255;255m[38;2;255;255;255m [48;2;255;255;255m[38;2;255;255;255m [48;2;255;255;255m[38;2;255;255;255m [48;2;255;255;255m[38;2;255;255;255m [48;2;255;255;255m[38;2;255;255;255m [48;2;255;255;255m[38;2;255;255;255m [48;2;255;255;255m[38;2;0;0;0m▗[48;2;255;255;255m[38;2;0;0;0m▄[48;2;255;255;255m[38;2;255;255;255m [48;2;255;255;255m[38;2;255;255;255m [48;2;255;255;255m[38;2;255;255;255m [48;2;255;255;255m[38;2;255;255;255m [48;2;255;255;255m[38;2;255;255;255m [48;2;255;255;255m[38;2;255;255;255m [48;2;255;255;255m[38;2;255;255;255m [48;2;255;255;255m[38;2;255;255;255m [48;2;255;255;255m[38;2;255;255;255m [48;2;255;255;255m[38;2;255;255;255m [48;2;255;255;255m[38;2;255;255;255m [48;2;255;255;255m[38;2;255;255;255m [48;2;127;127;127m[38;2;255;255;255m▌[48;2;127;127;127m[38;2;0;0;0m▌[48;2;127;127;127m[38;2;0;0;0m▝[48;2;0;0;0m[38;2;127;127;127m▃[48;2;0;0;0m[38;2;127;127;127m▂[48;2;0;0;0m[38;2;127;127;127m▁[48;2;0;0;0m[38;2;127;127;127m▁[48;2;127;127;127m[38;2;0;0;0m▇[0m
[48;2;0;0;0m[38;2;127;127;127m▄[48;2;0;0;0m[38;2;127;127;127m▃[48;2;0;0;0m[38;2;127;127;127m▁[48;2;0;0;0m[38;2;127;127;127m▁[48;2;127;127;127m[38;2;0;0;0m▇[48;2;127;127;127m[38;2;0;0;0m▇[48;2;127;127;127m[38;2;0;0;0m▇[48;2;0;0;0m[38;2;127;127;127m▁[48;2;0;0;0m[38;2;127;127;127m▂[48;2;0;0;0m[38;2;127;127;127m▂[48;2;0;0;0m[38;2;127;127;127m▄[48;2;0;0;0m[38;2;127;127;127m▅[48;2;63;63;63m[38;2;127;127;127m▆[48;2;0;0;0m[38;2;127;127;127m▇[48;2;127;127;127m[38;2;127;127;127m [48;2;127;127;127m[38;2;127;127;127m [48;2;127;127;127m[38;2;127;127;127m [48;2;127;127;127m[38;2;127;127;127m [48;2;63;63;63m[38;2;127;127;127m▇[48;2;63;63;63m[38;2;127;127;127m▆[48;2;63;63;63m[38;2;127;127;127m▆[48;2;0;0;0m[38;2;127;127;127m▅[48;2;0;0;0m[38;2;127;127;127m▆[48;2;0;0;0m[38;2;127;127;127m▎[48;2;0;0;0m[38;2;127;127;127m▝[48;2;255;255;255m[38;2;210;210;210m▖[48;2;255;255;255m[38;2;255;255;255m [48;2;255;255;255m[38;2;255;255;255m [48;2;255;255;255m[38;2;255;255;255m [48;2;0;0;0m[38;2;255;255;255m▌[48;2;255;255;255m[38;2;0;0;0m▌[48;2;255;255;255m[38;2;255;255;255m [48;2;0;0;0m[38;2;0;0;0m [48;2;255;255;255m[38;2;0;0;0m▄[48;2;255;255;255m[38;2;255;255;255m [48;2;255;255;255m[38;2;255;255;255m [48;2;0;0;0m[38;2;255;255;255m▄[48;2;255;255;255m[38;2;255;255;255m [48;2;255;255;255m[38;2;0;0;0m▗[48;2;255;255;255m[38;2;0;0;0m▄[48;2;255;255;255m[38;2;255;255;255m [48;2;255;255;255m[38;2;255;255;255m [48;2;255;255;255m[38;2;255;255;255m [48;2;0;0;0m[38;2;255;255;255m▄[48;2;255;255;255m[38;2;255;255;255m [48;2;255;255;255m[38;2;0;0;0m▗[48;2;255;255;255m[38;2;0;0;0m▄[48;2;255;255;255m[38;2;255;255;255m [48;2;255;255;255m[38;2;255;255;255m [48;2;255;255;255m[38;2;255;255;255m [48;2;0;0;0m[38;2;0;0;0m [48;2;255;255;255m[38;2;0;0;0m▄[48;2;255;255;255m[38;2;255;255;255m [48;2;0;0;0m[38;2;255;255;255m▄[48;2;255;255;255m[38;2;255;255;255m [48;2;255;255;255m[38;2;0;0;0m▄[48;2;255;255;255m[38;2;0;0;0m▄[48;2;255;255;255m[38;2;0;0;0m▖[48;2;255;255;255m[38;2;255;255;255m [48;2;255;255;255m[38;2;0;0;0m▄[48;2;255;255;255m[38;2;0;0;0m▖[48;2;255;255;255m[38;2;255;255;255m [48;2;255;255;255m[38;2;255;255;255m [48;2;255;255;255m[38;2;255;255;255m [48;2;0;0;0m[38;2;255;255;255m▎[48;2;127;127;127m[38;2;0;0;0m▌[48;2;127;127;127m[38;2;127;127;127m [48;2;127;127;127m[38;2;127;127;127m [48;2;127;127;127m[38;2;127;127;127m [48;2;127;127;127m[38;2;127;127;127m [48;2;127;127;127m[38;2;127;127;127m [48;2;127;127;127m[38;2;127;127;127m [0m
[48;2;127;127;127m[38;2;127;127;127m [48;2;127;127;127m[38;2;127;127;127m [48;2;127;127;127m[38;2;127;127;127m [48;2;127;127;127m[38;2;127;127;127m [48;2;127;127;127m[38;2;127;127;127m [48;2;127;127;127m[38;2;127;127;127m [48;2;127;127;127m[38;2;127;127;127m [48;2;127;127;127m[38;2;127;127;127m [48;2;127;127;127m[38;2;127;127;127m [48;2;0;0;0m[38;2;127;127;127m▝[48;2;127;127;127m[38;2;127;127;127m [48;2;127;127;127m[38;2;127;127;127m [48;2;127;127;127m[38;2;127;127;127m [48;2;127;127;127m[38;2;127;127;127m [48;2;127;127;127m[38;2;127;127;127m [48;2;127;127;127m[38;2;127;127;127m [48;2;127;127;127m[38;2;127;127;127m [48;2;127;127;127m[38;2;127;127;127m [48;2;127;127;127m[38;2;127;127;127m [48;2;127;127;127m[38;2;127;127;127m [48;2;127;127;127m[38;2;127;127;127m [48;2;127;127;127m[38;2;127;127;127m [48;2;127;127;127m[38;2;127;127;127m [48;2;127;127;127m[38;2;0;0;0m▝[48;2;0;0;0m[38;2;0;0;0m [48;2;0;0;0m[38;2;210;210;210m▝[48;2;255;255;255m[38;2;127;127;127m▄[48;2;255;255;255m[38;2;255;255;255m [48;2;255;255;255m[38;2;255;255;255m [48;2;0;0;0m[38;2;255;255;255m▌[48;2;255;255;255m[38;2;0;0;0m▌[48;2;255;255;255m[38;2;255;255;255m [48;2;0;0;0m[38;2;0;0;0m [48;2;0;0;0m[38;2;255;255;255m▌[48;2;255;255;255m[38;2;0;0;0m▌[48;2;255;255;255m[38;2;0;0;0m▝[48;2;0;0;0m[38;2;0;0;0m [48;2;255;255;255m[38;2;255;255;255m [48;2;0;0;0m[38;2;255;255;255m▖[48;2;255;255;255m[38;2;0;0;0m▄[48;2;255;255;255m[38;2;255;255;255m [48;2;255;255;255m[38;2;255;255;255m [48;2;255;255;255m[38;2;0;0;0m▝[48;2;0;0;0m[38;2;0;0;0m [48;2;255;255;255m[38;2;255;255;255m [48;2;0;0;0m[38;2;255;255;255m▖[48;2;255;255;255m[38;2;0;0;0m▄[48;2;255;255;255m[38;2;255;255;255m [48;2;255;255;255m[38;2;255;255;255m [48;2;255;255;255m[38;2;255;255;255m [48;2;0;0;0m[38;2;0;0;0m [48;2;255;255;255m[38;2;255;255;255m [48;2;255;255;255m[38;2;0;0;0m▝[48;2;0;0;0m[38;2;0;0;0m [48;2;255;255;255m[38;2;255;255;255m [48;2;0;0;0m[38;2;0;0;0m [48;2;255;255;255m[38;2;255;255;255m [48;2;0;0;0m[38;2;0;0;0m [48;2;0;0;0m[38;2;255;255;255m▌[48;2;0;0;0m[38;2;255;255;255m▝[48;2;0;0;0m[38;2;0;0;0m [48;2;255;255;255m[38;2;255;255;255m [48;2;255;255;255m[38;2;255;255;255m [48;2;255;255;255m[38;2;127;127;127m▗[48;2;0;0;0m[38;2;0;0;0m [48;2;127;127;127m[38;2;127;127;127m [48;2;127;127;127m[38;2;127;127;127m [48;2;127;127;127m[38;2;127;127;127m [48;2;0;0;0m[38;2;127;127;127m▄[48;2;0;0;0m[38;2;127;127;127m▂[48;2;0;0;0m[38;2;127;127;127m▁[48;2;127;127;127m[38;2;0;0;0m▇[0m
[48;2;127;127;127m[38;2;127;127;127m [48;2;127;127;127m[38;2;127;127;127m [48;2;127;127;127m[38;2;127;127;127m [48;2;127;127;127m[38;2;127;127;127m [48;2;127;127;127m[38;2;127;127;127m [48;2;127;127;127m[38;2;127;127;127m [48;2;127;127;127m[38;2;0;0;0m▁[48;2;127;127;127m[38;2;127;127;127m [48;2;127;127;127m[38;2;127;127;127m [48;2;127;127;127m[38;2;0;0;0m▝[48;2;0;0;0m[38;2;0;0;0m [48;2;127;127;127m[38;2;0;0;0m▃[48;2;127;127;127m[38;2;127;127;127m [48;2;127;127;127m[38;2;127;127;127m [48;2;127;127;127m[38;2;127;127;127m [48;2;127;127;127m[38;2;127;127;127m [48;2;127;127;127m[38;2;127;127;127m [48;2;127;127;127m[38;2;127;127;127m [48;2;127;127;127m[38;2;127;127;127m [48;2;127;127;127m[38;2;127;127;127m [48;2;127;127;127m[38;2;0;0;0m▁[48;2;127;127;127m[38;2;0;0;0m▃[48;2;127;127;127m[38;2;0;0;0m▅[48;2;0;0;0m[38;2;0;147;0m▁[48;2;0;0;0m[38;2;0;147;0m▄[48;2;0;147;0m[38;2;0;252;0m▗[48;2;0;0;0m[38;2;0;147;0m▄[48;2;210;210;210m[38;2;0;0;0m▅[48;2;255;255;255m[38;2;255;255;255m [48;2;0;0;0m[38;2;255;255;255m▌[48;2;255;255;255m[38;2;0;0;0m▌[48;2;255;255;255m[38;2;255;255;255m [48;2;0;0;0m[38;2;0;0;0m [48;2;0;0;0m[38;2;255;255;255m▌[48;2;255;255;255m[38;2;0;0;0m▌[48;2;255;255;255m[38;2;255;255;255m [48;2;0;0;0m[38;2;0;0;0m [48;2;255;255;255m[38;2;0;0;0m▖[48;2;255;255;255m[38;2;0;0;0m▄[48;2;0;0;0m[38;2;255;255;255m▘[48;2;255;255;255m[38;2;0;0;0m▘[48;2;255;255;255m[38;2;255;255;255m [48;2;255;255;255m[38;2;255;255;255m [48;2;0;0;0m[38;2;0;0;0m [48;2;255;255;255m[38;2;0;0;0m▖[48;2;255;255;255m[38;2;0;0;0m▄[48;2;0;0;0m[38;2;255;255;255m▘[48;2;255;255;255m[38;2;0;0;0m▘[48;2;255;255;255m[38;2;255;255;255m [48;2;255;255;255m[38;2;255;255;255m [48;2;0;0;0m[38;2;0;0;0m [48;2;255;255;255m[38;2;255;255;255m [48;2;255;255;255m[38;2;255;255;255m [48;2;0;0;0m[38;2;0;0;0m [48;2;255;255;255m[38;2;0;0;0m▖[48;2;0;0;0m[38;2;0;0;0m [48;2;255;255;255m[38;2;255;255;255m [48;2;0;0;0m[38;2;0;0;0m [48;2;255;255;255m[38;2;0;0;0m▝[48;2;0;0;0m[38;2;255;255;255m▝[48;2;255;255;255m[38;2;0;0;0m▄[48;2;255;255;255m[38;2;255;255;255m [48;2;255;255;255m[38;2;255;255;255m [48;2;63;63;63m[38;2;127;127;127m▌[48;2;0;0;0m[38;2;0;252;0m▗[48;2;0;0;0m[38;2;127;127;127m▝[48;2;127;127;127m[38;2;0;0;0m▄[48;2;127;127;127m[38;2;0;0;0m▃[48;2;127;127;127m[38;2;63;63;63m▂[48;2;127;127;127m[38;2;0;0;0m▁[48;2;127;127;127m[38;2;127;127;127m [48;2;127;127;127m[38;2;127;127;127m [0m
[48;2;127;127;127m[38;2;127;127;127m [48;2;127;127;127m[38;2;63;63;63m▁[48;2;127;127;127m[38;2;0;0;0m▁[48;2;127;127;127m[38;2;0;0;0m▂[48;2;127;127;127m[38;2;0;0;0m▄[48;2;127;127;127m[38;2;0;0;0m▇[48;2;0;0;0m[38;2;0;0;0m [48;2;127;127;127m[38;2;0;0;0m▄[48;2;127;127;127m[38;2;0;0;0m▄[48;2;127;127;127m[38;2;0;0;0m▄[48;2;0;0;0m[38;2;127;127;127m▘[48;2;0;0;0m[38;2;0;147;0m▄[48;2;0;0;0m[38;2;0;147;0m▃[48;2;0;0;0m[38;2;0;147;0m▁[48;2;127;127;127m[38;2;0;0;0m▇[48;2;127;127;127m[38;2;0;0;0m▇[48;2;127;127;127m[38;2;0;0;0m▇[48;2;127;127;127m[38;2;0;0;0m▇[48;2;0;0;0m[38;2;0;147;0m▁[48;2;0;0;0m[38;2;0;147;0m▂[48;2;0;0;0m[38;2;0;147;0m▂[48;2;0;0;0m[38;2;0;147;0m▄[48;2;0;147;0m[38;2;0;252;0m▗[48;2;0;147;0m[38;2;0;252;0m▚[48;2;0;147;0m[38;2;0;252;0m▚[48;2;0;147;0m[38;2;0;252;0m▚[48;2;0;147;0m[38;2;0;252;0m▚[48;2;0;147;0m[38;2;0;252;0m▚[48;2;0;0;0m[38;2;0;147;0m▄[48;2;255;255;255m[38;2;0;147;0m▄[48;2;255;255;255m[38;2;0;0;0m▄[48;2;255;255;255m[38;2;0;0;0m▄[48;2;255;255;255m[38;2;0;0;0m▄[48;2;255;255;255m[38;2;0;0;0m▄[48;2;255;255;255m[38;2;0;0;0m▃[48;2;255;255;255m[38;2;0;0;0m▃[48;2;255;255;255m[38;2;127;127;127m▃[48;2;255;255;255m[38;2;127;127;127m▃[48;2;255;255;255m[38;2;127;127;127m▂[48;2;255;255;255m[38;2;127;127;127m▂[48;2;255;255;255m[38;2;127;127;127m▂[48;2;255;255;255m[38;2;127;127;127m▂[48;2;255;255;255m[38;2;127;127;127m▃[48;2;255;255;255m[38;2;255;255;255m [48;2;255;255;255m[38;2;255;255;255m [48;2;255;255;255m[38;2;210;210;210m▃[48;2;255;255;255m[38;2;210;210;210m▃[48;2;255;255;255m[38;2;210;210;210m▃[48;2;255;255;255m[38;2;210;210;210m▃[48;2;255;255;255m[38;2;210;210;210m▃[48;2;255;255;255m[38;2;210;210;210m▃[48;2;255;255;255m[38;2;210;210;210m▃[48;2;255;255;255m[38;2;210;210;210m▃[48;2;255;255;255m[38;2;127;127;127m▃[48;2;255;255;255m[38;2;127;127;127m▃[48;2;255;255;255m[38;2;127;127;127m▃[48;2;255;255;255m[38;2;127;127;127m▄[48;2;255;255;255m[38;2;0;0;0m▄[48;2;255;255;255m[38;2;0;0;0m▄[48;2;255;255;255m[38;2;0;0;0m▅[48;2;255;255;255m[38;2;0;0;0m▅[48;2;210;210;210m[38;2;0;0;0m▅[48;2;210;210;210m[38;2;0;0;0m▆[48;2;0;0;0m[38;2;0;252;0m▗[48;2;0;147;0m[38;2;0;252;0m▚[48;2;0;147;0m[38;2;0;252;0m▚[48;2;0;147;0m[38;2;0;252;0m▚[48;2;0;0;0m[38;2;0;147;0m▅[48;2;0;0;0m[38;2;0;147;0m▃[48;2;0;0;0m[38;2;0;147;0m▃[48;2;0;0;0m[38;2;0;147;0m▂[48;2;127;127;127m[38;2;0;0;0m▇[0m
[48;2;0;0;0m[38;2;0;147;0m▃[48;2;0;0;0m[38;2;0;147;0m▃[48;2;0;0;0m[38;2;0;147;0m▄[48;2;0;0;0m[38;2;0;147;0m▅[48;2;0;0;0m[38;2;0;147;0m▆[48;2;0;147;0m[38;2;0;252;0m▗[48;2;0;147;0m[38;2;0;252;0m▗[48;2;0;147;0m[38;2;0;252;0m▗[48;2;0;147;0m[38;2;0;252;0m▗[48;2;0;147;0m[38;2;0;252;0m▗[48;2;0;147;0m[38;2;0;252;0m▗[48;2;0;147;0m[38;2;0;252;0m▗[48;2;0;147;0m[38;2;0;252;0m▚[48;2;0;147;0m[38;2;0;252;0m▚[48;2;0;147;0m[38;2;0;252;0m▚[48;2;0;147;0m[38;2;0;252;0m▚[48;2;0;147;0m[38;2;0;252;0m▚[48;2;0;147;0m[38;2;0;252;0m▚[48;2;0;147;0m[38;2;0;252;0m▚[48;2;0;147;0m[38;2;0;252;0m▚[48;2;0;147;0m[38;2;0;252;0m▚[48;2;0;147;0m[38;2;0;252;0m▚[48;2;0;147;0m[38;2;0;252;0m▚[48;2;0;147;0m[38;2;0;252;0m▚[48;2;0;147;0m[38;2;0;252;0m▚[48;2;0;147;0m[38;2;0;252;0m▚[48;2;0;147;0m[38;2;0;252;0m▚[48;2;0;147;0m[38;2;0;252;0m▚[48;2;0;147;0m[38;2;0;252;0m▚[48;2;0;147;0m[38;2;0;252;0m▚[48;2;0;147;0m[38;2;0;252;0m▚[48;2;0;147;0m[38;2;0;252;0m▗[48;2;0;147;0m[38;2;0;252;0m▗[48;2;0;147;0m[38;2;0;252;0m▗[48;2;0;147;0m[38;2;0;252;0m▗[48;2;0;147;0m[38;2;0;252;0m▗[48;2;0;147;0m[38;2;0;252;0m▗[48;2;0;147;0m[38;2;0;252;0m▗[48;2;0;147;0m[38;2;0;252;0m▗[48;2;0;147;0m[38;2;0;252;0m▗[48;2;0;147;0m[38;2;0;252;0m▗[48;2;0;0;0m[38;2;0;147;0m▌[48;2;127;127;127m[38;2;0;0;0m▌[48;2;255;255;255m[38;2;255;255;255m [48;2;127;127;127m[38;2;255;255;255m▌[48;2;0;0;0m[38;2;0;0;0m [48;2;0;0;0m[38;2;0;0;0m [48;2;0;0;0m[38;2;0;147;147m▄[48;2;0;0;0m[38;2;0;147;147m▄[48;2;0;0;0m[38;2;0;147;147m▄[48;2;0;0;0m[38;2;0;147;147m▄[48;2;0;0;0m[38;2;0;147;147m▄[48;2;0;0;0m[38;2;0;147;147m▄[48;2;0;0;0m[38;2;0;0;0m [48;2;127;127;127m[38;2;0;0;0m▌[48;2;0;0;0m[38;2;127;127;127m▌[48;2;0;147;0m[38;2;0;0;0m▌[48;2;0;147;0m[38;2;0;252;0m▚[48;2;0;147;0m[38;2;0;252;0m▚[48;2;0;147;0m[38;2;0;252;0m▚[48;2;0;147;0m[38;2;0;252;0m▚[48;2;0;147;0m[38;2;0;252;0m▚[48;2;0;147;0m[38;2;0;252;0m▚[48;2;0;147;0m[38;2;0;252;0m▚[48;2;0;147;0m[38;2;0;252;0m▚[48;2;0;147;0m[38;2;0;252;0m▚[48;2;0;147;0m[38;2;0;252;0m▚[48;2;0;147;0m[38;2;0;252;0m▚[48;2;0;147;0m[38;2;0;252;0m▚[48;2;0;147;0m[38;2;0;252;0m▚[48;2;0;147;0m[38;2;0;252;0m▚[48;2;0;147;0m[38;2;0;252;0m▚[0m
[48;2;0;147;0m[38;2;0;252;0m▚[48;2;0;147;0m[38;2;0;252;0m▚[48;2;0;147;0m[38;2;0;252;0m▚[48;2;0;147;0m[38;2;0;252;0m▚[48;2;0;147;0m[38;2;0;252;0m▚[48;2;0;147;0m[38;2;0;252;0m▚[48;2;0;147;0m[38;2;0;252;0m▚[48;2;0;147;0m[38;2;0;252;0m▚[48;2;0;147;0m[38;2;0;252;0m▚[48;2;0;147;0m[38;2;0;252;0m▘[48;2;0;0;0m[38;2;0;147;0m▘[48;2;0;0;0m[38;2;127;127;127m▗[48;2;0;0;0m[38;2;127;127;127m▗[48;2;0;0;0m[38;2;127;127;127m▗[48;2;0;0;0m[38;2;127;127;127m▗[48;2;0;0;0m[38;2;127;127;127m▗[48;2;0;0;0m[38;2;127;127;127m▗[48;2;0;0;0m[38;2;127;127;127m▗[48;2;0;0;0m[38;2;127;127;127m▗[48;2;0;0;0m[38;2;127;127;127m▗[48;2;0;0;0m[38;2;127;127;127m▗[48;2;0;0;0m[38;2;127;127;127m▗[48;2;0;0;0m[38;2;127;127;127m▗[48;2;0;0;0m[38;2;127;127;127m▗[48;2;0;0;0m[38;2;127;127;127m▗[48;2;0;0;0m[38;2;127;127;127m▗[48;2;0;0;0m[38;2;127;127;127m▗[48;2;0;0;0m[38;2;127;127;127m▗[48;2;0;0;0m[38;2;0;0;0m [48;2;0;0;0m[38;2;0;147;0m▝[48;2;0;147;0m[38;2;0;252;0m▚[48;2;0;147;0m[38;2;0;252;0m▚[48;2;0;147;0m[38;2;0;252;0m▚[48;2;0;147;0m[38;2;0;252;0m▚[48;2;0;147;0m[38;2;0;252;0m▚[48;2;0;147;0m[38;2;0;252;0m▚[48;2;0;147;0m[38;2;0;252;0m▚[48;2;0;147;0m[38;2;0;252;0m▚[48;2;0;147;0m[38;2;0;252;0m▚[48;2;0;147;0m[38;2;0;252;0m▚[48;2;0;147;0m[38;2;0;252;0m▚[48;2;0;0;0m[38;2;0;147;0m▌[48;2;210;210;210m[38;2;0;0;0m▌[48;2;255;255;255m[38;2;255;255;255m [48;2;0;0;0m[38;2;255;255;255m▌[48;2;0;0;0m[38;2;0;0;0m [48;2;0;147;147m[38;2;0;0;0m▌[48;2;0;147;147m[38;2;0;147;147m [48;2;0;147;147m[38;2;0;0;0m▗[48;2;0;147;147m[38;2;0;147;147m [48;2;0;147;147m[38;2;0;0;0m▗[48;2;0;147;147m[38;2;0;147;147m [48;2;0;147;147m[38;2;0;147;147m [48;2;0;0;0m[38;2;0;147;147m▌[48;2;127;127;127m[38;2;0;0;0m▌[48;2;0;0;0m[38;2;127;127;127m▌[48;2;0;147;0m[38;2;0;0;0m▌[48;2;0;147;0m[38;2;0;252;0m▚[48;2;0;147;0m[38;2;0;252;0m▚[48;2;0;147;0m[38;2;0;252;0m▚[48;2;0;147;0m[38;2;0;252;0m▚[48;2;0;147;0m[38;2;0;252;0m▚[48;2;0;147;0m[38;2;0;252;0m▚[48;2;0;147;0m[38;2;0;252;0m▚[48;2;0;147;0m[38;2;0;252;0m▚[48;2;0;147;0m[38;2;0;252;0m▚[48;2;0;147;0m[38;2;0;252;0m▚[48;2;0;147;0m[38;2;0;252;0m▚[48;2;0;147;0m[38;2;0;252;0m▚[48;2;0;147;0m[38;2;0;252;0m▚[48;2;0;147;0m[38;2;0;252;0m▚[48;2;0;147;0m[38;2;0;252;0m▚[0m
[48;2;0;147;0m[38;2;0;252;0m▚[48;2;0;147;0m[38;2;0;252;0m▚[48;2;0;147;0m[38;2;0;252;0m▚[48;2;0;147;0m[38;2;0;252;0m▚[48;2;0;147;0m[38;2;0;252;0m▚[48;2;0;147;0m[38;2;0;252;0m▚[48;2;0;147;0m[38;2;0;252;0m▚[48;2;0;147;0m[38;2;0;252;0m▚[48;2;0;147;0m[38;2;0;252;0m▚[48;2;0;147;0m[38;2;0;252;0m▘[48;2;0;0;0m[38;2;0;0;0m [48;2;0;0;0m[38;2;127;127;127m▚[48;2;0;0;0m[38;2;127;127;127m▚[48;2;0;0;0m[38;2;127;127;127m▚[48;2;0;0;0m[38;2;127;127;127m▚[48;2;0;0;0m[38;2;127;127;127m▚[48;2;0;0;0m[38;2;127;127;127m▚[48;2;0;0;0m[38;2;127;127;127m▚[48;2;0;0;0m[38;2;127;127;127m▚[48;2;0;0;0m[38;2;127;127;127m▚[48;2;0;0;0m[38;2;127;127;127m▚[48;2;0;0;0m[38;2;127;127;127m▚[48;2;0;0;0m[38;2;127;127;127m▚[48;2;0;0;0m[38;2;127;127;127m▚[48;2;0;0;0m[38;2;127;127;127m▚[48;2;0;0;0m[38;2;127;127;127m▚[48;2;0;0;0m[38;2;127;127;127m▚[48;2;0;0;0m[38;2;127;127;127m▚[48;2;0;0;0m[38;2;127;127;127m▚[48;2;0;0;0m[38;2;0;0;0m [48;2;0;147;0m[38;2;0;252;0m▗[48;2;0;147;0m[38;2;0;252;0m▚[48;2;0;147;0m[38;2;0;252;0m▚[48;2;0;147;0m[38;2;0;252;0m▚[48;2;0;147;0m[38;2;0;252;0m▚[48;2;0;147;0m[38;2;0;252;0m▚[48;2;0;147;0m[38;2;0;252;0m▚[48;2;0;147;0m[38;2;0;252;0m▚[48;2;0;147;0m[38;2;0;252;0m▚[48;2;0;147;0m[38;2;0;252;0m▚[48;2;0;147;0m[38;2;0;252;0m▚[48;2;0;0;0m[38;2;0;147;0m▘[48;2;255;255;255m[38;2;127;127;127m▌[48;2;255;255;255m[38;2;127;127;127m▗[48;2;0;0;0m[38;2;127;127;127m▘[48;2;0;0;0m[38;2;127;127;127m▌[48;2;0;147;147m[38;2;0;0;0m▌[48;2;0;147;147m[38;2;0;0;0m▗[48;2;0;147;147m[38;2;0;147;147m [48;2;0;147;147m[38;2;0;0;0m▗[48;2;0;0;0m[38;2;0;147;147m▗[48;2;0;147;147m[38;2;0;147;147m [48;2;0;147;147m[38;2;0;147;147m [48;2;0;0;0m[38;2;0;147;147m▌[48;2;127;127;127m[38;2;0;0;0m▌[48;2;0;0;0m[38;2;127;127;127m▌[48;2;0;147;0m[38;2;0;0;0m▌[48;2;0;147;0m[38;2;0;252;0m▚[48;2;0;147;0m[38;2;0;252;0m▚[48;2;0;147;0m[38;2;0;252;0m▚[48;2;0;147;0m[38;2;0;252;0m▚[48;2;0;147;0m[38;2;0;252;0m▚[48;2;0;147;0m[38;2;0;252;0m▚[48;2;0;147;0m[38;2;0;252;0m▚[48;2;0;147;0m[38;2;0;252;0m▚[48;2;0;147;0m[38;2;0;252;0m▚[48;2;0;147;0m[38;2;0;252;0m▚[48;2;0;147;0m[38;2;0;252;0m▚[48;2;0;147;0m[38;2;0;252;0m▚[48;2;0;147;0m[38;2;0;252;0m▚[48;2;0;147;0m[38;2;0;252;0m▚[48;2;0;147;0m[38;2;0;252;0m▚[0m
[48;2;0;147;0m[38;2;0;252;0m▚[48;2;0;147;0m[38;2;0;252;0m▚[48;2;0;147;0m[38;2;0;252;0m▚[48;2;0;147;0m[38;2;0;252;0m▚[48;2;0;147;0m[38;2;0;252;0m▚[48;2;0;147;0m[38;2;0;252;0m▚[48;2;0;147;0m[38;2;0;252;0m▚[48;2;0;147;0m[38;2;0;252;0m▚[48;2;0;147;0m[38;2;0;252;0m▚[48;2;0;147;0m[38;2;0;252;0m▘[48;2;0;0;0m[38;2;0;0;0m [48;2;0;0;0m[38;2;127;127;127m▚[48;2;0;0;0m[38;2;127;127;127m▚[48;2;0;0;0m[38;2;127;127;127m▚[48;2;0;0;0m[38;2;127;127;127m▚[48;2;0;0;0m[38;2;127;127;127m▚[48;2;0;0;0m[38;2;127;127;127m▘[48;2;0;0;0m[38;2;127;127;127m▚[48;2;0;0;0m[38;2;127;127;127m▚[48;2;0;0;0m[38;2;127;127;127m▚[48;2;0;0;0m[38;2;127;127;127m▚[48;2;0;0;0m[38;2;127;127;127m▚[48;2;0;0;0m[38;2;127;127;127m▚[48;2;0;0;0m[38;2;127;127;127m▚[48;2;0;0;0m[38;2;127;127;127m▚[48;2;0;0;0m[38;2;127;127;127m▘[48;2;0;0;0m[38;2;127;127;127m▘[48;2;0;0;0m[38;2;127;127;127m▚[48;2;0;0;0m[38;2;127;127;127m▚[48;2;0;0;0m[38;2;0;0;0m [48;2;0;147;0m[38;2;0;252;0m▗[48;2;0;147;0m[38;2;0;252;0m▚[48;2;0;147;0m[38;2;0;252;0m▚[48;2;0;147;0m[38;2;0;252;0m▚[48;2;0;147;0m[38;2;0;252;0m▚[48;2;0;147;0m[38;2;0;252;0m▚[48;2;0;147;0m[38;2;0;252;0m▚[48;2;0;147;0m[38;2;0;252;0m▚[48;2;0;147;0m[38;2;0;252;0m▚[48;2;0;147;0m[38;2;0;252;0m▚[48;2;0;147;0m[38;2;0;252;0m▚[48;2;0;0;0m[38;2;127;127;127m▗[48;2;255;255;255m[38;2;210;210;210m▚[48;2;0;0;0m[38;2;127;127;127m▘[48;2;127;127;127m[38;2;0;0;0m▌[48;2;0;0;0m[38;2;127;127;127m▌[48;2;0;147;147m[38;2;0;0;0m▌[48;2;0;147;147m[38;2;0;147;147m [48;2;0;147;147m[38;2;0;147;147m [48;2;0;0;0m[38;2;0;147;147m▚[48;2;0;147;147m[38;2;0;147;147m [48;2;0;147;147m[38;2;0;147;147m [48;2;0;147;147m[38;2;0;147;147m [48;2;0;0;0m[38;2;0;147;147m▌[48;2;127;127;127m[38;2;0;0;0m▌[48;2;0;0;0m[38;2;127;127;127m▌[48;2;0;147;0m[38;2;0;0;0m▌[48;2;0;147;0m[38;2;0;252;0m▚[48;2;0;147;0m[38;2;0;252;0m▚[48;2;0;147;0m[38;2;0;252;0m▚[48;2;0;147;0m[38;2;0;252;0m▚[48;2;0;147;0m[38;2;0;252;0m▚[48;2;0;147;0m[38;2;0;252;0m▚[48;2;0;147;0m[38;2;0;252;0m▚[48;2;0;147;0m[38;2;0;252;0m▚[48;2;0;147;0m[38;2;0;252;0m▚[48;2;0;147;0m[38;2;0;252;0m▚[48;2;0;147;0m[38;2;0;252;0m▚[48;2;0;147;0m[38;2;0;252;0m▚[48;2;0;147;0m[38;2;0;252;0m▚[48;2;0;147;0m[38;2;0;252;0m▚[48;2;0;147;0m[38;2;0;252;0m▚[0m
[48;2;0;147;0m[38;2;0;252;0m▚[48;2;0;147;0m[38;2;0;252;0m▚[48;2;0;147;0m[38;2;0;252;0m▚[48;2;0;0;0m[38;2;0;252;0m▎[48;2;0;0;0m[38;2;255;255;0m▖[48;2;0;147;0m[38;2;0;252;0m▚[48;2;0;147;0m[38;2;0;252;0m▚[48;2;0;147;0m[38;2;0;252;0m▚[48;2;0;147;0m[38;2;0;252;0m▚[48;2;0;147;0m[38;2;0;252;0m▘[48;2;0;0;0m[38;2;0;0;0m [48;2;0;0;0m[38;2;127;127;127m▚[48;2;0;0;0m[38;2;127;127;127m▚[48;2;0;0;0m[38;2;127;127;127m▚[48;2;0;0;0m[38;2;127;127;127m▘[48;2;0;0;0m[38;2;255;255;0m▗[48;2;255;255;0m[38;2;0;0;0m▝[48;2;0;0;0m[38;2;127;127;127m▗[48;2;0;0;0m[38;2;127;127;127m▚[48;2;0;0;0m[38;2;127;127;127m▚[48;2;0;0;0m[38;2;127;127;127m▚[48;2;0;0;0m[38;2;127;127;127m▚[48;2;0;0;0m[38;2;127;127;127m▚[48;2;0;0;0m[38;2;127;127;127m▚[48;2;0;0;0m[38;2;127;127;127m▘[48;2;0;0;0m[38;2;0;255;255m▃[48;2;0;0;0m[38;2;0;255;255m▄[48;2;0;0;0m[38;2;0;255;255m▄[48;2;0;0;0m[38;2;0;0;0m [48;2;0;0;0m[38;2;0;0;0m [48;2;0;147;0m[38;2;0;252;0m▗[48;2;0;147;0m[38;2;0;252;0m▚[48;2;0;147;0m[38;2;0;252;0m▚[48;2;0;147;0m[38;2;0;252;0m▚[48;2;0;147;0m[38;2;0;252;0m▚[48;2;0;147;0m[38;2;0;252;0m▚[48;2;0;147;0m[38;2;0;252;0m▚[48;2;0;147;0m[38;2;0;252;0m▚[48;2;0;147;0m[38;2;0;252;0m▚[48;2;0;147;0m[38;2;0;252;0m▚[48;2;0;0;0m[38;2;0;252;0m▎[48;2;0;0;0m[38;2;127;127;127m▝[48;2;0;0;0m[38;2;0;252;0m▗[48;2;0;147;0m[38;2;0;252;0m▘[48;2;127;127;127m[38;2;0;0;0m▌[48;2;0;0;0m[38;2;127;127;127m▌[48;2;0;147;147m[38;2;0;0;0m▌[48;2;0;147;147m[38;2;0;147;147m [48;2;0;0;0m[38;2;0;147;147m▚[48;2;0;147;147m[38;2;0;147;147m [48;2;0;0;0m[38;2;0;147;147m▚[48;2;0;147;147m[38;2;0;0;0m▝[48;2;0;147;147m[38;2;0;0;0m▄[48;2;0;0;0m[38;2;0;147;147m▌[48;2;127;127;127m[38;2;0;0;0m▌[48;2;0;0;0m[38;2;127;127;127m▌[48;2;0;147;0m[38;2;0;0;0m▌[48;2;0;147;0m[38;2;0;252;0m▚[48;2;0;147;0m[38;2;0;252;0m▚[48;2;0;147;0m[38;2;0;252;0m▚[48;2;0;147;0m[38;2;0;252;0m▚[48;2;0;147;0m[38;2;0;252;0m▚[48;2;0;147;0m[38;2;0;252;0m▚[48;2;0;147;0m[38;2;0;252;0m▚[48;2;0;147;0m[38;2;0;252;0m▚[48;2;0;147;0m[38;2;0;252;0m▚[48;2;0;147;0m[38;2;0;252;0m▘[48;2;0;147;0m[38;2;0;0;0m▅[48;2;0;147;0m[38;2;0;252;0m▚[48;2;0;147;0m[38;2;0;252;0m▚[48;2;0;147;0m[38;2;0;252;0m▚[48;2;0;147;0m[38;2;0;252;0m▚[0m
[48;2;0;147;0m[38;2;0;252;0m▚[48;2;0;147;0m[38;2;0;252;0m▚[48;2;0;73;0m[38;2;0;147;0m▌[48;2;255;255;0m[38;2;0;0;0m▎[48;2;0;0;0m[38;2;255;255;0m▊[48;2;0;0;0m[38;2;0;0;0m [48;2;0;147;0m[38;2;0;252;0m▚[48;2;0;147;0m[38;2;0;252;0m▚[48;2;0;147;0m[38;2;0;252;0m▚[48;2;0;147;0m[38;2;0;252;0m▘[48;2;0;0;0m[38;2;0;0;0m [48;2;0;0;0m[38;2;127;127;127m▚[48;2;0;0;0m[38;2;127;127;127m▚[48;2;0;0;0m[38;2;127;127;127m▘[48;2;255;255;0m[38;2;0;0;0m▘[48;2;255;255;0m[38;2;255;255;0m [48;2;0;0;0m[38;2;255;255;0m▊[48;2;0;0;0m[38;2;127;127;127m▗[48;2;0;0;0m[38;2;127;127;127m▚[48;2;0;0;0m[38;2;127;127;127m▚[48;2;0;0;0m[38;2;127;127;127m▚[48;2;0;0;0m[38;2;127;127;127m▘[48;2;0;0;0m[38;2;127;127;127m▚[48;2;0;0;0m[38;2;127;127;127m▘[48;2;0;255;255m[38;2;0;0;0m▌[48;2;0;255;255m[38;2;0;147;147m▂[48;2;0;255;255m[38;2;0;0;0m▄[48;2;0;147;147m[38;2;0;0;0m▄[48;2;0;0;0m[38;2;0;147;147m▘[48;2;0;0;0m[38;2;0;0;0m [48;2;0;0;0m[38;2;0;255;255m▃[48;2;0;0;0m[38;2;0;255;255m▄[48;2;0;147;0m[38;2;0;0;0m▌[48;2;0;147;0m[38;2;0;252;0m▚[48;2;0;147;0m[38;2;0;252;0m▚[48;2;0;147;0m[38;2;0;252;0m▚[48;2;0;147;0m[38;2;0;252;0m▚[48;2;0;147;0m[38;2;0;252;0m▚[48;2;0;147;0m[38;2;0;252;0m▚[48;2;0;147;0m[38;2;0;252;0m▚[48;2;0;147;0m[38;2;0;252;0m▚[48;2;0;147;0m[38;2;0;252;0m▚[48;2;0;147;0m[38;2;0;252;0m▚[48;2;0;147;0m[38;2;0;252;0m▘[48;2;127;127;127m[38;2;0;0;0m▌[48;2;0;0;0m[38;2;127;127;127m▌[48;2;0;0;0m[38;2;0;147;147m▝[48;2;0;147;147m[38;2;0;147;147m [48;2;0;147;147m[38;2;0;147;147m [48;2;0;147;147m[38;2;0;147;147m [48;2;0;147;147m[38;2;0;147;147m [48;2;0;147;147m[38;2;0;147;147m [48;2;0;147;147m[38;2;0;147;147m [48;2;0;0;0m[38;2;0;147;147m▘[48;2;127;127;127m[38;2;0;0;0m▌[48;2;0;0;0m[38;2;127;127;127m▌[48;2;0;147;0m[38;2;0;0;0m▌[48;2;0;147;0m[38;2;0;252;0m▚[48;2;0;147;0m[38;2;0;252;0m▚[48;2;0;147;0m[38;2;0;252;0m▚[48;2;0;147;0m[38;2;0;252;0m▚[48;2;0;147;0m[38;2;0;252;0m▚[48;2;0;147;0m[38;2;0;252;0m▚[48;2;0;147;0m[38;2;0;252;0m▚[48;2;0;147;0m[38;2;0;252;0m▚[48;2;0;147;0m[38;2;0;252;0m▚[48;2;0;0;0m[38;2;0;147;0m▊[48;2;255;255;0m[38;2;0;0;0m▌[48;2;0;0;0m[38;2;255;255;0m▎[48;2;0;147;0m[38;2;0;252;0m▚[48;2;0;147;0m[38;2;0;252;0m▚[48;2;0;147;0m[38;2;0;252;0m▚[0m
[48;2;0;147;0m[38;2;0;252;0m▚[48;2;0;147;0m[38;2;0;252;0m▚[48;2;255;255;0m[38;2;0;0;0m▊[48;2;255;255;0m[38;2;255;255;0m [48;2;255;255;0m[38;2;255;255;0m [48;2;0;0;0m[38;2;255;255;0m▌[48;2;0;147;0m[38;2;0;0;0m▌[48;2;0;147;0m[38;2;0;252;0m▚[48;2;0;147;0m[38;2;0;252;0m▚[48;2;0;147;0m[38;2;0;252;0m▘[48;2;0;0;0m[38;2;0;0;0m [48;2;0;0;0m[38;2;127;127;127m▚[48;2;0;0;0m[38;2;127;127;127m▘[48;2;255;255;0m[38;2;255;255;0m [48;2;255;255;0m[38;2;0;0;0m▗[48;2;255;255;0m[38;2;0;0;0m▖[48;2;0;0;0m[38;2;255;255;0m▌[48;2;0;0;0m[38;2;127;127;127m▗[48;2;0;0;0m[38;2;127;127;127m▚[48;2;0;0;0m[38;2;127;127;127m▚[48;2;0;0;0m[38;2;127;127;127m▗[48;2;255;255;0m[38;2;0;0;0m▝[48;2;0;0;0m[38;2;0;0;0m [48;2;0;0;0m[38;2;127;127;127m▘[48;2;0;0;0m[38;2;0;147;147m▂[48;2;0;0;0m[38;2;0;255;255m▃[48;2;0;0;0m[38;2;0;255;255m▃[48;2;0;0;0m[38;2;0;255;255m▄[48;2;0;0;0m[38;2;0;255;255m▅[48;2;0;255;255m[38;2;0;147;147m▗[48;2;0;255;255m[38;2;0;147;147m▅[48;2;0;0;0m[38;2;127;0;0m▗[48;2;0;0;0m[38;2;252;127;0m▄[48;2;0;0;0m[38;2;127;0;0m▄[48;2;0;0;0m[38;2;127;0;0m▃[48;2;0;147;0m[38;2;0;0;0m▅[48;2;0;147;0m[38;2;0;252;0m▚[48;2;0;147;0m[38;2;0;252;0m▚[48;2;0;147;0m[38;2;0;252;0m▚[48;2;0;147;0m[38;2;0;252;0m▚[48;2;0;147;0m[38;2;0;252;0m▚[48;2;0;147;0m[38;2;0;252;0m▚[48;2;0;147;0m[38;2;0;252;0m▚[48;2;0;147;0m[38;2;0;252;0m▘[48;2;0;0;0m[38;2;127;127;127m▝[48;2;127;127;127m[38;2;127;127;127m [48;2;127;127;127m[38;2;0;0;0m▝[48;2;0;0;0m[38;2;127;127;127m▄[48;2;0;0;0m[38;2;127;127;127m▄[48;2;0;0;0m[38;2;127;127;127m▄[48;2;0;0;0m[38;2;127;127;127m▄[48;2;0;0;0m[38;2;127;127;127m▄[48;2;0;0;0m[38;2;127;127;127m▄[48;2;127;127;127m[38;2;127;127;127m [48;2;127;127;127m[38;2;127;127;127m [48;2;0;0;0m[38;2;127;127;127m▘[48;2;0;147;0m[38;2;0;0;0m▌[48;2;0;147;0m[38;2;0;252;0m▚[48;2;0;147;0m[38;2;0;252;0m▚[48;2;0;147;0m[38;2;0;252;0m▚[48;2;0;147;0m[38;2;0;252;0m▚[48;2;0;147;0m[38;2;0;252;0m▚[48;2;0;147;0m[38;2;0;252;0m▚[48;2;0;147;0m[38;2;0;252;0m▚[48;2;0;147;0m[38;2;0;252;0m▚[48;2;0;147;0m[38;2;0;252;0m▚[48;2;0;0;0m[38;2;0;147;0m▌[48;2;255;255;0m[38;2;0;0;0m▎[48;2;0;0;0m[38;2;255;255;0m▊[48;2;0;0;0m[38;2;0;0;0m [48;2;0;147;0m[38;2;0;252;0m▚[48;2;0;147;0m[38;2;0;252;0m▚[0m
[48;2;0;147;0m[38;2;0;252;0m▚[48;2;0;0;0m[38;2;0;0;0m [48;2;255;255;0m[38;2;0;0;0m▎[48;2;255;255;0m[38;2;255;255;0m [48;2;255;255;0m[38;2;255;255;0m [48;2;0;0;0m[38;2;255;255;0m▊[48;2;0;147;0m[38;2;0;0;0m▌[48;2;0;147;0m[38;2;0;252;0m▚[48;2;0;147;0m[38;2;0;252;0m▚[48;2;0;147;0m[38;2;0;252;0m▘[48;2;0;0;0m[38;2;0;0;0m [48;2;0;0;0m[38;2;127;127;127m▗[48;2;255;255;0m[38;2;255;255;0m [48;2;0;0;0m[38;2;255;255;0m▘[48;2;127;0;0m[38;2;252;127;0m▄[48;2;255;255;0m[38;2;0;0;0m▌[48;2;255;255;0m[38;2;255;255;0m [48;2;0;0;0m[38;2;0;0;0m [48;2;0;0;0m[38;2;127;127;127m▚[48;2;0;0;0m[38;2;255;255;0m▗[48;2;255;255;0m[38;2;255;255;0m [48;2;255;255;0m[38;2;0;0;0m▖[48;2;0;0;0m[38;2;255;255;0m▊[48;2;0;147;147m[38;2;0;73;73m▌[48;2;0;255;255m[38;2;0;147;147m▗[48;2;0;255;255m[38;2;0;0;0m▄[48;2;0;147;147m[38;2;0;0;0m▄[48;2;0;147;147m[38;2;127;0;0m▃[48;2;0;147;147m[38;2;127;0;0m▄[48;2;0;0;0m[38;2;127;0;0m▄[48;2;127;0;0m[38;2;252;127;0m▃[48;2;252;127;0m[38;2;127;0;0m▘[48;2;252;127;0m[38;2;252;127;0m [48;2;252;127;0m[38;2;252;127;0m [48;2;252;127;0m[38;2;127;0;0m▗[48;2;127;0;0m[38;2;127;0;0m [48;2;0;0;0m[38;2;0;0;0m [48;2;0;147;0m[38;2;0;252;0m▚[48;2;0;147;0m[38;2;0;252;0m▚[48;2;0;147;0m[38;2;0;252;0m▚[48;2;0;147;0m[38;2;0;252;0m▚[48;2;0;147;0m[38;2;0;252;0m▚[48;2;0;147;0m[38;2;0;252;0m▚[48;2;0;147;0m[38;2;0;252;0m▚[48;2;0;147;0m[38;2;0;0;0m▝[48;2;0;0;0m[38;2;0;147;0m▄[48;2;0;0;0m[38;2;0;147;0m▄[48;2;0;0;0m[38;2;0;147;0m▄[48;2;0;0;0m[38;2;0;147;0m▄[48;2;0;0;0m[38;2;0;147;0m▄[48;2;0;0;0m[38;2;0;147;0m▄[48;2;0;0;0m[38;2;0;147;0m▄[48;2;0;0;0m[38;2;0;147;0m▄[48;2;0;0;0m[38;2;0;147;0m▄[48;2;0;0;0m[38;2;0;147;0m▄[48;2;0;0;0m[38;2;0;147;0m▄[48;2;0;147;0m[38;2;0;252;0m▗[48;2;0;147;0m[38;2;0;252;0m▚[48;2;0;147;0m[38;2;0;252;0m▚[48;2;0;147;0m[38;2;0;252;0m▚[48;2;0;147;0m[38;2;0;252;0m▚[48;2;0;147;0m[38;2;0;252;0m▚[48;2;0;147;0m[38;2;0;252;0m▚[48;2;0;147;0m[38;2;0;252;0m▚[48;2;0;147;0m[38;2;0;252;0m▚[48;2;0;147;0m[38;2;0;252;0m▚[48;2;255;255;0m[38;2;0;0;0m▌[48;2;255;255;0m[38;2;255;255;0m [48;2;255;255;0m[38;2;255;255;0m [48;2;127;127;0m[38;2;255;255;0m▌[48;2;0;0;0m[38;2;0;147;0m▝[48;2;0;0;0m[38;2;0;252;0m▗[0m
[48;2;0;0;0m[38;2;0;147;0m▘[48;2;255;255;0m[38;2;0;0;0m▎[48;2;255;255;0m[38;2;255;255;0m [48;2;255;255;0m[38;2;0;0;0m┃[48;2;255;255;0m[38;2;255;255;0m [48;2;0;0;0m[38;2;255;255;0m▌[48;2;0;147;0m[38;2;0;73;0m▌[48;2;0;147;0m[38;2;0;252;0m▚[48;2;0;147;0m[38;2;0;252;0m▚[48;2;0;147;0m[38;2;0;252;0m▘[48;2;0;0;0m[38;2;0;0;0m [48;2;255;255;0m[38;2;0;0;0m▘[48;2;0;0;0m[38;2;255;255;0m▘[48;2;252;127;0m[38;2;252;127;0m [48;2;252;127;0m[38;2;252;127;0m [48;2;0;0;0m[38;2;127;0;0m▎[48;2;255;255;0m[38;2;255;255;0m [48;2;255;255;0m[38;2;0;0;0m▝[48;2;0;0;0m[38;2;255;255;0m▄[48;2;255;255;0m[38;2;255;255;0m [48;2;0;0;0m[38;2;255;255;0m▘[48;2;255;255;0m[38;2;0;0;0m▘[48;2;252;127;0m[38;2;255;255;0m▌[48;2;0;0;0m[38;2;0;147;147m▝[48;2;0;73;73m[38;2;0;147;147m▌[48;2;127;0;0m[38;2;0;0;0m▊[48;2;127;0;0m[38;2;252;127;0m▅[48;2;127;0;0m[38;2;252;127;0m▇[48;2;252;127;0m[38;2;127;0;0m▃[48;2;252;127;0m[38;2;127;0;0m▄[48;2;252;127;0m[38;2;127;0;0m▄[48;2;252;127;0m[38;2;127;0;0m▃[48;2;252;127;0m[38;2;252;127;0m [48;2;252;127;0m[38;2;127;0;0m▗[48;2;0;0;0m[38;2;127;127;127m▗[48;2;127;127;127m[38;2;255;255;255m▅[48;2;127;127;127m[38;2;210;210;210m▄[48;2;0;0;0m[38;2;127;127;127m▘[48;2;0;147;0m[38;2;0;252;0m▗[48;2;0;147;0m[38;2;0;252;0m▚[48;2;0;147;0m[38;2;0;252;0m▚[48;2;0;147;0m[38;2;0;252;0m▚[48;2;0;147;0m[38;2;0;252;0m▚[48;2;0;147;0m[38;2;0;252;0m▚[48;2;0;147;0m[38;2;0;252;0m▚[48;2;0;147;0m[38;2;0;252;0m▚[48;2;0;147;0m[38;2;0;252;0m▚[48;2;0;147;0m[38;2;0;252;0m▚[48;2;0;147;0m[38;2;0;252;0m▚[48;2;0;147;0m[38;2;0;252;0m▚[48;2;0;147;0m[38;2;0;252;0m▚[48;2;0;147;0m[38;2;0;252;0m▚[48;2;0;147;0m[38;2;0;252;0m▚[48;2;0;147;0m[38;2;0;252;0m▚[48;2;0;147;0m[38;2;0;252;0m▚[48;2;0;0;0m[38;2;0;252;0m▘[48;2;0;147;0m[38;2;0;0;0m▌[48;2;0;147;0m[38;2;0;252;0m▚[48;2;0;147;0m[38;2;0;252;0m▚[48;2;0;147;0m[38;2;0;252;0m▚[48;2;0;147;0m[38;2;0;252;0m▚[48;2;0;147;0m[38;2;0;252;0m▚[48;2;0;147;0m[38;2;0;252;0m▚[48;2;0;147;0m[38;2;0;252;0m▚[48;2;0;147;0m[38;2;0;252;0m▚[48;2;0;147;0m[38;2;0;252;0m▘[48;2;255;255;0m[38;2;0;0;0m▎[48;2;252;127;0m[38;2;255;255;0m▊[48;2;255;255;0m[38;2;252;127;0m▎[48;2;255;255;0m[38;2;255;255;0m [48;2;0;0;0m[38;2;255;255;0m▗[48;2;255;255;0m[38;2;255;255;0m [0m
[48;2;255;255;0m[38;2;255;255;0m [48;2;255;255;0m[38;2;255;255;0m [48;2;255;255;0m[38;2;0;0;0m▗[48;2;255;255;0m[38;2;0;0;0m▎[48;2;255;255;0m[38;2;255;255;0m [48;2;0;0;0m[38;2;255;255;0m▎[48;2;0;147;0m[38;2;0;252;0m▗[48;2;0;147;0m[38;2;0;252;0m▚[48;2;0;147;0m[38;2;0;252;0m▚[48;2;0;147;0m[38;2;0;252;0m▘[48;2;0;0;0m[38;2;0;0;0m [48;2;127;0;0m[38;2;255;255;0m▌[48;2;252;127;0m[38;2;127;0;0m▘[48;2;252;127;0m[38;2;252;127;0m [48;2;252;127;0m[38;2;252;127;0m [48;2;252;127;0m[38;2;127;0;0m▝[48;2;0;0;0m[38;2;255;255;0m▝[48;2;255;255;0m[38;2;255;255;0m [48;2;255;255;0m[38;2;255;255;0m [48;2;255;255;0m[38;2;0;0;0m▗[48;2;127;0;0m[38;2;252;127;0m▗[48;2;252;127;0m[38;2;255;255;0m▝[48;2;252;127;0m[38;2;252;127;0m [48;2;0;0;0m[38;2;127;0;0m▘[48;2;0;0;0m[38;2;0;0;0m [48;2;127;0;0m[38;2;0;0;0m▌[48;2;252;127;0m[38;2;189;63;0m▎[48;2;127;0;0m[38;2;252;127;0m▎[48;2;210;210;210m[38;2;127;0;0m▘[48;2;255;255;255m[38;2;0;0;0m▄[48;2;210;210;210m[38;2;0;0;0m▄[48;2;127;0;0m[38;2;210;210;210m▄[48;2;127;0;0m[38;2;252;127;0m▝[48;2;0;0;0m[38;2;127;0;0m▌[48;2;255;255;255m[38;2;127;127;127m▌[48;2;127;127;127m[38;2;255;255;255m▌[48;2;0;0;0m[38;2;0;0;0m [48;2;0;0;0m[38;2;0;0;0m [48;2;0;147;0m[38;2;0;0;0m▘[48;2;0;147;0m[38;2;0;252;0m▚[48;2;0;147;0m[38;2;0;252;0m▚[48;2;0;147;0m[38;2;0;252;0m▚[48;2;0;147;0m[38;2;0;252;0m▚[48;2;0;147;0m[38;2;0;252;0m▚[48;2;0;147;0m[38;2;0;252;0m▚[48;2;0;147;0m[38;2;0;252;0m▚[48;2;0;147;0m[38;2;0;252;0m▚[48;2;0;147;0m[38;2;0;252;0m▚[48;2;0;147;0m[38;2;0;252;0m▚[48;2;0;147;0m[38;2;0;252;0m▚[48;2;0;147;0m[38;2;0;252;0m▚[48;2;0;147;0m[38;2;0;252;0m▚[48;2;0;147;0m[38;2;0;252;0m▚[48;2;0;147;0m[38;2;0;252;0m▘[48;2;0;0;0m[38;2;0;147;0m▘[48;2;255;255;0m[38;2;0;0;0m▘[48;2;0;0;0m[38;2;255;255;0m▎[48;2;0;147;0m[38;2;0;252;0m▚[48;2;0;147;0m[38;2;0;252;0m▚[48;2;0;147;0m[38;2;0;252;0m▚[48;2;0;147;0m[38;2;0;252;0m▚[48;2;0;147;0m[38;2;0;252;0m▚[48;2;0;147;0m[38;2;0;252;0m▚[48;2;0;147;0m[38;2;0;252;0m▚[48;2;0;147;0m[38;2;0;252;0m▘[48;2;255;255;0m[38;2;0;0;0m▊[48;2;255;255;0m[38;2;255;255;0m [48;2;252;127;0m[38;2;255;255;0m▎[48;2;255;255;0m[38;2;0;0;0m▌[48;2;255;255;0m[38;2;255;255;0m [48;2;255;255;0m[38;2;191;127;0m▌[48;2;255;255;0m[38;2;255;255;0m [0m
[48;2;255;255;0m[38;2;255;255;0m [48;2;255;255;0m[38;2;0;0;0m▗[48;2;0;0;0m[38;2;252;127;0m▄[48;2;255;255;0m[38;2;0;0;0m▌[48;2;255;255;0m[38;2;255;255;0m [48;2;0;147;0m[38;2;0;0;0m▌[48;2;0;147;0m[38;2;0;252;0m▚[48;2;0;147;0m[38;2;0;252;0m▚[48;2;0;0;0m[38;2;0;147;0m▊[48;2;0;0;0m[38;2;255;255;0m▖[48;2;0;0;0m[38;2;0;0;0m [48;2;252;127;0m[38;2;127;0;0m▊[48;2;252;127;0m[38;2;252;127;0m [48;2;252;127;0m[38;2;252;127;0m [48;2;252;127;0m[38;2;252;127;0m [48;2;252;127;0m[38;2;252;127;0m [48;2;252;127;0m[38;2;127;0;0m▝[48;2;0;0;0m[38;2;252;127;0m▃[48;2;255;255;0m[38;2;0;0;0m▄[48;2;127;0;0m[38;2;252;127;0m▗[48;2;252;127;0m[38;2;252;127;0m [48;2;252;127;0m[38;2;127;0;0m▄[48;2;0;0;0m[38;2;0;0;0m [48;2;0;0;0m[38;2;0;0;0m [48;2;0;0;0m[38;2;0;0;0m [48;2;127;0;0m[38;2;0;0;0m▊[48;2;127;0;0m[38;2;252;127;0m▊[48;2;210;210;210m[38;2;127;0;0m▊[48;2;0;0;0m[38;2;255;255;255m▎[48;2;0;0;0m[38;2;0;0;0m [48;2;0;0;0m[38;2;0;0;0m [48;2;255;255;255m[38;2;0;0;0m▌[48;2;0;0;0m[38;2;255;255;255m▌[48;2;127;0;0m[38;2;252;127;0m▗[48;2;0;0;0m[38;2;210;210;210m▝[48;2;210;210;210m[38;2;255;255;255m▘[48;2;0;0;0m[38;2;127;127;127m▌[48;2;0;0;0m[38;2;127;0;0m▗[48;2;127;0;0m[38;2;252;127;0m▁[48;2;0;0;0m[38;2;127;0;0m▄[48;2;0;0;0m[38;2;127;0;0m▄[48;2;0;0;0m[38;2;0;0;0m [48;2;0;0;0m[38;2;0;0;0m [48;2;0;0;0m[38;2;0;0;0m [48;2;0;0;0m[38;2;127;127;127m▗[48;2;0;147;0m[38;2;0;0;0m▌[48;2;0;147;0m[38;2;0;252;0m▚[48;2;0;147;0m[38;2;0;252;0m▚[48;2;0;147;0m[38;2;0;252;0m▚[48;2;0;147;0m[38;2;0;252;0m▚[48;2;0;147;0m[38;2;0;252;0m▚[48;2;0;147;0m[38;2;0;252;0m▚[48;2;0;147;0m[38;2;0;252;0m▘[48;2;0;0;0m[38;2;255;255;0m▗[48;2;127;127;0m[38;2;255;255;0m▆[48;2;255;255;0m[38;2;255;255;0m [48;2;63;137;0m[38;2;0;36;0m┃[48;2;0;147;0m[38;2;0;252;0m▚[48;2;0;147;0m[38;2;0;252;0m▚[48;2;0;147;0m[38;2;0;252;0m▚[48;2;0;147;0m[38;2;0;252;0m▚[48;2;0;147;0m[38;2;0;252;0m▚[48;2;0;147;0m[38;2;0;252;0m▚[48;2;0;147;0m[38;2;0;252;0m▘[48;2;0;0;0m[38;2;0;147;0m▘[48;2;255;255;0m[38;2;0;0;0m▘[48;2;255;255;0m[38;2;127;0;0m▗[48;2;252;127;0m[38;2;127;0;0m▘[48;2;0;0;0m[38;2;127;0;0m▌[48;2;255;255;0m[38;2;255;255;0m [48;2;255;255;0m[38;2;255;255;0m [48;2;127;0;0m[38;2;255;255;0m▘[0m
[48;2;0;0;0m[38;2;255;255;0m▌[48;2;252;127;0m[38;2;127;0;0m▘[48;2;0;0;0m[38;2;252;127;0m▌[48;2;255;255;0m[38;2;0;0;0m▎[48;2;0;0;0m[38;2;255;255;0m▌[48;2;0;147;0m[38;2;0;0;0m▎[48;2;0;147;0m[38;2;0;252;0m▚[48;2;0;147;0m[38;2;0;252;0m▚[48;2;0;73;0m[38;2;0;147;0m▌[48;2;255;255;0m[38;2;0;0;0m▎[48;2;0;0;0m[38;2;255;255;0m▖[48;2;252;127;0m[38;2;127;0;0m▌[48;2;252;127;0m[38;2;252;127;0m [48;2;252;127;0m[38;2;252;127;0m [48;2;252;127;0m[38;2;252;127;0m [48;2;252;127;0m[38;2;252;127;0m [48;2;252;127;0m[38;2;252;127;0m [48;2;252;127;0m[38;2;252;127;0m [48;2;127;0;0m[38;2;252;127;0m▄[48;2;252;127;0m[38;2;252;127;0m [48;2;0;0;0m[38;2;127;0;0m▘[48;2;0;0;0m[38;2;0;0;0m [48;2;0;0;0m[38;2;0;0;0m [48;2;0;0;0m[38;2;0;0;0m [48;2;0;0;0m[38;2;0;0;0m [48;2;0;0;0m[38;2;0;0;0m [48;2;252;127;0m[38;2;127;0;0m▎[48;2;127;0;0m[38;2;127;127;127m▝[48;2;127;127;127m[38;2;210;210;210m▚[48;2;0;0;0m[38;2;210;210;210m▃[48;2;127;127;127m[38;2;210;210;210m▄[48;2;210;210;210m[38;2;127;127;127m▄[48;2;127;0;0m[38;2;252;127;0m▗[48;2;252;127;0m[38;2;252;127;0m [48;2;127;0;0m[38;2;252;127;0m▄[48;2;127;0;0m[38;2;252;127;0m▄[48;2;252;127;0m[38;2;127;0;0m▘[48;2;252;127;0m[38;2;252;127;0m [48;2;252;127;0m[38;2;252;127;0m [48;2;252;127;0m[38;2;252;127;0m [48;2;252;127;0m[38;2;0;0;0m▝[48;2;0;0;0m[38;2;0;0;0m [48;2;0;0;0m[38;2;0;0;0m [48;2;0;0;0m[38;2;127;127;127m▝[48;2;0;0;0m[38;2;0;0;0m [48;2;0;147;0m[38;2;0;0;0m▌[48;2;0;147;0m[38;2;0;252;0m▚[48;2;0;147;0m[38;2;0;252;0m▚[48;2;0;147;0m[38;2;0;252;0m▚[48;2;0;147;0m[38;2;0;252;0m▚[48;2;0;147;0m[38;2;0;252;0m▘[48;2;0;147;0m[38;2;0;0;0m▅[48;2;0;0;0m[38;2;255;255;0m▄[48;2;255;255;0m[38;2;0;0;0m▗[48;2;255;255;0m[38;2;0;0;0m▘[48;2;0;0;0m[38;2;255;255;0m▊[48;2;0;147;0m[38;2;0;0;0m▌[48;2;0;147;0m[38;2;0;252;0m▚[48;2;0;147;0m[38;2;0;252;0m▚[48;2;0;147;0m[38;2;0;252;0m▚[48;2;0;147;0m[38;2;0;252;0m▚[48;2;0;147;0m[38;2;0;252;0m▚[48;2;0;147;0m[38;2;0;252;0m▘[48;2;0;0;0m[38;2;255;255;0m▗[48;2;255;255;0m[38;2;255;255;0m [48;2;255;255;0m[38;2;127;0;0m▗[48;2;252;127;0m[38;2;127;0;0m▘[48;2;252;127;0m[38;2;252;127;0m [48;2;0;0;0m[38;2;252;127;0m▌[48;2;255;255;0m[38;2;0;0;0m▖[48;2;127;0;0m[38;2;255;255;0m▘[48;2;252;127;0m[38;2;127;0;0m▘[0m
[48;2;127;0;0m[38;2;0;0;0m▌[48;2;252;127;0m[38;2;252;127;0m [48;2;255;255;0m[38;2;0;0;0m▊[48;2;255;255;0m[38;2;255;255;0m [48;2;0;0;0m[38;2;255;255;0m▎[48;2;0;147;0m[38;2;0;252;0m▚[48;2;0;147;0m[38;2;0;252;0m▚[48;2;0;147;0m[38;2;0;252;0m▚[48;2;0;0;0m[38;2;0;147;0m▎[48;2;255;255;0m[38;2;0;0;0m▎[48;2;255;255;0m[38;2;255;255;0m [48;2;0;0;0m[38;2;255;255;0m▖[48;2;252;127;0m[38;2;127;0;0m▖[48;2;252;127;0m[38;2;252;127;0m [48;2;127;0;0m[38;2;252;127;0m▌[48;2;252;127;0m[38;2;252;127;0m [48;2;252;127;0m[38;2;252;127;0m [48;2;252;127;0m[38;2;252;127;0m [48;2;252;127;0m[38;2;127;0;0m▗[48;2;0;0;0m[38;2;127;0;0m▊[48;2;0;0;0m[38;2;0;0;0m [48;2;0;0;0m[38;2;0;0;0m [48;2;0;0;0m[38;2;0;0;0m [48;2;0;0;0m[38;2;0;0;0m [48;2;0;0;0m[38;2;0;0;0m [48;2;127;0;0m[38;2;0;0;0m▘[48;2;252;127;0m[38;2;252;127;0m [48;2;252;127;0m[38;2;127;0;0m▝[48;2;127;0;0m[38;2;252;127;0m▁[48;2;127;127;127m[38;2;127;0;0m▆[48;2;127;0;0m[38;2;252;127;0m▁[48;2;127;0;0m[38;2;252;127;0m▄[48;2;252;127;0m[38;2;252;127;0m [48;2;252;127;0m[38;2;127;0;0m▗[48;2;252;127;0m[38;2;127;0;0m▖[48;2;252;127;0m[38;2;127;0;0m▗[48;2;127;0;0m[38;2;127;0;0m [48;2;252;127;0m[38;2;127;0;0m▄[48;2;252;127;0m[38;2;127;0;0m▃[48;2;252;127;0m[38;2;252;127;0m [48;2;252;127;0m[38;2;252;127;0m [48;2;252;127;0m[38;2;127;0;0m▝[48;2;127;0;0m[38;2;127;0;0m [48;2;0;0;0m[38;2;127;0;0m▇[48;2;0;0;0m[38;2;127;0;0m▇[48;2;0;147;0m[38;2;127;0;0m▌[48;2;0;147;0m[38;2;0;252;0m▚[48;2;0;147;0m[38;2;0;252;0m▚[48;2;0;147;0m[38;2;0;252;0m▚[48;2;0;147;0m[38;2;0;252;0m▘[48;2;0;0;0m[38;2;255;255;0m▗[48;2;255;255;0m[38;2;255;255;0m [48;2;255;255;0m[38;2;0;0;0m▗[48;2;255;255;0m[38;2;0;0;0m▘[48;2;255;255;0m[38;2;0;0;0m▃[48;2;0;0;0m[38;2;255;255;0m▘[48;2;0;0;0m[38;2;0;147;0m▝[48;2;0;147;0m[38;2;0;0;0m▄[48;2;0;147;0m[38;2;0;0;0m▃[48;2;0;147;0m[38;2;0;0;0m▃[48;2;0;147;0m[38;2;0;252;0m▚[48;2;0;147;0m[38;2;0;252;0m▘[48;2;0;0;0m[38;2;255;255;0m▗[48;2;255;255;0m[38;2;255;255;0m [48;2;255;255;0m[38;2;127;0;0m▗[48;2;252;127;0m[38;2;127;0;0m▌[48;2;252;127;0m[38;2;252;127;0m [48;2;252;127;0m[38;2;252;127;0m [48;2;252;127;0m[38;2;252;127;0m [48;2;0;0;0m[38;2;252;127;0m▄[48;2;252;127;0m[38;2;252;127;0m [48;2;252;127;0m[38;2;252;127;0m [0m
[48;2;252;127;0m[38;2;252;127;0m [48;2;0;0;0m[38;2;252;127;0m▊[48;2;255;255;0m[38;2;0;0;0m▌[48;2;255;255;0m[38;2;255;255;0m [48;2;0;0;0m[38;2;255;255;0m▎[48;2;0;147;0m[38;2;0;252;0m▚[48;2;0;147;0m[38;2;0;252;0m▚[48;2;0;0;0m[38;2;0;147;0m▘[48;2;255;255;0m[38;2;0;0;0m▘[48;2;255;255;0m[38;2;255;255;0m [48;2;255;255;0m[38;2;255;255;0m [48;2;255;255;0m[38;2;255;255;0m [48;2;0;0;0m[38;2;252;127;0m▝[48;2;252;127;0m[38;2;252;127;0m [48;2;252;127;0m[38;2;252;127;0m [48;2;252;127;0m[38;2;127;0;0m┃[48;2;252;127;0m[38;2;252;127;0m [48;2;252;127;0m[38;2;252;127;0m [48;2;127;127;127m[38;2;0;0;0m▌[48;2;127;127;127m[38;2;210;210;210m▃[48;2;0;0;0m[38;2;127;127;127m▖[48;2;0;0;0m[38;2;0;0;0m [48;2;0;0;0m[38;2;0;0;0m [48;2;0;0;0m[38;2;0;0;0m [48;2;127;0;0m[38;2;0;0;0m▘[48;2;252;127;0m[38;2;252;127;0m [48;2;252;127;0m[38;2;252;127;0m [48;2;252;127;0m[38;2;252;127;0m [48;2;252;127;0m[38;2;252;127;0m [48;2;252;127;0m[38;2;252;127;0m [48;2;252;127;0m[38;2;252;127;0m [48;2;252;127;0m[38;2;252;127;0m [48;2;252;127;0m[38;2;252;127;0m [48;2;252;127;0m[38;2;252;127;0m [48;2;252;127;0m[38;2;127;0;0m▝[48;2;252;127;0m[38;2;127;0;0m▘[48;2;127;0;0m[38;2;252;127;0m▌[48;2;0;0;0m[38;2;0;252;0m▗[48;2;0;0;0m[38;2;0;147;0m▄[48;2;127;0;0m[38;2;0;147;0m▅[48;2;127;0;0m[38;2;0;147;0m▄[48;2;127;0;0m[38;2;0;147;0m▄[48;2;127;0;0m[38;2;0;147;0m▅[48;2;0;0;0m[38;2;0;147;0m▄[48;2;0;147;0m[38;2;0;252;0m▗[48;2;0;147;0m[38;2;0;252;0m▗[48;2;0;147;0m[38;2;0;252;0m▚[48;2;0;147;0m[38;2;0;252;0m▚[48;2;0;147;0m[38;2;0;252;0m▘[48;2;255;255;0m[38;2;0;0;0m▌[48;2;255;255;0m[38;2;255;255;0m [48;2;0;0;0m[38;2;255;255;0m▚[48;2;255;255;0m[38;2;0;0;0m▘[48;2;0;0;0m[38;2;255;255;0m▊[48;2;0;0;0m[38;2;156;0;156m▗[48;2;156;0;156m[38;2;0;147;147m▃[48;2;156;0;156m[38;2;0;147;147m▄[48;2;156;0;156m[38;2;0;147;147m▄[48;2;156;0;156m[38;2;0;147;147m▃[48;2;0;0;0m[38;2;156;0;156m▚[48;2;0;0;0m[38;2;255;0;255m▂[48;2;0;0;0m[38;2;255;0;255m▄[48;2;0;0;0m[38;2;255;0;255m▄[48;2;255;255;0m[38;2;156;0;156m▂[48;2;127;0;0m[38;2;252;127;0m▄[48;2;252;127;0m[38;2;252;127;0m [48;2;252;127;0m[38;2;252;127;0m [48;2;252;127;0m[38;2;252;127;0m [48;2;252;127;0m[38;2;252;127;0m [48;2;252;127;0m[38;2;252;127;0m [48;2;252;127;0m[38;2;252;127;0m [48;2;252;127;0m[38;2;252;127;0m [0m
[48;2;252;127;0m[38;2;252;127;0m [48;2;252;127;0m[38;2;252;127;0m [48;2;255;255;0m[38;2;0;0;0m▊[48;2;255;255;0m[38;2;255;255;0m [48;2;0;0;0m[38;2;255;255;0m▎[48;2;0;147;0m[38;2;0;252;0m▚[48;2;0;0;0m[38;2;0;147;0m▎[48;2;255;255;0m[38;2;0;0;0m▘[48;2;255;255;0m[38;2;255;255;0m [48;2;255;255;0m[38;2;0;0;0m▗[48;2;255;255;0m[38;2;255;255;0m [48;2;255;255;0m[38;2;255;255;0m [48;2;0;0;0m[38;2;255;255;0m▌[48;2;252;127;0m[38;2;127;0;0m▎[48;2;252;127;0m[38;2;252;127;0m [48;2;252;127;0m[38;2;252;127;0m [48;2;252;127;0m[38;2;252;127;0m [48;2;252;127;0m[38;2;252;127;0m [48;2;0;0;0m[38;2;127;0;0m▌[48;2;210;210;210m[38;2;105;105;105m▎[48;2;210;210;210m[38;2;210;210;210m [48;2;127;127;127m[38;2;210;210;210m▖[48;2;0;0;0m[38;2;127;127;127m▎[48;2;127;0;0m[38;2;0;0;0m▌[48;2;252;127;0m[38;2;252;127;0m [48;2;252;127;0m[38;2;127;0;0m▗[48;2;252;127;0m[38;2;252;127;0m [48;2;252;127;0m[38;2;127;0;0m▚[48;2;252;127;0m[38;2;252;127;0m [48;2;252;127;0m[38;2;252;127;0m [48;2;252;127;0m[38;2;252;127;0m [48;2;252;127;0m[38;2;252;127;0m [48;2;252;127;0m[38;2;252;127;0m [48;2;252;127;0m[38;2;252;127;0m [48;2;252;127;0m[38;2;252;127;0m [48;2;252;127;0m[38;2;252;127;0m [48;2;252;127;0m[38;2;127;0;0m▝[48;2;0;0;0m[38;2;0;0;0m [48;2;0;147;0m[38;2;0;252;0m▚[48;2;0;147;0m[38;2;0;252;0m▚[48;2;0;147;0m[38;2;0;252;0m▚[48;2;0;147;0m[38;2;0;252;0m▚[48;2;0;147;0m[38;2;0;252;0m▚[48;2;0;147;0m[38;2;0;252;0m▚[48;2;0;147;0m[38;2;0;0;0m▗[48;2;0;0;0m[38;2;255;255;0m▗[48;2;0;147;0m[38;2;0;0;0m▇[48;2;0;147;0m[38;2;0;0;0m▅[48;2;0;0;0m[38;2;255;255;0m▗[48;2;255;255;0m[38;2;255;255;0m [48;2;255;255;0m[38;2;255;255;0m [48;2;255;255;0m[38;2;0;0;0m▄[48;2;0;0;0m[38;2;210;210;210m▗[48;2;0;0;0m[38;2;210;210;210m▖[48;2;255;0;255m[38;2;156;0;156m▌[48;2;255;0;255m[38;2;255;0;255m [48;2;0;147;147m[38;2;255;0;255m▇[48;2;0;147;147m[38;2;255;0;255m▇[48;2;255;0;255m[38;2;255;0;255m [48;2;255;0;255m[38;2;156;0;156m▗[48;2;0;0;0m[38;2;0;0;0m [48;2;127;0;0m[38;2;0;0;0m▅[48;2;255;0;255m[38;2;156;0;156m▌[48;2;0;0;0m[38;2;255;0;255m▌[48;2;127;0;0m[38;2;210;210;210m▆[48;2;127;0;0m[38;2;210;210;210m▆[48;2;127;0;0m[38;2;210;210;210m▆[48;2;127;0;0m[38;2;210;210;210m▆[48;2;127;0;0m[38;2;210;210;210m▆[48;2;127;0;0m[38;2;210;210;210m▆[48;2;127;0;0m[38;2;210;210;210m▆[48;2;127;0;0m[38;2;210;210;210m▆[0m
[48;2;252;127;0m[38;2;252;127;0m [48;2;252;127;0m[38;2;252;127;0m [48;2;0;0;0m[38;2;252;127;0m▎[48;2;255;255;0m[38;2;255;255;0m [48;2;255;255;0m[38;2;0;0;0m▝[48;2;0;0;0m[38;2;0;147;0m▝[48;2;255;255;0m[38;2;0;0;0m▘[48;2;255;255;0m[38;2;255;255;0m [48;2;255;255;0m[38;2;0;0;0m▗[48;2;0;0;0m[38;2;127;0;0m▗[48;2;255;255;0m[38;2;0;0;0m▌[48;2;255;255;0m[38;2;255;255;0m [48;2;0;0;0m[38;2;255;255;0m▊[48;2;252;127;0m[38;2;127;0;0m▌[48;2;252;127;0m[38;2;252;127;0m [48;2;252;127;0m[38;2;127;0;0m▖[48;2;252;127;0m[38;2;252;127;0m [48;2;252;127;0m[38;2;252;127;0m [48;2;0;0;0m[38;2;252;127;0m▎[48;2;210;210;210m[38;2;0;0;0m▎[48;2;210;210;210m[38;2;210;210;210m [48;2;127;127;127m[38;2;210;210;210m▌[48;2;0;0;0m[38;2;127;127;127m▌[48;2;252;127;0m[38;2;127;0;0m▌[48;2;252;127;0m[38;2;252;127;0m [48;2;252;127;0m[38;2;127;0;0m▊[48;2;252;127;0m[38;2;252;127;0m [48;2;127;0;0m[38;2;0;0;0m▌[48;2;252;127;0m[38;2;252;127;0m [48;2;252;127;0m[38;2;252;127;0m [48;2;252;127;0m[38;2;252;127;0m [48;2;252;127;0m[38;2;252;127;0m [48;2;252;127;0m[38;2;252;127;0m [48;2;252;127;0m[38;2;252;127;0m [48;2;252;127;0m[38;2;252;127;0m [48;2;252;127;0m[38;2;252;127;0m [48;2;252;127;0m[38;2;252;127;0m [48;2;0;0;0m[38;2;127;0;0m▎[48;2;0;147;0m[38;2;0;252;0m▚[48;2;0;147;0m[38;2;0;252;0m▚[48;2;0;147;0m[38;2;0;252;0m▚[48;2;0;147;0m[38;2;0;252;0m▚[48;2;0;147;0m[38;2;0;252;0m▚[48;2;0;147;0m[38;2;0;252;0m▚[48;2;0;0;0m[38;2;0;147;0m▎[48;2;255;255;0m[38;2;255;255;0m [48;2;0;0;0m[38;2;255;255;0m▎[48;2;0;0;0m[38;2;255;255;0m▗[48;2;255;255;0m[38;2;255;255;0m [48;2;255;255;0m[38;2;0;0;0m▗[48;2;0;0;0m[38;2;210;210;210m▗[48;2;210;210;210m[38;2;210;210;210m [48;2;210;210;210m[38;2;210;210;210m [48;2;0;0;0m[38;2;210;210;210m▌[48;2;156;0;156m[38;2;255;0;255m▝[48;2;255;0;255m[38;2;205;0;205m▁[48;2;255;0;255m[38;2;255;0;255m [48;2;255;0;255m[38;2;255;0;255m [48;2;255;0;255m[38;2;205;0;205m▁[48;2;156;0;156m[38;2;255;0;255m▘[48;2;0;0;0m[38;2;156;0;156m▗[48;2;156;0;156m[38;2;255;0;255m━[48;2;255;0;255m[38;2;127;0;0m▅[48;2;210;210;210m[38;2;127;127;127m▘[48;2;210;210;210m[38;2;210;210;210m [48;2;210;210;210m[38;2;210;210;210m [48;2;210;210;210m[38;2;210;210;210m [48;2;210;210;210m[38;2;210;210;210m [48;2;210;210;210m[38;2;210;210;210m [48;2;210;210;210m[38;2;210;210;210m [48;2;210;210;210m[38;2;210;210;210m [48;2;210;210;210m[38;2;210;210;210m [0m
[48;2;252;127;0m[38;2;252;127;0m [48;2;252;127;0m[38;2;252;127;0m [48;2;252;127;0m[38;2;0;0;0m▝[48;2;255;255;0m[38;2;0;0;0m▌[48;2;255;255;0m[38;2;255;255;0m [48;2;255;255;0m[38;2;255;255;0m [48;2;255;255;0m[38;2;255;255;0m [48;2;255;255;0m[38;2;255;255;0m [48;2;0;0;0m[38;2;255;255;0m▎[48;2;252;127;0m[38;2;252;127;0m [48;2;255;255;0m[38;2;0;0;0m▊[48;2;255;255;0m[38;2;255;255;0m [48;2;0;0;0m[38;2;255;255;0m▊[48;2;252;127;0m[38;2;127;0;0m▌[48;2;252;127;0m[38;2;252;127;0m [48;2;252;127;0m[38;2;127;0;0m▊[48;2;252;127;0m[38;2;252;127;0m [48;2;252;127;0m[38;2;252;127;0m [48;2;127;0;0m[38;2;252;127;0m▌[48;2;210;210;210m[38;2;0;0;0m▌[48;2;210;210;210m[38;2;210;210;210m [48;2;127;127;127m[38;2;210;210;210m▊[48;2;63;63;63m[38;2;127;127;127m▌[48;2;127;0;0m[38;2;0;0;0m▌[48;2;252;127;0m[38;2;252;127;0m [48;2;0;0;0m[38;2;252;127;0m▌[48;2;127;0;0m[38;2;252;127;0m▝[48;2;252;127;0m[38;2;0;0;0m▝[48;2;252;127;0m[38;2;127;0;0m▖[48;2;252;127;0m[38;2;252;127;0m [48;2;252;127;0m[38;2;252;127;0m [48;2;252;127;0m[38;2;252;127;0m [48;2;252;127;0m[38;2;252;127;0m [48;2;252;127;0m[38;2;252;127;0m [48;2;252;127;0m[38;2;252;127;0m [48;2;252;127;0m[38;2;252;127;0m [48;2;252;127;0m[38;2;252;127;0m [48;2;127;0;0m[38;2;252;127;0m▌[48;2;0;147;0m[38;2;0;0;0m▌[48;2;0;147;0m[38;2;0;252;0m▚[48;2;0;147;0m[38;2;0;252;0m▚[48;2;0;147;0m[38;2;0;252;0m▚[48;2;0;147;0m[38;2;0;252;0m▚[48;2;0;147;0m[38;2;0;252;0m▚[48;2;0;0;0m[38;2;0;147;0m▎[48;2;255;255;0m[38;2;0;0;0m▎[48;2;255;255;0m[38;2;255;255;0m [48;2;255;255;0m[38;2;127;0;0m▖[48;2;255;255;0m[38;2;0;0;0m▗[48;2;0;0;0m[38;2;210;210;210m▗[48;2;210;210;210m[38;2;210;210;210m [48;2;210;210;210m[38;2;210;210;210m [48;2;210;210;210m[38;2;210;210;210m [48;2;210;210;210m[38;2;210;210;210m [48;2;0;0;0m[38;2;210;210;210m▖[48;2;156;0;156m[38;2;0;0;0m▄[48;2;156;0;156m[38;2;0;0;0m▂[48;2;156;0;156m[38;2;0;0;0m▂[48;2;156;0;156m[38;2;0;0;0m▃[48;2;0;0;0m[38;2;210;210;210m▗[48;2;210;210;210m[38;2;210;210;210m [48;2;210;210;210m[38;2;210;210;210m [48;2;210;210;210m[38;2;210;210;210m [48;2;210;210;210m[38;2;210;210;210m [48;2;210;210;210m[38;2;210;210;210m [48;2;210;210;210m[38;2;210;210;210m [48;2;210;210;210m[38;2;210;210;210m [48;2;210;210;210m[38;2;210;210;210m [48;2;210;210;210m[38;2;210;210;210m [48;2;210;210;210m[38;2;210;210;210m [48;2;210;210;210m[38;2;210;210;210m [48;2;210;210;210m[38;2;210;210;210m [0m
[48;2;252;127;0m[38;2;252;127;0m [48;2;252;127;0m[38;2;252;127;0m [48;2;252;127;0m[38;2;252;127;0m [48;2;0;0;0m[38;2;252;127;0m▄[48;2;255;255;0m[38;2;0;0;0m▖[48;2;255;255;0m[38;2;255;255;0m [48;2;255;255;0m[38;2;255;255;0m [48;2;0;0;0m[38;2;255;255;0m▎[48;2;252;127;0m[38;2;127;0;0m▘[48;2;252;127;0m[38;2;127;0;0m▗[48;2;255;255;0m[38;2;0;0;0m▌[48;2;255;255;0m[38;2;255;255;0m [48;2;0;0;0m[38;2;255;255;0m▌[48;2;252;127;0m[38;2;127;0;0m▎[48;2;127;0;0m[38;2;252;127;0m▌[48;2;252;127;0m[38;2;127;0;0m▌[48;2;252;127;0m[38;2;252;127;0m [48;2;252;127;0m[38;2;127;0;0m▁[48;2;127;0;0m[38;2;252;127;0m▊[48;2;127;127;127m[38;2;0;0;0m▊[48;2;210;210;210m[38;2;210;210;210m [48;2;210;210;210m[38;2;210;210;210m [48;2;127;127;127m[38;2;210;210;210m▖[48;2;0;0;0m[38;2;0;0;0m [48;2;252;127;0m[38;2;127;0;0m▌[48;2;252;127;0m[38;2;252;127;0m [48;2;0;0;0m[38;2;252;127;0m▖[48;2;127;0;0m[38;2;252;127;0m▝[48;2;252;127;0m[38;2;0;0;0m▝[48;2;127;0;0m[38;2;252;127;0m▄[48;2;252;127;0m[38;2;127;0;0m▚[48;2;252;127;0m[38;2;127;0;0m▖[48;2;252;127;0m[38;2;127;0;0m▄[48;2;252;127;0m[38;2;127;0;0m▖[48;2;252;127;0m[38;2;252;127;0m [48;2;252;127;0m[38;2;252;127;0m [48;2;252;127;0m[38;2;127;0;0m▗[48;2;0;0;0m[38;2;127;0;0m▘[48;2;0;0;0m[38;2;0;147;0m▝[48;2;0;147;0m[38;2;0;252;0m▚[48;2;0;147;0m[38;2;0;252;0m▚[48;2;0;147;0m[38;2;0;252;0m▚[48;2;0;147;0m[38;2;0;252;0m▚[48;2;0;147;0m[38;2;0;252;0m▚[48;2;0;147;0m[38;2;0;252;0m▚[48;2;255;255;0m[38;2;0;0;0m▊[48;2;127;0;0m[38;2;255;255;0m▊[48;2;252;127;0m[38;2;127;0;0m▌[48;2;0;0;0m[38;2;255;255;0m▌[48;2;127;127;127m[38;2;127;0;0m▎[48;2;210;210;210m[38;2;127;127;127m▇[48;2;210;210;210m[38;2;127;127;127m▄[48;2;210;210;210m[38;2;127;127;127m▂[48;2;210;210;210m[38;2;127;127;127m▁[48;2;210;210;210m[38;2;210;210;210m [48;2;210;210;210m[38;2;210;210;210m [48;2;105;105;105m[38;2;210;210;210m▇[48;2;105;105;105m[38;2;210;210;210m▇[48;2;210;210;210m[38;2;210;210;210m [48;2;210;210;210m[38;2;210;210;210m [48;2;210;210;210m[38;2;210;210;210m [48;2;210;210;210m[38;2;210;210;210m [48;2;210;210;210m[38;2;210;210;210m [48;2;210;210;210m[38;2;210;210;210m [48;2;210;210;210m[38;2;210;210;210m [48;2;210;210;210m[38;2;210;210;210m [48;2;210;210;210m[38;2;210;210;210m [48;2;210;210;210m[38;2;210;210;210m [48;2;210;210;210m[38;2;210;210;210m [48;2;210;210;210m[38;2;210;210;210m [48;2;210;210;210m[38;2;210;210;210m [48;2;255;255;0m[38;2;210;210;210m▎[0m
[48;2;252;127;0m[38;2;252;127;0m [48;2;252;127;0m[38;2;252;127;0m [48;2;252;127;0m[38;2;252;127;0m [48;2;252;127;0m[38;2;252;127;0m [48;2;0;0;0m[38;2;252;127;0m▖[48;2;255;255;0m[38;2;127;0;0m▃[48;2;0;0;0m[38;2;127;0;0m▄[48;2;252;127;0m[38;2;127;0;0m▘[48;2;252;127;0m[38;2;252;127;0m [48;2;0;0;0m[38;2;252;127;0m▌[48;2;255;255;0m[38;2;0;0;0m▎[48;2;255;255;0m[38;2;255;255;0m [48;2;0;0;0m[38;2;255;255;0m▎[48;2;127;0;0m[38;2;0;0;127m▁[48;2;252;127;0m[38;2;127;0;0m▆[48;2;127;0;0m[38;2;63;0;63m▂[48;2;127;0;0m[38;2;0;0;127m▂[48;2;127;0;0m[38;2;0;0;127m▃[48;2;127;0;0m[38;2;0;0;127m▅[48;2;0;0;0m[38;2;0;0;127m▖[48;2;210;210;210m[38;2;0;0;0m▄[48;2;0;0;0m[38;2;210;210;210m▘[48;2;0;0;0m[38;2;127;127;127m▗[48;2;0;0;0m[38;2;210;210;210m▄[48;2;0;0;0m[38;2;210;210;210m▄[48;2;127;0;0m[38;2;0;0;0m▅[48;2;252;127;0m[38;2;0;0;0m▄[48;2;127;0;0m[38;2;0;0;0m▃[48;2;127;0;0m[38;2;0;0;0m▝[48;2;0;0;0m[38;2;127;0;0m▄[48;2;0;0;0m[38;2;127;0;0m▄[48;2;127;0;0m[38;2;0;0;0m━[48;2;127;0;0m[38;2;252;127;0m▗[48;2;0;0;0m[38;2;252;127;0m▄[48;2;0;0;0m[38;2;127;0;0m▄[48;2;127;0;0m[38;2;0;0;0m▄[48;2;0;0;0m[38;2;127;0;0m▘[48;2;0;0;0m[38;2;210;210;210m▂[48;2;252;127;0m[38;2;127;0;0m▖[48;2;0;0;0m[38;2;252;127;0m▌[48;2;0;147;0m[38;2;0;252;0m▚[48;2;0;147;0m[38;2;0;252;0m▚[48;2;0;147;0m[38;2;0;252;0m▚[48;2;0;147;0m[38;2;0;252;0m▚[48;2;0;147;0m[38;2;0;252;0m▚[48;2;255;255;0m[38;2;0;0;0m▌[48;2;191;127;0m[38;2;255;255;0m▊[48;2;252;127;0m[38;2;0;0;0m▊[48;2;252;127;0m[38;2;0;0;0m▝[48;2;0;0;0m[38;2;127;0;0m▝[48;2;127;0;0m[38;2;127;127;127m▝[48;2;127;127;127m[38;2;127;127;127m [48;2;127;127;127m[38;2;127;127;127m [48;2;127;127;127m[38;2;127;127;127m [48;2;127;127;127m[38;2;127;127;127m [48;2;210;210;210m[38;2;127;127;127m▇[48;2;210;210;210m[38;2;127;127;127m▇[48;2;210;210;210m[38;2;127;127;127m▆[48;2;210;210;210m[38;2;127;127;127m▆[48;2;210;210;210m[38;2;127;127;127m▅[48;2;210;210;210m[38;2;127;127;127m▅[48;2;210;210;210m[38;2;127;127;127m▅[48;2;210;210;210m[38;2;127;127;127m▅[48;2;210;210;210m[38;2;127;127;127m▄[48;2;210;210;210m[38;2;127;127;127m▄[48;2;210;210;210m[38;2;127;127;127m▄[48;2;210;210;210m[38;2;127;127;127m▄[48;2;210;210;210m[38;2;127;127;127m▄[48;2;210;210;210m[38;2;127;127;127m▄[48;2;210;210;210m[38;2;127;127;127m▄[48;2;210;210;210m[38;2;127;127;127m▄[48;2;255;255;0m[38;2;255;255;0m [0m
[48;2;252;127;0m[38;2;252;127;0m [48;2;252;127;0m[38;2;252;127;0m [48;2;252;127;0m[38;2;252;127;0m [48;2;252;127;0m[38;2;252;127;0m [48;2;252;127;0m[38;2;252;127;0m [48;2;189;63;0m[38;2;252;127;0m▆[48;2;252;127;0m[38;2;252;127;0m [48;2;252;127;0m[38;2;252;127;0m [48;2;252;127;0m[38;2;252;127;0m [48;2;0;0;0m[38;2;127;0;0m▘[48;2;255;255;0m[38;2;255;255;0m [48;2;255;255;0m[38;2;255;255;0m [48;2;0;0;0m[38;2;255;255;0m▎[48;2;0;0;127m[38;2;0;0;127m [48;2;0;0;127m[38;2;0;0;127m [48;2;0;0;127m[38;2;0;0;63m▂[48;2;0;0;127m[38;2;0;0;0m▂[48;2;0;0;127m[38;2;0;0;0m▂[48;2;0;0;127m[38;2;0;0;63m▂[48;2;0;0;127m[38;2;0;0;127m [48;2;0;0;127m[38;2;0;0;127m [48;2;0;0;0m[38;2;0;0;0m [48;2;127;127;127m[38;2;210;210;210m▝[48;2;210;210;210m[38;2;127;127;127m▄[48;2;210;210;210m[38;2;127;127;127m▂[48;2;127;127;127m[38;2;210;210;210m▆[48;2;127;127;127m[38;2;210;210;210m▄[48;2;0;0;0m[38;2;210;210;210m▅[48;2;0;0;0m[38;2;210;210;210m▄[48;2;0;0;0m[38;2;210;210;210m▃[48;2;0;0;0m[38;2;210;210;210m▃[48;2;0;0;0m[38;2;210;210;210m▄[48;2;0;0;0m[38;2;127;127;127m▄[48;2;252;127;0m[38;2;0;0;0m▌[48;2;252;127;0m[38;2;252;127;0m [48;2;0;0;0m[38;2;127;0;0m▌[48;2;255;255;255m[38;2;0;0;0m▄[48;2;210;210;210m[38;2;0;0;0m▆[48;2;127;0;0m[38;2;0;0;0m▌[48;2;252;127;0m[38;2;252;127;0m [48;2;127;0;0m[38;2;252;127;0m▄[48;2;127;0;0m[38;2;252;127;0m▄[48;2;127;0;0m[38;2;0;0;0m▝[48;2;0;147;0m[38;2;0;0;0m▌[48;2;0;147;0m[38;2;0;252;0m▘[48;2;255;255;0m[38;2;0;0;0m▎[48;2;255;255;0m[38;2;0;0;0m▗[48;2;252;127;0m[38;2;0;0;0m▌[48;2;252;127;0m[38;2;127;0;0m▗[48;2;126;63;0m[38;2;252;127;0m▆[48;2;0;0;0m[38;2;252;127;0m▄[48;2;0;0;0m[38;2;252;127;0m▂[48;2;127;127;127m[38;2;0;0;0m▆[48;2;127;127;127m[38;2;0;0;0m▅[48;2;127;127;127m[38;2;0;0;0m▅[48;2;127;127;127m[38;2;0;0;0m▄[48;2;127;127;127m[38;2;0;0;0m▄[48;2;127;127;127m[38;2;0;0;0m▄[48;2;127;127;127m[38;2;0;0;0m▃[48;2;255;255;0m[38;2;127;127;127m▘[48;2;127;0;0m[38;2;255;255;0m▎[48;2;127;127;127m[38;2;0;0;0m▂[48;2;127;127;127m[38;2;0;0;0m▂[48;2;127;127;127m[38;2;0;0;0m▂[48;2;127;127;127m[38;2;0;0;0m▂[48;2;127;127;127m[38;2;0;0;0m▁[48;2;127;127;127m[38;2;0;0;0m▁[48;2;127;127;127m[38;2;127;127;127m [48;2;127;127;127m[38;2;127;127;127m [48;2;127;127;127m[38;2;127;127;127m [48;2;255;255;0m[38;2;0;0;0m▌[48;2;255;255;0m[38;2;255;255;0m [0m
[48;2;252;127;0m[38;2;252;127;0m [48;2;252;127;0m[38;2;252;127;0m [48;2;252;127;0m[38;2;252;127;0m [48;2;252;127;0m[38;2;252;127;0m [48;2;252;127;0m[38;2;252;127;0m [48;2;252;127;0m[38;2;252;127;0m [48;2;252;127;0m[38;2;252;127;0m [48;2;252;127;0m[38;2;252;127;0m [48;2;127;0;0m[38;2;252;127;0m▊[48;2;255;255;0m[38;2;0;0;0m▌[48;2;255;255;0m[38;2;255;255;0m [48;2;255;255;0m[38;2;255;255;0m [48;2;0;0;127m[38;2;0;0;0m▊[48;2;0;0;127m[38;2;0;0;127m [48;2;0;0;127m[38;2;0;0;127m [48;2;0;0;127m[38;2;0;0;0m▗[48;2;0;0;127m[38;2;0;0;0m▄[48;2;0;0;127m[38;2;0;0;127m [48;2;0;0;127m[38;2;0;0;0m▂[48;2;0;0;127m[38;2;0;0;0m▃[48;2;0;0;127m[38;2;0;0;0m▃[48;2;0;0;127m[38;2;0;0;0m▝[48;2;0;0;0m[38;2;0;0;127m▄[48;2;0;0;0m[38;2;0;0;127m▄[48;2;0;0;0m[38;2;127;0;0m▗[48;2;0;0;0m[38;2;127;0;0m▄[48;2;0;0;0m[38;2;0;0;127m▗[48;2;0;0;0m[38;2;127;127;127m▝[48;2;127;127;127m[38;2;0;0;0m▄[48;2;127;127;127m[38;2;0;0;0m▄[48;2;127;127;127m[38;2;0;0;0m▃[48;2;127;127;127m[38;2;0;0;0m▃[48;2;0;0;0m[38;2;127;127;127m▘[48;2;0;0;0m[38;2;0;0;0m [48;2;252;127;0m[38;2;127;0;0m▄[48;2;252;127;0m[38;2;127;0;0m▃[48;2;252;127;0m[38;2;127;0;0m▃[48;2;127;0;0m[38;2;0;0;0m▗[48;2;0;0;0m[38;2;0;0;0m [48;2;127;0;0m[38;2;0;0;0m▄[48;2;127;0;0m[38;2;0;0;0m▄[48;2;127;0;0m[38;2;0;0;0m▄[48;2;0;0;0m[38;2;127;0;0m▘[48;2;0;147;0m[38;2;0;0;0m▄[48;2;0;0;0m[38;2;0;147;0m▘[48;2;255;255;0m[38;2;255;255;0m [48;2;0;0;0m[38;2;252;127;0m▗[48;2;252;127;0m[38;2;127;0;0m▗[48;2;127;0;0m[38;2;252;127;0m▄[48;2;252;127;0m[38;2;252;127;0m [48;2;252;127;0m[38;2;252;127;0m [48;2;252;127;0m[38;2;252;127;0m [48;2;252;127;0m[38;2;252;127;0m [48;2;0;0;0m[38;2;252;127;0m▎[48;2;127;0;0m[38;2;127;0;0m [48;2;0;0;0m[38;2;127;0;0m▇[48;2;0;0;0m[38;2;127;0;0m▎[48;2;0;0;0m[38;2;0;0;0m [48;2;0;0;0m[38;2;255;255;0m▗[48;2;255;255;0m[38;2;255;255;0m [48;2;127;0;0m[38;2;255;255;0m▌[48;2;0;0;0m[38;2;0;0;0m [48;2;0;0;0m[38;2;0;0;0m [48;2;0;0;0m[38;2;127;0;0m▗[48;2;0;0;0m[38;2;0;0;0m [48;2;0;0;0m[38;2;127;0;0m▖[48;2;0;0;0m[38;2;0;0;0m [48;2;0;0;0m[38;2;0;0;0m [48;2;0;0;0m[38;2;0;0;0m [48;2;0;0;0m[38;2;255;255;0m▗[48;2;255;255;0m[38;2;255;255;0m [48;2;255;255;0m[38;2;255;255;0m [0m
[48;2;252;127;0m[38;2;252;127;0m [48;2;252;127;0m[38;2;252;127;0m [48;2;252;127;0m[38;2;252;127;0m [48;2;252;127;0m[38;2;252;127;0m [48;2;252;127;0m[38;2;252;127;0m [48;2;252;127;0m[38;2;252;127;0m [48;2;252;127;0m[38;2;252;127;0m [48;2;252;127;0m[38;2;252;127;0m [48;2;127;0;0m[38;2;252;127;0m▌[48;2;255;255;0m[38;2;0;0;0m▊[48;2;255;255;0m[38;2;255;255;0m [48;2;255;255;0m[38;2;255;255;0m [48;2;0;0;0m[38;2;255;255;0m▎[48;2;0;0;127m[38;2;0;0;127m [48;2;0;0;127m[38;2;0;0;0m▗[48;2;255;255;0m[38;2;0;0;0m▘[48;2;0;0;0m[38;2;255;255;0m▌[48;2;0;0;127m[38;2;0;0;127m [48;2;0;0;127m[38;2;0;0;127m [48;2;0;0;127m[38;2;0;0;127m [48;2;0;0;127m[38;2;0;0;0m▃[48;2;0;0;127m[38;2;0;0;0m▃[48;2;0;0;127m[38;2;0;0;127m [48;2;0;0;127m[38;2;0;0;127m [48;2;127;0;0m[38;2;0;0;0m▌[48;2;0;0;0m[38;2;127;0;0m▊[48;2;0;0;127m[38;2;0;0;0m▊[48;2;0;0;127m[38;2;0;0;127m [48;2;0;0;127m[38;2;0;0;127m [48;2;0;0;127m[38;2;0;0;127m [48;2;0;0;0m[38;2;0;0;0m [48;2;0;0;0m[38;2;0;0;0m [48;2;0;0;127m[38;2;0;0;127m [48;2;0;0;0m[38;2;127;0;0m▗[48;2;0;0;0m[38;2;127;0;0m▄[48;2;0;0;0m[38;2;0;0;127m▗[48;2;0;0;0m[38;2;0;0;127m▄[48;2;0;0;0m[38;2;0;0;0m [48;2;0;0;0m[38;2;127;0;0m▗[48;2;0;0;0m[38;2;127;0;0m▌[48;2;0;0;127m[38;2;0;0;0m▘[48;2;0;0;127m[38;2;0;0;127m [48;2;0;0;127m[38;2;0;0;0m▗[48;2;0;0;0m[38;2;255;255;0m▗[48;2;255;255;0m[38;2;255;255;0m [48;2;0;0;0m[38;2;255;255;0m▘[48;2;252;127;0m[38;2;127;0;0m▗[48;2;252;127;0m[38;2;127;0;0m▄[48;2;252;127;0m[38;2;127;0;0m▃[48;2;127;0;0m[38;2;0;0;0m▄[48;2;252;127;0m[38;2;127;0;0m▖[48;2;252;127;0m[38;2;252;127;0m [48;2;252;127;0m[38;2;252;127;0m [48;2;0;0;0m[38;2;252;127;0m▌[48;2;127;0;0m[38;2;127;0;0m [48;2;127;0;0m[38;2;127;0;0m [48;2;0;0;0m[38;2;127;0;0m▎[48;2;255;255;0m[38;2;0;0;0m▊[48;2;255;255;0m[38;2;255;255;0m [48;2;255;255;0m[38;2;255;255;0m [48;2;127;0;0m[38;2;255;255;0m▊[48;2;0;0;0m[38;2;127;0;0m▎[48;2;0;0;0m[38;2;0;0;0m [48;2;127;0;0m[38;2;0;0;0m▌[48;2;0;0;0m[38;2;127;0;0m▌[48;2;0;0;0m[38;2;127;0;0m▌[48;2;127;0;0m[38;2;127;0;0m [48;2;127;0;0m[38;2;0;0;0m▘[48;2;255;255;0m[38;2;127;0;0m▌[48;2;255;255;0m[38;2;255;255;0m [48;2;255;255;0m[38;2;255;255;0m [48;2;255;255;0m[38;2;0;0;0m▗[0m
[48;2;252;127;0m[38;2;252;127;0m [48;2;252;127;0m[38;2;252;127;0m [48;2;252;127;0m[38;2;252;127;0m [48;2;252;127;0m[38;2;252;127;0m [48;2;252;127;0m[38;2;252;127;0m [48;2;252;127;0m[38;2;252;127;0m [48;2;252;127;0m[38;2;252;127;0m [48;2;252;127;0m[38;2;127;0;0m▖[48;2;127;0;0m[38;2;252;127;0m▊[48;2;255;255;0m[38;2;0;0;0m▊[48;2;255;255;0m[38;2;255;255;0m [48;2;255;255;0m[38;2;255;255;0m [48;2;255;255;0m[38;2;0;0;0m▝[48;2;0;0;127m[38;2;0;0;0m▅[48;2;255;255;0m[38;2;0;0;0m▌[48;2;255;255;0m[38;2;255;255;0m [48;2;255;255;0m[38;2;0;0;0m▝[48;2;0;0;127m[38;2;0;0;0m▌[48;2;0;0;127m[38;2;0;0;127m [48;2;0;0;127m[38;2;0;0;127m [48;2;0;0;127m[38;2;0;0;127m [48;2;0;0;127m[38;2;0;0;127m [48;2;0;0;127m[38;2;0;0;127m [48;2;0;0;127m[38;2;0;0;127m [48;2;127;0;0m[38;2;0;0;0m▌[48;2;0;0;0m[38;2;127;0;0m▊[48;2;0;0;127m[38;2;0;0;0m▊[48;2;0;0;127m[38;2;0;0;127m [48;2;0;0;127m[38;2;0;0;127m [48;2;0;0;127m[38;2;0;0;127m [48;2;0;0;0m[38;2;0;0;0m [48;2;0;0;0m[38;2;0;0;0m [48;2;0;0;127m[38;2;0;0;127m [48;2;127;0;0m[38;2;0;0;0m▌[48;2;127;0;0m[38;2;127;0;0m [48;2;0;0;127m[38;2;0;0;0m▌[48;2;0;0;127m[38;2;0;0;127m [48;2;0;0;63m[38;2;0;0;127m▊[48;2;127;0;0m[38;2;0;0;0m▎[48;2;0;0;0m[38;2;127;0;0m▎[48;2;0;0;127m[38;2;0;0;127m [48;2;0;0;127m[38;2;0;0;127m [48;2;0;0;127m[38;2;0;0;0m▝[48;2;255;255;0m[38;2;0;0;127m▄[48;2;0;0;0m[38;2;0;0;127m▃[48;2;0;0;0m[38;2;0;0;127m▃[48;2;0;0;0m[38;2;0;0;127m▄[48;2;0;0;127m[38;2;0;0;127m [48;2;0;0;127m[38;2;0;0;0m▗[48;2;0;0;0m[38;2;0;0;127m▗[48;2;127;0;0m[38;2;0;0;127m▄[48;2;127;0;0m[38;2;0;0;127m▂[48;2;252;127;0m[38;2;127;0;0m▖[48;2;0;0;0m[38;2;252;127;0m▎[48;2;127;0;0m[38;2;127;0;0m [48;2;127;0;0m[38;2;127;0;0m [48;2;0;0;0m[38;2;255;255;0m▄[48;2;255;255;0m[38;2;255;255;0m [48;2;255;255;0m[38;2;255;255;0m [48;2;255;255;0m[38;2;255;255;0m [48;2;127;0;0m[38;2;255;255;0m▌[48;2;0;0;0m[38;2;63;0;0m▎[48;2;0;0;0m[38;2;0;0;0m [48;2;0;0;0m[38;2;0;0;0m [48;2;0;0;0m[38;2;0;0;0m [48;2;0;0;0m[38;2;255;255;0m▗[48;2;255;255;0m[38;2;255;255;0m [48;2;255;255;0m[38;2;127;0;0m▝[48;2;255;255;0m[38;2;255;255;0m [48;2;255;255;0m[38;2;255;255;0m [48;2;255;255;0m[38;2;0;0;0m▄[48;2;252;127;0m[38;2;0;0;0m▘[0m
[48;2;252;127;0m[38;2;252;127;0m [48;2;252;127;0m[38;2;252;127;0m [48;2;252;127;0m[38;2;252;127;0m [48;2;252;127;0m[38;2;127;0;0m▚[48;2;252;127;0m[38;2;252;127;0m [48;2;252;127;0m[38;2;252;127;0m [48;2;252;127;0m[38;2;252;127;0m [48;2;252;127;0m[38;2;0;0;0m▌[48;2;252;127;0m[38;2;252;127;0m [48;2;0;0;0m[38;2;127;0;0m▎[48;2;255;255;0m[38;2;255;255;0m [48;2;255;255;0m[38;2;255;255;0m [48;2;255;255;0m[38;2;255;255;0m [48;2;0;0;0m[38;2;255;255;0m▄[48;2;255;255;0m[38;2;255;255;0m [48;2;255;255;0m[38;2;0;0;0m▄[48;2;255;255;0m[38;2;255;255;0m [48;2;0;0;0m[38;2;0;0;127m▝[48;2;0;0;127m[38;2;0;0;127m [48;2;0;0;127m[38;2;0;0;127m [48;2;0;0;0m[38;2;0;0;127m▘[48;2;0;0;127m[38;2;0;0;0m▎[48;2;0;0;127m[38;2;0;0;127m [48;2;0;0;127m[38;2;0;0;127m [48;2;127;0;0m[38;2;0;0;0m▌[48;2;0;0;0m[38;2;127;0;0m▊[48;2;0;0;127m[38;2;0;0;0m▊[48;2;0;0;127m[38;2;0;0;0m▂[48;2;0;0;127m[38;2;0;0;63m▂[48;2;0;0;127m[38;2;0;0;127m [48;2;0;0;0m[38;2;0;0;0m [48;2;0;0;0m[38;2;0;0;0m [48;2;0;0;127m[38;2;0;0;127m [48;2;127;0;0m[38;2;0;0;0m▌[48;2;127;0;0m[38;2;127;0;0m [48;2;0;0;127m[38;2;0;0;0m▌[48;2;0;0;127m[38;2;0;0;127m [48;2;0;0;63m[38;2;0;0;127m▌[48;2;127;0;0m[38;2;63;0;0m▎[48;2;0;0;0m[38;2;63;0;0m▎[48;2;0;0;127m[38;2;0;0;127m [48;2;0;0;127m[38;2;0;0;127m [48;2;0;0;127m[38;2;0;0;127m [48;2;0;0;127m[38;2;0;0;127m [48;2;0;0;127m[38;2;0;0;127m [48;2;0;0;127m[38;2;0;0;127m [48;2;0;0;127m[38;2;0;0;127m [48;2;0;0;127m[38;2;0;0;127m [48;2;0;0;127m[38;2;0;0;127m [48;2;0;0;127m[38;2;0;0;127m [48;2;0;0;127m[38;2;0;0;127m [48;2;0;0;127m[38;2;0;0;127m [48;2;0;0;127m[38;2;0;0;0m▗[48;2;0;0;0m[38;2;0;0;0m [48;2;127;0;0m[38;2;255;255;0m▄[48;2;255;255;0m[38;2;255;255;0m [48;2;255;255;0m[38;2;255;255;0m [48;2;255;255;0m[38;2;255;255;0m [48;2;255;255;0m[38;2;255;255;0m [48;2;255;255;0m[38;2;255;255;0m [48;2;127;0;0m[38;2;255;255;0m▎[48;2;0;0;0m[38;2;0;0;0m [48;2;0;0;0m[38;2;0;0;0m [48;2;0;0;0m[38;2;255;255;0m▗[48;2;255;255;0m[38;2;0;0;0m▘[48;2;255;255;0m[38;2;255;255;0m [48;2;255;255;0m[38;2;255;255;0m [48;2;255;255;0m[38;2;255;255;0m [48;2;255;255;0m[38;2;0;0;0m▗[48;2;0;0;0m[38;2;252;127;0m▗[48;2;252;127;0m[38;2;252;127;0m [48;2;252;127;0m[38;2;252;127;0m [0m
[48;2;252;127;0m[38;2;252;127;0m [48;2;252;127;0m[38;2;252;127;0m [48;2;252;127;0m[38;2;252;127;0m [48;2;127;0;0m[38;2;127;0;0m [48;2;252;127;0m[38;2;252;127;0m [48;2;127;0;0m[38;2;252;127;0m▄[48;2;252;127;0m[38;2;252;127;0m [48;2;127;0;0m[38;2;252;127;0m▄[48;2;252;127;0m[38;2;127;0;0m▖[48;2;252;127;0m[38;2;127;0;0m▝[48;2;0;0;0m[38;2;255;255;0m▝[48;2;255;255;0m[38;2;255;255;0m [48;2;255;255;0m[38;2;255;255;0m [48;2;255;255;0m[38;2;255;255;0m [48;2;255;255;0m[38;2;0;0;0m▆[48;2;0;0;0m[38;2;252;127;0m▄[48;2;255;255;0m[38;2;0;0;0m▖[48;2;0;0;0m[38;2;255;255;0m▊[48;2;0;0;127m[38;2;0;0;0m▂[48;2;0;0;0m[38;2;0;0;127m▘[48;2;255;255;0m[38;2;0;0;0m▘[48;2;0;0;127m[38;2;0;0;0m▌[48;2;0;0;127m[38;2;0;0;127m [48;2;0;0;127m[38;2;0;0;127m [48;2;127;0;0m[38;2;0;0;0m▌[48;2;0;0;0m[38;2;127;0;0m▊[48;2;0;0;127m[38;2;0;0;0m▊[48;2;0;0;127m[38;2;0;0;127m [48;2;0;0;127m[38;2;0;0;127m [48;2;0;0;127m[38;2;0;0;127m [48;2;0;0;0m[38;2;0;0;127m▂[48;2;0;0;0m[38;2;0;0;127m▂[48;2;0;0;127m[38;2;0;0;127m [48;2;127;0;0m[38;2;0;0;0m▌[48;2;127;0;0m[38;2;127;0;0m [48;2;0;0;127m[38;2;0;0;0m▌[48;2;0;0;127m[38;2;0;0;127m [48;2;0;0;0m[38;2;0;0;127m▌[48;2;127;0;0m[38;2;127;0;0m [48;2;0;0;127m[38;2;0;0;0m▊[48;2;0;0;127m[38;2;0;0;127m [48;2;0;0;127m[38;2;0;0;127m [48;2;0;0;127m[38;2;0;0;127m [48;2;0;0;0m[38;2;0;0;127m▄[48;2;0;0;127m[38;2;0;0;127m [48;2;0;0;127m[38;2;0;0;0m▄[48;2;0;0;127m[38;2;0;0;0m▄[48;2;0;0;127m[38;2;0;0;127m [48;2;0;0;127m[38;2;0;0;127m [48;2;0;0;127m[38;2;0;0;127m [48;2;0;0;127m[38;2;0;0;0m▗[48;2;0;0;0m[38;2;255;255;0m▗[48;2;0;0;0m[38;2;255;255;0m▅[48;2;255;255;0m[38;2;255;255;0m [48;2;255;255;0m[38;2;255;255;0m [48;2;255;255;0m[38;2;127;0;0m▗[48;2;0;0;0m[38;2;127;0;0m▄[48;2;255;255;0m[38;2;0;0;0m▖[48;2;255;255;0m[38;2;255;255;0m [48;2;255;255;0m[38;2;255;255;0m [48;2;127;0;0m[38;2;255;255;0m▖[48;2;127;0;0m[38;2;0;0;0m▝[48;2;0;0;0m[38;2;255;255;0m▗[48;2;255;255;0m[38;2;255;255;0m [48;2;255;255;0m[38;2;255;255;0m [48;2;255;255;0m[38;2;255;255;0m [48;2;255;255;0m[38;2;255;255;0m [48;2;255;255;0m[38;2;0;0;0m▗[48;2;0;0;0m[38;2;127;0;0m▄[48;2;252;127;0m[38;2;252;127;0m [48;2;252;127;0m[38;2;252;127;0m [48;2;252;127;0m[38;2;252;127;0m [0m
[48;2;252;127;0m[38;2;252;127;0m [48;2;127;0;0m[38;2;252;127;0m▌[48;2;252;127;0m[38;2;127;0;0m▌[48;2;127;0;0m[38;2;252;127;0m▄[48;2;252;127;0m[38;2;252;127;0m [48;2;252;127;0m[38;2;127;0;0m▝[48;2;252;127;0m[38;2;127;0;0m▌[48;2;252;127;0m[38;2;252;127;0m [48;2;252;127;0m[38;2;0;0;0m▚[48;2;252;127;0m[38;2;252;127;0m [48;2;252;127;0m[38;2;252;127;0m [48;2;0;0;0m[38;2;252;127;0m▄[48;2;255;255;0m[38;2;127;0;0m▃[48;2;0;0;0m[38;2;127;0;0m▄[48;2;252;127;0m[38;2;127;0;0m▘[48;2;252;127;0m[38;2;252;127;0m [48;2;0;0;0m[38;2;255;255;0m▝[48;2;255;255;0m[38;2;255;255;0m [48;2;255;255;0m[38;2;0;0;0m▝[48;2;255;255;0m[38;2;0;0;0m▘[48;2;255;255;0m[38;2;255;255;0m [48;2;0;0;0m[38;2;255;255;0m▎[48;2;0;0;127m[38;2;0;0;127m [48;2;0;0;127m[38;2;0;0;127m [48;2;0;0;0m[38;2;0;0;127m▃[48;2;127;0;0m[38;2;0;0;0m▅[48;2;0;0;127m[38;2;0;0;0m▘[48;2;0;0;127m[38;2;0;0;63m▂[48;2;0;0;127m[38;2;0;0;0m▃[48;2;0;0;127m[38;2;0;0;0m▃[48;2;0;0;127m[38;2;0;0;63m▂[48;2;0;0;127m[38;2;0;0;127m [48;2;0;0;127m[38;2;0;0;127m [48;2;127;0;0m[38;2;0;0;0m▌[48;2;127;0;0m[38;2;127;0;0m [48;2;0;0;127m[38;2;0;0;0m▌[48;2;0;0;127m[38;2;0;0;127m [48;2;0;0;127m[38;2;0;0;0m▝[48;2;0;0;0m[38;2;127;0;0m▝[48;2;0;0;127m[38;2;0;0;0m▌[48;2;0;0;127m[38;2;0;0;0m▗[48;2;0;0;127m[38;2;0;0;0m▄[48;2;0;0;127m[38;2;0;0;127m [48;2;0;0;127m[38;2;0;0;127m [48;2;0;0;127m[38;2;0;0;0m▄[48;2;0;0;127m[38;2;0;0;127m [48;2;0;0;127m[38;2;0;0;127m [48;2;0;0;127m[38;2;0;0;127m [48;2;0;0;127m[38;2;0;0;127m [48;2;0;0;0m[38;2;255;255;0m▗[48;2;255;255;0m[38;2;0;0;0m▘[48;2;255;255;0m[38;2;255;255;0m [48;2;255;255;0m[38;2;255;255;0m [48;2;255;255;0m[38;2;0;0;0m▗[48;2;0;0;0m[38;2;127;0;0m▄[48;2;252;127;0m[38;2;127;0;0m▘[48;2;252;127;0m[38;2;252;127;0m [48;2;127;0;0m[38;2;0;0;0m▝[48;2;255;255;0m[38;2;0;0;0m▖[48;2;255;255;0m[38;2;255;255;0m [48;2;255;255;0m[38;2;255;255;0m [48;2;127;0;0m[38;2;255;255;0m▅[48;2;255;255;0m[38;2;255;255;0m [48;2;255;255;0m[38;2;255;255;0m [48;2;255;255;0m[38;2;255;255;0m [48;2;255;255;0m[38;2;0;0;0m▄[48;2;0;0;0m[38;2;252;127;0m▗[48;2;127;0;0m[38;2;252;127;0m▄[48;2;252;127;0m[38;2;252;127;0m [48;2;252;127;0m[38;2;252;127;0m [48;2;252;127;0m[38;2;252;127;0m [48;2;252;127;0m[38;2;252;127;0m [0m
[48;2;252;127;0m[38;2;252;127;0m [48;2;127;0;0m[38;2;252;127;0m▝[48;2;127;0;0m[38;2;252;127;0m▝[48;2;252;127;0m[38;2;127;0;0m▝[48;2;252;127;0m[38;2;127;0;0m▌[48;2;252;127;0m[38;2;252;127;0m [48;2;252;127;0m[38;2;0;0;0m▝[48;2;252;127;0m[38;2;252;127;0m [48;2;252;127;0m[38;2;252;127;0m [48;2;252;127;0m[38;2;252;127;0m [48;2;252;127;0m[38;2;252;127;0m [48;2;252;127;0m[38;2;252;127;0m [48;2;252;127;0m[38;2;252;127;0m [48;2;252;127;0m[38;2;252;127;0m [48;2;252;127;0m[38;2;252;127;0m [48;2;252;127;0m[38;2;252;127;0m [48;2;252;127;0m[38;2;0;0;0m▝[48;2;0;0;0m[38;2;255;255;0m▝[48;2;255;255;0m[38;2;255;255;0m [48;2;255;255;0m[38;2;255;255;0m [48;2;255;255;0m[38;2;255;255;0m [48;2;0;0;0m[38;2;255;255;0m▌[48;2;0;0;127m[38;2;0;0;127m [48;2;0;0;127m[38;2;0;0;127m [48;2;0;0;127m[38;2;0;0;127m [48;2;0;0;127m[38;2;0;0;63m▂[48;2;0;0;127m[38;2;0;0;0m▂[48;2;0;0;127m[38;2;0;0;0m▂[48;2;0;0;127m[38;2;0;0;0m▂[48;2;0;0;127m[38;2;0;0;63m▂[48;2;0;0;127m[38;2;0;0;127m [48;2;0;0;127m[38;2;0;0;127m [48;2;0;0;127m[38;2;0;0;127m [48;2;0;0;0m[38;2;0;0;127m▃[48;2;127;0;0m[38;2;0;0;0m▆[48;2;0;0;127m[38;2;0;0;0m▘[48;2;0;0;127m[38;2;0;0;127m [48;2;0;0;127m[38;2;0;0;63m▁[48;2;0;0;127m[38;2;0;0;127m [48;2;0;0;127m[38;2;0;0;0m▁[48;2;0;0;127m[38;2;0;0;0m▂[48;2;0;0;127m[38;2;0;0;0m▃[48;2;0;0;127m[38;2;0;0;63m▂[48;2;0;0;127m[38;2;0;0;127m [48;2;0;0;127m[38;2;0;0;127m [48;2;0;0;127m[38;2;0;0;127m [48;2;0;0;127m[38;2;0;0;127m [48;2;0;0;127m[38;2;0;0;0m▗[48;2;0;0;0m[38;2;255;255;0m▗[48;2;255;255;0m[38;2;255;255;0m [48;2;255;255;0m[38;2;255;255;0m [48;2;255;255;0m[38;2;255;255;0m [48;2;255;255;0m[38;2;0;0;0m▄[48;2;127;0;0m[38;2;252;127;0m▄[48;2;252;127;0m[38;2;252;127;0m [48;2;252;127;0m[38;2;252;127;0m [48;2;252;127;0m[38;2;252;127;0m [48;2;252;127;0m[38;2;252;127;0m [48;2;0;0;0m[38;2;252;127;0m▄[48;2;255;255;0m[38;2;127;0;0m▄[48;2;255;255;0m[38;2;0;0;0m▖[48;2;255;255;0m[38;2;255;255;0m [48;2;255;255;0m[38;2;255;255;0m [48;2;255;255;0m[38;2;0;0;0m▗[48;2;0;0;0m[38;2;252;127;0m▗[48;2;252;127;0m[38;2;127;0;0m▘[48;2;252;127;0m[38;2;252;127;0m [48;2;252;127;0m[38;2;252;127;0m [48;2;252;127;0m[38;2;252;127;0m [48;2;252;127;0m[38;2;252;127;0m [48;2;252;127;0m[38;2;252;127;0m [48;2;252;127;0m[38;2;252;127;0m [0m
[48;2;252;127;0m[38;2;252;127;0m [48;2;252;127;0m[38;2;127;0;0m▝[48;2;252;127;0m[38;2;252;127;0m [48;2;252;127;0m[38;2;252;127;0m [48;2;252;127;0m[38;2;127;0;0m▘[48;2;252;127;0m[38;2;252;127;0m [48;2;252;127;0m[38;2;252;127;0m [48;2;252;127;0m[38;2;252;127;0m [48;2;252;127;0m[38;2;252;127;0m [48;2;252;127;0m[38;2;252;127;0m [48;2;252;127;0m[38;2;252;127;0m [48;2;252;127;0m[38;2;252;127;0m [48;2;252;127;0m[38;2;252;127;0m [48;2;252;127;0m[38;2;252;127;0m [48;2;252;127;0m[38;2;252;127;0m [48;2;252;127;0m[38;2;252;127;0m [48;2;252;127;0m[38;2;252;127;0m [48;2;127;0;0m[38;2;0;0;0m▝[48;2;0;0;0m[38;2;255;255;0m▝[48;2;255;255;0m[38;2;255;255;0m [48;2;255;255;0m[38;2;0;0;0m▗[48;2;0;0;127m[38;2;0;0;0m▘[48;2;0;0;127m[38;2;0;0;127m [48;2;0;0;127m[38;2;0;0;127m [48;2;0;0;127m[38;2;0;0;127m [48;2;0;0;127m[38;2;0;0;127m [48;2;0;0;127m[38;2;0;0;127m [48;2;0;0;127m[38;2;0;0;127m [48;2;0;0;127m[38;2;0;0;127m [48;2;0;0;127m[38;2;0;0;127m [48;2;0;0;127m[38;2;0;0;127m [48;2;0;0;127m[38;2;0;0;127m [48;2;0;0;127m[38;2;0;0;127m [48;2;0;0;127m[38;2;0;0;127m [48;2;0;0;127m[38;2;0;0;127m [48;2;0;0;127m[38;2;0;0;127m [48;2;0;0;127m[38;2;0;0;127m [48;2;0;0;127m[38;2;0;0;63m [48;2;0;0;0m[38;2;0;0;127m▇[48;2;0;0;63m[38;2;0;0;127m▇[48;2;0;0;127m[38;2;0;0;127m [48;2;0;0;127m[38;2;0;0;127m [48;2;0;0;127m[38;2;0;0;127m [48;2;0;0;127m[38;2;0;0;127m [48;2;0;0;127m[38;2;0;0;127m [48;2;0;0;127m[38;2;0;0;127m [48;2;0;0;0m[38;2;0;0;127m▊[48;2;0;0;0m[38;2;255;255;0m▗[48;2;255;255;0m[38;2;255;255;0m [48;2;255;255;0m[38;2;255;255;0m [48;2;255;255;0m[38;2;255;255;0m [48;2;0;0;0m[38;2;255;255;0m▘[48;2;252;127;0m[38;2;127;0;0m▘[48;2;252;127;0m[38;2;252;127;0m [48;2;252;127;0m[38;2;252;127;0m [48;2;252;127;0m[38;2;252;127;0m [48;2;252;127;0m[38;2;252;127;0m [48;2;252;127;0m[38;2;252;127;0m [48;2;252;127;0m[38;2;252;127;0m [48;2;252;127;0m[38;2;252;127;0m [48;2;127;0;0m[38;2;252;127;0m▄[48;2;255;255;0m[38;2;127;0;0m▃[48;2;0;0;0m[38;2;127;0;0m▄[48;2;127;0;0m[38;2;252;127;0m▄[48;2;252;127;0m[38;2;252;127;0m [48;2;252;127;0m[38;2;252;127;0m [48;2;252;127;0m[38;2;252;127;0m [48;2;252;127;0m[38;2;252;127;0m [48;2;252;127;0m[38;2;252;127;0m [48;2;252;127;0m[38;2;252;127;0m [48;2;252;127;0m[38;2;252;127;0m [48;2;252;127;0m[38;2;252;127;0m [0m
