[48;2;127;127;127m[38;2;129;129;129m▇[48;2;159;159;159m[38;2;129;129;129m▂[48;2;129;129;129m[38;2;159;159;159m▇▂[48;2;127;127;127m[38;2;129;129;129m▇[48;2;129;129;129m[38;2;159;159;159m▊[48;2;101;101;101m[38;2;101;101;101m▎    [48;2;101;101;101m[38;2;127;127;127m▄[48;2;127;127;127m[38;2;0;0;0m  [48;2;101;101;101m[38;2;0;0;0m [48;2;127;127;127m[38;2;101;101;101m▅[48;2;101;101;101m[38;2;0;0;0m [48;2;127;127;127m[38;2;101;101;101m▅[48;2;101;101;101m[38;2;0;0;0m [48;2;127;127;127m[38;2;101;101;101m▅▀▐ [48;2;101;101;101m[38;2;127;127;127m▄▌▐▇▇▇▄▂▁[48;2;101;101;101m[38;2;101;101;101m▇[48;2;77;77;77m[38;2;101;101;101m▌  [48;2;54;54;54m[38;2;77;77;77m▄▂[48;2;77;77;77m[38;2;54;54;54m▅▅▜[48;2;54;54;54m[38;2;77;77;77m            ▅     [48;2;0;0;0m[38;2;54;54;54m▄▃▂ ▝[48;2;54;54;54m[38;2;0;0;0m        [48;2;77;77;77m[38;2;54;54;54m▄   [48;2;77;77;77m[38;2;101;101;101m▁▄[48;2;101;101;101m[38;2;0;0;0m  [0m
[48;2;129;129;129m[38;2;0;0;0m   [48;2;159;159;159m[38;2;129;129;129m▖ [48;2;129;129;129m[38;2;159;159;159m▊[48;2;127;127;127m[38;2;129;129;129m▎[48;2;101;101;101m[38;2;0;0;0m      [48;2;127;127;127m[38;2;101;101;101m▄[48;2;101;101;101m[38;2;0;0;0m    [48;2;127;127;127m[38;2;0;0;0m   [48;2;101;101;101m[38;2;0;0;0m  [48;2;101;101;101m[38;2;0;0;0m▃▄[48;2;127;127;127m[38;2;0;0;0m▅▆▆▇▇▆▆▆[48;2;101;101;101m[38;2;0;0;0m▄[48;2;77;77;77m[38;2;0;0;0m▃▂▁  [48;2;54;54;54m[38;2;77;77;77m▄     [48;2;77;77;77m[38;2;54;54;54m▅[48;2;54;54;54m[38;2;0;0;0m    [48;2;54;54;54m[38;2;19;19;19m▃▅ [48;2;77;77;77m[38;2;54;54;54m▌ [48;2;54;54;54m[38;2;77;77;77m▆          ▐▎  ▃▗▖▟[48;2;77;77;77m[38;2;0;0;0m [48;2;77;77;77m[38;2;101;101;101m▆[48;2;101;101;101m[38;2;0;0;0m    [0m
[48;2;129;129;129m[38;2;0;0;0m    [48;2;159;159;159m[38;2;0;0;0m [48;2;129;129;129m[38;2;159;159;159m▊[48;2;127;127;127m[38;2;129;129;129m▎[48;2;101;101;101m[38;2;0;0;0m    [48;2;101;101;101m[38;2;127;127;127m▗     ▝  [48;2;101;101;101m[38;2;0;0;0m▃[48;2;127;127;127m[38;2;0;0;0m▆[48;2;0;0;0m[38;2;0;0;0m               [48;2;77;77;77m[38;2;0;0;0m▇▅▃ [48;2;54;54;54m[38;2;77;77;77m▅▆  [48;2;40;40;40m[38;2;54;54;54m▊[48;2;40;40;40m[38;2;19;19;19m▆[48;2;54;54;54m[38;2;19;19;19m▖ [48;2;40;40;40m[38;2;54;54;54m▄[48;2;19;19;19m[38;2;40;40;40m▄▁▐[48;2;54;54;54m[38;2;0;0;0m [48;2;77;77;77m[38;2;54;54;54m▖  ▝[48;2;54;54;54m[38;2;77;77;77m▄▚▂ ▃▟[48;2;77;77;77m[38;2;0;0;0m [48;2;54;54;54m[38;2;0;0;0m [48;2;54;54;54m[38;2;77;77;77m▗  [48;2;77;77;77m[38;2;54;54;54m▅    [48;2;101;101;101m[38;2;77;77;77m▌     [0m
[48;2;129;129;129m[38;2;127;127;127m▅   [48;2;159;159;159m[38;2;0;0;0m [48;2;129;129;129m[38;2;159;159;159m▊[48;2;127;127;127m[38;2;129;129;129m▎[48;2;101;101;101m[38;2;127;127;127m▖   ▝▎     [48;2;101;101;101m[38;2;0;0;0m▃[48;2;0;0;0m[38;2;0;0;0m                      [48;2;54;54;54m[38;2;0;0;0m▃    [48;2;19;19;19m[38;2;40;40;40m▁▖▜[48;2;54;54;54m[38;2;0;0;0m  [48;2;40;40;40m[38;2;0;0;0m [48;2;54;54;54m[38;2;40;40;40m▊  [48;2;77;77;77m[38;2;54;54;54m▄   [48;2;54;54;54m[38;2;77;77;77m▅[48;2;77;77;77m[38;2;0;0;0m [48;2;54;54;54m[38;2;77;77;77m▗[48;2;77;77;77m[38;2;54;54;54m▂   [48;2;54;54;54m[38;2;0;0;0m  [48;2;54;54;54m[38;2;77;77;77m▄[48;2;77;77;77m[38;2;0;0;0m [48;2;77;77;77m[38;2;54;54;54m▚   [48;2;77;77;77m[38;2;101;101;101m▂[48;2;101;101;101m[38;2;77;77;77m▄▂   [0m
[48;2;127;127;127m[38;2;0;0;0m [48;2;129;129;129m[38;2;127;127;127m▌   [48;2;129;129;129m[38;2;159;159;159m▊[48;2;127;127;127m[38;2;129;129;129m▎ [48;2;101;101;101m[38;2;127;127;127m▅▂       [48;2;0;0;0m[38;2;101;101;101m▘                        [48;2;0;0;0m[38;2;54;54;54m▝[48;2;54;54;54m[38;2;0;0;0m   [48;2;19;19;19m[38;2;40;40;40m▌[48;2;40;40;40m[38;2;19;19;19m▎[48;2;40;40;40m[38;2;54;54;54m▃ [48;2;54;54;54m[38;2;0;0;0m [48;2;40;40;40m[38;2;54;54;54m▊▂[48;2;54;54;54m[38;2;0;0;0m  [48;2;77;77;77m[38;2;54;54;54m▊      [48;2;54;54;54m[38;2;77;77;77m▇▖▜[48;2;77;77;77m[38;2;54;54;54m ▝▀[48;2;54;54;54m[38;2;0;0;0m [48;2;77;77;77m[38;2;0;0;0m     [48;2;77;77;77m[38;2;101;101;101m▝▂  ▜[48;2;101;101;101m[38;2;0;0;0m [0m
[48;2;127;127;127m[38;2;0;0;0m  [48;2;129;129;129m[38;2;127;127;127m▖  [48;2;129;129;129m[38;2;159;159;159m▌[48;2;101;101;101m[38;2;101;101;101m▎[48;2;127;127;127m[38;2;101;101;101m▂▅[48;2;101;101;101m[38;2;127;127;127m▘▁▂▂▁  [48;2;0;0;0m[38;2;101;101;101m▘                          [48;2;54;54;54m[38;2;0;0;0m▊ [48;2;54;54;54m[38;2;77;77;77m▁▁[48;2;40;40;40m[38;2;0;0;0m [48;2;54;54;54m[38;2;77;77;77m▂▂[48;2;40;40;40m[38;2;54;54;54m▅[48;2;54;54;54m[38;2;77;77;77m▁▁▁  ▜[48;2;77;77;77m[38;2;0;0;0m      [48;2;54;54;54m[38;2;77;77;77m▆▃[48;2;77;77;77m[38;2;54;54;54m▆▃  ▝[48;2;54;54;54m[38;2;77;77;77m▂[48;2;77;77;77m[38;2;0;0;0m   [48;2;101;101;101m[38;2;0;0;0m  [48;2;77;77;77m[38;2;101;101;101m▎▁[48;2;101;101;101m[38;2;127;127;127m ▂[0m
[48;2;127;127;127m[38;2;0;0;0m   [48;2;129;129;129m[38;2;127;127;127m▖ [48;2;127;127;127m[38;2;129;129;129m▊[48;2;101;101;101m[38;2;127;127;127m▂[48;2;101;101;101m[38;2;101;101;101m▆[48;2;127;127;127m[38;2;127;127;127m▇[48;2;127;127;127m[38;2;129;129;129m▚   [48;2;129;129;129m[38;2;127;127;127m▎[48;2;127;127;127m[38;2;0;0;0m [48;2;0;0;0m[38;2;127;127;127m▊                            [48;2;101;101;101m[38;2;77;77;77m▄▐[48;2;77;77;77m[38;2;0;0;0m  [48;2;77;77;77m[38;2;77;77;77m▅    [48;2;77;77;77m[38;2;101;101;101m▂[48;2;101;101;101m[38;2;77;77;77m▃▜[48;2;54;54;54m[38;2;77;77;77m▄[48;2;77;77;77m[38;2;101;101;101m▁        [48;2;101;101;101m[38;2;101;101;101m▝ ▂▃ [48;2;101;101;101m[38;2;77;77;77m▝[48;2;77;77;77m[38;2;101;101;101m ▁[48;2;101;101;101m[38;2;127;127;127m▗▆[48;2;127;127;127m[38;2;0;0;0m  [48;2;101;101;101m[38;2;127;127;127m▖[48;2;127;127;127m[38;2;101;101;101m▅[0m
[48;2;127;127;127m[38;2;129;129;129m▃   ▜▊ [48;2;127;127;127m[38;2;101;101;101m▝▙      [48;2;0;0;0m[38;2;127;127;127m▌         [48;2;255;255;156m[38;2;0;0;0m▊[48;2;0;0;0m[38;2;255;255;156m▅▄▃▂▁          ▁▁ [48;2;77;77;77m[38;2;0;0;0m▎      [48;2;101;101;101m[38;2;77;77;77m▁  ▘[48;2;77;77;77m[38;2;101;101;101m▄▂ ▘▖     [48;2;54;54;54m[38;2;77;77;77m▂[48;2;101;101;101m[38;2;101;101;101m▖  ▅▝ ▆   [48;2;127;127;127m[38;2;101;101;101m▖  [48;2;127;127;127m[38;2;129;129;129m▗[0m
[48;2;129;129;129m[38;2;0;0;0m  [48;2;127;127;127m[38;2;129;129;129m▆▖▐▊  [48;2;127;127;127m[38;2;101;101;101m▝▙▄▂   [48;2;0;0;0m[38;2;0;0;0m  [48;2;0;0;0m[38;2;255;255;156m▂       ▐[48;2;255;255;156m[38;2;0;0;0m   ▂   [48;2;0;0;0m[38;2;255;255;156m▇▇▇▇▇[48;2;255;255;156m[38;2;0;0;0m     [48;2;0;0;0m[38;2;0;0;0m [48;2;77;77;77m[38;2;0;0;0m▎ [48;2;77;77;77m[38;2;54;54;54m▗▊ [48;2;77;77;77m[38;2;101;101;101m▄▙▖▜[48;2;101;101;101m[38;2;0;0;0m    [48;2;77;77;77m[38;2;101;101;101m▆▅▂[48;2;54;54;54m[38;2;101;101;101m▃[48;2;77;77;77m[38;2;0;0;0m [48;2;77;77;77m[38;2;54;54;54m▖   [48;2;101;101;101m[38;2;0;0;0m          [48;2;127;127;127m[38;2;0;0;0m   [48;2;129;129;129m[38;2;127;127;127m▃[0m
[48;2;129;129;129m[38;2;127;127;127m▅   [48;2;127;127;127m[38;2;129;129;129m▃▐[48;2;127;127;127m[38;2;101;101;101m▃▆▇[48;2;77;77;77m[38;2;101;101;101m▌[48;2;101;101;101m[38;2;77;77;77m▆▄[48;2;127;127;127m[38;2;101;101;101m▖  [48;2;0;0;0m[38;2;0;0;0m [48;2;255;255;156m[38;2;0;0;0m▘▖▐[48;2;0;0;0m[38;2;0;0;0m      [48;2;255;255;156m[38;2;0;0;0m    [48;2;0;0;0m[38;2;255;255;156m▇▃[48;2;255;255;156m[38;2;0;0;0m▅▃▁        ▁[48;2;0;0;0m[38;2;0;0;0m [48;2;77;77;77m[38;2;54;54;54m▆▐▇▇▇▇[48;2;101;101;101m[38;2;54;54;54m▆[48;2;101;101;101m[38;2;77;77;77m▅[48;2;77;77;77m[38;2;77;77;77m▖[48;2;101;101;101m[38;2;77;77;77m▆▖     [48;2;101;101;101m[38;2;127;127;127m▖[48;2;77;77;77m[38;2;0;0;0m  [48;2;77;77;77m[38;2;101;101;101m▊▖ [48;2;101;101;101m[38;2;0;0;0m       [48;2;101;101;101m[38;2;77;77;77m ▃▆▖[48;2;127;127;127m[38;2;101;101;101m▇▆▃[0m
[48;2;127;127;127m[38;2;0;0;0m [48;2;129;129;129m[38;2;127;127;127m▊   [48;2;127;127;127m[38;2;129;129;129m▊[48;2;101;101;101m[38;2;101;101;101m▎   [48;2;77;77;77m[38;2;101;101;101m▖  [48;2;127;127;127m[38;2;101;101;101m▅[48;2;0;0;0m[38;2;127;127;127m▊[48;2;255;255;156m[38;2;0;0;0m▌ [48;2;0;0;0m[38;2;255;255;156m▎▜▖    ▟[48;2;255;255;156m[38;2;0;0;0m      ▁▂[48;2;0;0;0m[38;2;0;0;0m  [48;2;255;255;156m[38;2;0;0;0m━   ▄▇[48;2;0;0;0m[38;2;255;255;156m▃▅[48;2;77;77;77m[38;2;0;0;0m▊ [48;2;54;54;54m[38;2;77;77;77m▖▁▁[48;2;54;54;54m[38;2;101;101;101m▂[48;2;77;77;77m[38;2;101;101;101m▂▂[48;2;54;54;54m[38;2;101;101;101m▄[48;2;77;77;77m[38;2;101;101;101m▃▆▟[48;2;101;101;101m[38;2;77;77;77m ▖[48;2;101;101;101m[38;2;127;127;127m▃  ▖[48;2;77;77;77m[38;2;101;101;101m▎ ▄▘ [48;2;101;101;101m[38;2;0;0;0m       [48;2;77;77;77m[38;2;101;101;101m▊   ▀[48;2;101;101;101m[38;2;0;0;0m  [0m
[48;2;127;127;127m[38;2;129;129;129m▊  ▐[48;2;129;129;129m[38;2;0;0;0m [48;2;127;127;127m[38;2;129;129;129m▊[48;2;101;101;101m[38;2;101;101;101m▎    [48;2;77;77;77m[38;2;101;101;101m▖ [48;2;101;101;101m[38;2;77;77;77m▊ [48;2;255;255;156m[38;2;0;0;0m▌  [48;2;0;0;0m[38;2;0;0;0m [48;2;255;255;156m[38;2;0;0;0m▃▝[48;2;0;0;0m[38;2;0;0;0m  [48;2;255;255;156m[38;2;0;0;0m▊      [48;2;0;0;0m[38;2;255;255;156m▄▆▄[48;2;255;255;156m[38;2;0;0;0m [48;2;0;0;0m[38;2;255;255;156m▖[48;2;255;255;156m[38;2;0;0;0m  [48;2;255;255;156m[38;2;0;0;0m▝▌[48;2;0;0;0m[38;2;255;255;156m▇▅▂▖[48;2;101;101;101m[38;2;0;0;0m▌[48;2;77;77;77m[38;2;101;101;101m▆[48;2;101;101;101m[38;2;101;101;101m▇[48;2;77;77;77m[38;2;101;101;101m▆▀[48;2;101;101;101m[38;2;77;77;77m ▗ [48;2;77;77;77m[38;2;101;101;101m▊[48;2;101;101;101m[38;2;77;77;77m▆    [48;2;127;127;127m[38;2;101;101;101m▃▟[48;2;101;101;101m[38;2;0;0;0m [48;2;127;127;127m[38;2;0;0;0m [48;2;77;77;77m[38;2;101;101;101m▄▀[48;2;101;101;101m[38;2;77;77;77m ▀[48;2;77;77;77m[38;2;0;0;0m [48;2;101;101;101m[38;2;0;0;0m       [48;2;77;77;77m[38;2;101;101;101m▊     [48;2;101;101;101m[38;2;77;77;77m▆[0m
[48;2;129;129;129m[38;2;0;0;0m     [48;2;101;101;101m[38;2;127;127;127m▊     [48;2;77;77;77m[38;2;101;101;101m▖ ▐[48;2;101;101;101m[38;2;0;0;0m [48;2;0;0;0m[38;2;101;101;101m▖[48;2;255;255;156m[38;2;0;0;0m  [48;2;255;255;156m[38;2;0;0;0m▌▟  [48;2;0;0;0m[38;2;255;255;156m▖[48;2;255;255;156m[38;2;0;0;0m▊              ▜    [48;2;77;77;77m[38;2;0;0;0m▌[48;2;101;101;101m[38;2;77;77;77m▄▃  ▗[48;2;77;77;77m[38;2;54;54;54m▁[48;2;101;101;101m[38;2;77;77;77m▌▂▂▝   ━  [48;2;127;127;127m[38;2;101;101;101m▄[48;2;77;77;77m[38;2;101;101;101m▎▝[48;2;101;101;101m[38;2;77;77;77m▂ ▄[48;2;101;101;101m[38;2;127;127;127m▎ ▝▊▁  [48;2;77;77;77m[38;2;101;101;101m▊   ▃[48;2;101;101;101m[38;2;77;77;77m▆▃[0m
[48;2;129;129;129m[38;2;0;0;0m    [48;2;127;127;127m[38;2;129;129;129m▅▊[48;2;77;77;77m[38;2;101;101;101m▂[48;2;101;101;101m[38;2;77;77;77m▆   [48;2;77;77;77m[38;2;0;0;0m [48;2;77;77;77m[38;2;40;40;40m▖[48;2;101;101;101m[38;2;0;0;0m [48;2;101;101;101m[38;2;101;101;101m▄ [48;2;0;0;0m[38;2;255;255;156m▝[48;2;255;255;156m[38;2;0;0;0m  [48;2;0;0;0m[38;2;255;255;156m▖[48;2;255;255;156m[38;2;0;0;0m   [48;2;0;0;0m[38;2;255;255;156m▃▝[48;2;255;255;156m[38;2;0;0;0m             [48;2;255;255;156m[38;2;0;0;0m▝▌  ▐[48;2;77;77;77m[38;2;0;0;0m▘ [48;2;77;77;77m[38;2;101;101;101m▃▀▛[48;2;77;77;77m[38;2;54;54;54m▇ ▜▗   [48;2;101;101;101m[38;2;0;0;0m     [48;2;127;127;127m[38;2;101;101;101m▖[48;2;101;101;101m[38;2;127;127;127m▎[48;2;101;101;101m[38;2;77;77;77m▂[48;2;77;77;77m[38;2;0;0;0m  [48;2;101;101;101m[38;2;77;77;77m▂   [48;2;101;101;101m[38;2;127;127;127m▝[48;2;127;127;127m[38;2;0;0;0m [48;2;127;127;127m[38;2;101;101;101m▄[48;2;101;101;101m[38;2;127;127;127m▆▖[48;2;77;77;77m[38;2;101;101;101m   ▐[48;2;101;101;101m[38;2;0;0;0m [48;2;77;77;77m[38;2;101;101;101m▃[0m
[48;2;127;127;127m[38;2;129;129;129m▝[48;2;129;129;129m[38;2;0;0;0m   [48;2;127;127;127m[38;2;0;0;0m [48;2;101;101;101m[38;2;127;127;127m▊▝▆[48;2;101;101;101m[38;2;101;101;101m▅[48;2;101;101;101m[38;2;127;127;127m▄▖[48;2;77;77;77m[38;2;101;101;101m▆[48;2;101;101;101m[38;2;101;101;101m▄    [48;2;0;0;0m[38;2;0;0;0m [48;2;255;255;156m[38;2;0;0;0m▄▁ ▃           ▐ ▗  ▁▊  [48;2;0;0;0m[38;2;0;0;0m [48;2;77;77;77m[38;2;0;0;0m  [48;2;101;101;101m[38;2;77;77;77m▄[48;2;77;77;77m[38;2;0;0;0m  [48;2;54;54;54m[38;2;77;77;77m▃[48;2;77;77;77m[38;2;77;77;77m▁[48;2;77;77;77m[38;2;101;101;101m▁▂[48;2;77;77;77m[38;2;77;77;77m▃[48;2;77;77;77m[38;2;101;101;101m▖  [48;2;101;101;101m[38;2;0;0;0m     [48;2;77;77;77m[38;2;101;101;101m▎    [48;2;101;101;101m[38;2;0;0;0m     [48;2;127;127;127m[38;2;0;0;0m [48;2;101;101;101m[38;2;127;127;127m▅[48;2;127;127;127m[38;2;0;0;0m [48;2;101;101;101m[38;2;127;127;127m▃[48;2;77;77;77m[38;2;127;127;127m▅▄▄[48;2;101;101;101m[38;2;101;101;101m▅[48;2;101;101;101m[38;2;127;127;127m▇[0m
[48;2;127;127;127m[38;2;0;0;0m  [48;2;129;129;129m[38;2;0;0;0m   [48;2;127;127;127m[38;2;129;129;129m▅[48;2;127;127;127m[38;2;101;101;101m▄▄ ▐ [48;2;101;101;101m[38;2;127;127;127m▄ [48;2;77;77;77m[38;2;101;101;101m▌▝[48;2;101;101;101m[38;2;77;77;77m▃ [48;2;0;0;0m[38;2;101;101;101m▌ [48;2;0;0;0m[38;2;255;255;156m▄▃ [48;2;255;255;156m[38;2;0;0;0m                [48;2;0;0;0m[38;2;255;255;156m▆[48;2;255;255;156m[38;2;0;0;0m  [48;2;0;0;0m[38;2;255;255;156m▘[48;2;77;77;77m[38;2;0;0;0m  [48;2;77;77;77m[38;2;101;101;101m▄ ▀[48;2;101;101;101m[38;2;0;0;0m [48;2;77;77;77m[38;2;0;0;0m [48;2;101;101;101m[38;2;77;77;77m▌▗▅▟▊ ▀▖    [48;2;77;77;77m[38;2;101;101;101m▎    [48;2;101;101;101m[38;2;0;0;0m   [48;2;101;101;101m[38;2;0;0;0m▄▅▃▂[48;2;127;127;127m[38;2;101;101;101m▅▃▂  ▜▖[0m
[48;2;127;127;127m[38;2;0;0;0m  [48;2;127;127;127m[38;2;129;129;129m▝[48;2;129;129;129m[38;2;0;0;0m [48;2;129;129;129m[38;2;101;101;101m▃[48;2;129;129;129m[38;2;127;127;127m▃[48;2;101;101;101m[38;2;127;127;127m▌    ▐  [48;2;77;77;77m[38;2;101;101;101m▌[48;2;77;77;77m[38;2;77;77;77m▖[48;2;101;101;101m[38;2;77;77;77m▌▁[48;2;0;0;0m[38;2;101;101;101m▎[48;2;255;255;156m[38;2;0;0;0m  [48;2;0;0;0m[38;2;255;255;156m▌[48;2;255;255;156m[38;2;0;0;0m▎                 ▐[48;2;101;101;101m[38;2;0;0;0m▎  [48;2;101;101;101m[38;2;77;77;77m▂[48;2;77;77;77m[38;2;101;101;101m▆ [48;2;101;101;101m[38;2;77;77;77m▆▀▎ [48;2;77;77;77m[38;2;101;101;101m▁ ▖[48;2;101;101;101m[38;2;77;77;77m▃ [48;2;77;77;77m[38;2;101;101;101m▅[48;2;101;101;101m[38;2;0;0;0m    [48;2;77;77;77m[38;2;0;0;0m▂[48;2;0;0;0m[38;2;0;0;0m  [48;2;77;77;77m[38;2;0;0;0m▆▄[48;2;101;101;101m[38;2;0;0;0m▃▁ [48;2;0;0;0m[38;2;127;127;127m▎ [48;2;101;101;101m[38;2;0;0;0m [48;2;0;0;0m[38;2;101;101;101m▆▅[48;2;101;101;101m[38;2;77;77;77m━[48;2;101;101;101m[38;2;0;0;0m▄[48;2;127;127;127m[38;2;0;0;0m▃  [48;2;101;101;101m[38;2;127;127;127m▃[0m
[48;2;127;127;127m[38;2;129;129;129m▘[48;2;127;127;127m[38;2;101;101;101m▃[48;2;127;127;127m[38;2;129;129;129m▘[48;2;127;127;127m[38;2;77;77;77m▄[48;2;101;101;101m[38;2;0;0;0m  [48;2;127;127;127m[38;2;101;101;101m▆▄[48;2;127;127;127m[38;2;77;77;77m▃▁[48;2;101;101;101m[38;2;77;77;77m▁▁[48;2;101;101;101m[38;2;101;101;101m▂[48;2;127;127;127m[38;2;101;101;101m▅[48;2;101;101;101m[38;2;77;77;77m▃[48;2;77;77;77m[38;2;54;54;54m▅[48;2;40;40;40m[38;2;19;19;19m▄[48;2;77;77;77m[38;2;54;54;54m▅[48;2;255;255;156m[38;2;0;0;0m▊   ▚        ━[48;2;0;0;0m[38;2;255;255;156m▄▂[48;2;255;255;156m[38;2;0;0;0m▇▆▆[48;2;0;0;0m[38;2;255;255;156m▁[48;2;255;255;156m[38;2;0;0;0m  [48;2;0;0;0m[38;2;0;0;0m [48;2;77;77;77m[38;2;0;0;0m [48;2;101;101;101m[38;2;77;77;77m▆▃▂[48;2;77;77;77m[38;2;54;54;54m▁▁▁[48;2;101;101;101m[38;2;77;77;77m▃[48;2;101;101;101m[38;2;54;54;54m▂[48;2;101;101;101m[38;2;77;77;77m▂▄▆[48;2;77;77;77m[38;2;0;0;0m [48;2;54;54;54m[38;2;0;0;0m [48;2;101;101;101m[38;2;77;77;77m▃▃▃▃[48;2;101;101;101m[38;2;0;0;0m▂▆[48;2;0;0;0m[38;2;0;0;0m     [48;2;0;0;0m[38;2;0;64;116m▃[48;2;0;0;0m[38;2;129;129;129m▄    [48;2;101;101;101m[38;2;0;0;0m▁[48;2;77;77;77m[38;2;101;101;101m▊[48;2;101;101;101m[38;2;77;77;77m▆▄▂[48;2;0;0;0m[38;2;101;101;101m▖[48;2;127;127;127m[38;2;101;101;101m▁▁[0m
[48;2;101;101;101m[38;2;0;0;0m [48;2;101;101;101m[38;2;77;77;77m▝[48;2;77;77;77m[38;2;0;0;0m  [48;2;77;77;77m[38;2;101;101;101m▝[48;2;101;101;101m[38;2;0;0;0m  [48;2;77;77;77m[38;2;0;0;0m   [48;2;77;77;77m[38;2;40;40;40m▄ [48;2;77;77;77m[38;2;54;54;54m▄▃ ▗[48;2;54;54;54m[38;2;0;0;0m [48;2;19;19;19m[38;2;54;54;54m▌[48;2;255;255;156m[38;2;0;0;0m▘    ▀▆▃       ▚▄▃   ▟[48;2;54;54;54m[38;2;0;0;0m [48;2;77;77;77m[38;2;0;0;0m     [48;2;54;54;54m[38;2;77;77;77m▖ [48;2;40;40;40m[38;2;54;54;54m▌[48;2;54;54;54m[38;2;40;40;40m▄▃[48;2;77;77;77m[38;2;54;54;54m▃▃     [48;2;0;0;0m[38;2;0;0;0m      [48;2;0;0;0m[38;2;0;64;116m▂▟[48;2;0;64;116m[38;2;159;159;159m▗[48;2;0;0;0m[38;2;159;159;159m▌      [48;2;77;77;77m[38;2;0;0;0m▆▅▃[48;2;0;0;0m[38;2;77;77;77m▊[48;2;101;101;101m[38;2;0;0;0m▊ [0m
[48;2;101;101;101m[38;2;0;0;0m   [48;2;77;77;77m[38;2;101;101;101m▃[48;2;101;101;101m[38;2;0;0;0m   [48;2;77;77;77m[38;2;101;101;101m▊  [48;2;40;40;40m[38;2;77;77;77m▌[48;2;54;54;54m[38;2;40;40;40m▆[48;2;77;77;77m[38;2;40;40;40m▂▀[48;2;77;77;77m[38;2;54;54;54m▘ [48;2;77;77;77m[38;2;0;0;0m▅[48;2;255;255;156m[38;2;19;19;19m▊       [48;2;0;0;0m[38;2;255;255;156m▆▃[48;2;255;255;156m[38;2;0;0;0m▄▁         ▐[48;2;101;101;101m[38;2;0;0;0m▎[48;2;77;77;77m[38;2;0;0;0m      [48;2;77;77;77m[38;2;54;54;54m▗[48;2;54;54;54m[38;2;0;0;0m [48;2;40;40;40m[38;2;0;0;0m [48;2;19;19;19m[38;2;40;40;40m▌[48;2;40;40;40m[38;2;19;19;19m▅▙[48;2;54;54;54m[38;2;40;40;40m▖ [48;2;77;77;77m[38;2;54;54;54m▌[48;2;54;54;54m[38;2;0;0;0m [48;2;77;77;77m[38;2;0;0;0m [48;2;54;54;54m[38;2;0;0;0m▃[48;2;0;0;0m[38;2;0;0;0m     [48;2;0;0;0m[38;2;0;64;116m▅[48;2;0;64;116m[38;2;0;0;0m [48;2;0;64;116m[38;2;159;159;159m▗▛[48;2;0;0;0m[38;2;0;64;116m▁          [48;2;0;0;0m[38;2;101;101;101m▂[48;2;101;101;101m[38;2;0;0;0m [0m
[48;2;101;101;101m[38;2;0;0;0m       [48;2;77;77;77m[38;2;101;101;101m▌   [48;2;54;54;54m[38;2;77;77;77m▖[48;2;40;40;40m[38;2;54;54;54m▁[48;2;54;54;54m[38;2;19;19;19m▄[48;2;77;77;77m[38;2;0;0;0m▅[48;2;0;0;0m[38;2;0;0;0m   [48;2;255;255;156m[38;2;0;0;0m▅         [48;2;0;0;0m[38;2;255;255;156m▆▃[48;2;255;255;156m[38;2;0;0;0m▆▃▂  ▁▂▄[48;2;0;0;0m[38;2;77;77;77m▄[48;2;77;77;77m[38;2;101;101;101m▅▀     [48;2;54;54;54m[38;2;77;77;77m▌  [48;2;40;40;40m[38;2;0;0;0m [48;2;19;19;19m[38;2;40;40;40m▄▅[48;2;54;54;54m[38;2;40;40;40m▊  [48;2;77;77;77m[38;2;0;0;0m [48;2;0;0;0m[38;2;0;0;0m      [48;2;0;64;116m[38;2;0;0;0m▎  [48;2;159;159;159m[38;2;0;64;116m▘▟[48;2;0;64;116m[38;2;0;0;0m  [48;2;0;0;0m[38;2;0;64;116m▆▄▃▁   [48;2;0;0;0m[38;2;101;101;101m▗[48;2;101;101;101m[38;2;0;0;0m   [0m
[48;2;101;101;101m[38;2;0;0;0m         [48;2;77;77;77m[38;2;0;0;0m▃[48;2;54;54;54m[38;2;0;0;0m [48;2;0;39;71m[38;2;0;140;255m▁[48;2;19;19;19m[38;2;0;0;0m▇[48;2;0;0;0m[38;2;0;0;0m       [48;2;255;255;156m[38;2;0;0;0m▄           [48;2;0;0;0m[38;2;255;255;156m▇▆ [48;2;0;0;0m[38;2;77;77;77m▅[48;2;40;40;40m[38;2;77;77;77m▆[48;2;77;77;77m[38;2;0;0;0m          [48;2;54;54;54m[38;2;77;77;77m▄  [48;2;40;40;40m[38;2;54;54;54m▃ ▟[48;2;54;54;54m[38;2;0;0;0m [48;2;54;54;54m[38;2;77;77;77m▗[48;2;0;0;0m[38;2;54;54;54m▌[48;2;0;0;0m[38;2;101;101;101m▗[48;2;0;0;0m[38;2;77;77;77m▌    [48;2;0;64;116m[38;2;0;0;0m  [48;2;159;159;159m[38;2;0;64;116m▘▟[48;2;0;64;116m[38;2;0;0;0m    [48;2;0;64;116m[38;2;0;0;0m▗[48;2;0;0;0m[38;2;159;159;159m▃[48;2;0;0;0m[38;2;255;255;156m▁[48;2;0;64;116m[38;2;0;0;0m▄[48;2;0;64;116m[38;2;77;77;77m▄[48;2;54;54;54m[38;2;0;64;116m▘[48;2;0;0;0m[38;2;0;0;0m [48;2;77;77;77m[38;2;0;0;0m [48;2;101;101;101m[38;2;77;77;77m▅[48;2;77;77;77m[38;2;101;101;101m▄[0m
[48;2;101;101;101m[38;2;0;0;0m   [48;2;101;101;101m[38;2;0;39;71m▁▂[48;2;0;39;71m[38;2;0;0;0m [48;2;0;39;71m[38;2;0;140;255m▂[48;2;0;0;0m[38;2;0;39;71m▊ [48;2;0;0;0m[38;2;0;140;255m▝[48;2;0;140;255m[38;2;0;0;0m▃  [48;2;0;0;0m[38;2;0;140;255m▄▂       [48;2;255;255;156m[38;2;0;0;0m▆▃          [48;2;0;0;0m[38;2;0;0;0m [48;2;77;77;77m[38;2;0;0;0m      [48;2;77;77;77m[38;2;54;54;54m▄▖     ▐[48;2;54;54;54m[38;2;77;77;77m    ▅[48;2;77;77;77m[38;2;0;0;0m [48;2;0;0;0m[38;2;77;77;77m▎[48;2;101;101;101m[38;2;0;0;0m▌[48;2;0;0;0m[38;2;0;0;0m    [48;2;0;64;116m[38;2;0;0;0m▌ [48;2;0;64;116m[38;2;159;159;159m▗▛     [48;2;0;0;0m[38;2;0;64;116m▊[48;2;0;0;0m[38;2;129;129;129m▝[48;2;255;255;156m[38;2;0;0;0m▃▁ [48;2;0;0;0m[38;2;255;255;156m▆▖[48;2;101;101;101m[38;2;77;77;77m▄[48;2;77;77;77m[38;2;0;0;0m [48;2;101;101;101m[38;2;0;0;0m [0m
[48;2;101;101;101m[38;2;0;39;71m▂[48;2;77;77;77m[38;2;0;39;71m▄[48;2;0;39;71m[38;2;0;140;255m▃▅▆[48;2;0;140;255m[38;2;0;0;0m    [48;2;0;0;0m[38;2;0;140;255m▅▃ [48;2;0;140;255m[38;2;0;0;0m▆▂ [48;2;0;0;0m[38;2;0;140;255m▆▃        [48;2;255;255;156m[38;2;0;0;0m▅▃▂  ▂▃▄▆[48;2;0;0;0m[38;2;0;0;0m [48;2;0;0;0m[38;2;77;77;77m▝[48;2;77;77;77m[38;2;0;0;0m   [48;2;54;54;54m[38;2;77;77;77m▃ ▚▁[48;2;77;77;77m[38;2;0;0;0m     [48;2;54;54;54m[38;2;0;0;0m  [48;2;54;54;54m[38;2;77;77;77m▄▀[48;2;77;77;77m[38;2;0;0;0m   [48;2;0;0;0m[38;2;77;77;77m▌     [48;2;0;64;116m[38;2;0;0;0m  [48;2;159;159;159m[38;2;0;0;0m [48;2;0;64;116m[38;2;0;0;0m  [48;2;0;0;0m[38;2;0;64;116m▌[48;2;0;0;0m[38;2;159;159;159m▄[48;2;0;0;0m[38;2;255;255;156m▄▅▅▅▄▅▖▜[48;2;255;255;156m[38;2;0;0;0m [48;2;77;77;77m[38;2;0;0;0m▊[48;2;77;77;77m[38;2;101;101;101m▗[48;2;101;101;101m[38;2;0;0;0m [0m
[48;2;0;39;71m[38;2;0;140;255m▅▅▄[48;2;0;140;255m[38;2;0;99;181m━[48;2;0;140;255m[38;2;0;39;71m▄      [48;2;0;0;0m[38;2;0;140;255m▆▂ [48;2;0;140;255m[38;2;0;0;0m▅   [48;2;0;0;0m[38;2;0;140;255m▄▁                [48;2;0;0;0m[38;2;77;77;77m▝[48;2;77;77;77m[38;2;0;0;0m▃▁  [48;2;54;54;54m[38;2;77;77;77m▃[48;2;77;77;77m[38;2;0;0;0m      [48;2;77;77;77m[38;2;54;54;54m▆[48;2;54;54;54m[38;2;0;0;0m [48;2;77;77;77m[38;2;54;54;54m▖    [48;2;0;0;0m[38;2;77;77;77m▊    [48;2;0;64;116m[38;2;0;0;0m▌ [48;2;159;159;159m[38;2;0;64;116m▘▟[48;2;0;64;116m[38;2;0;0;0m  [48;2;0;0;0m[38;2;0;64;116m▊[48;2;0;0;0m[38;2;77;77;77m▂[48;2;255;255;156m[38;2;0;0;0m━━━━▄▃ ▚ [48;2;0;0;0m[38;2;255;255;156m▎[48;2;77;77;77m[38;2;0;0;0m [48;2;101;101;101m[38;2;77;77;77m▖[0m
[48;2;0;140;255m[38;2;0;0;0m     [48;2;0;39;71m[38;2;0;140;255m▖▜[48;2;0;140;255m[38;2;0;0;0m      [48;2;0;140;255m[38;2;0;0;0m▝[48;2;0;0;0m[38;2;0;0;0m  [48;2;0;140;255m[38;2;0;0;0m▖   [48;2;0;0;0m[38;2;0;140;255m▅▂              ▃▆▃▁[48;2;77;77;77m[38;2;0;0;0m▄         [48;2;77;77;77m[38;2;54;54;54m▄ [48;2;54;54;54m[38;2;0;0;0m  [48;2;54;54;54m[38;2;77;77;77m▘[48;2;0;0;0m[38;2;77;77;77m▌    [48;2;0;64;116m[38;2;0;0;0m [48;2;159;159;159m[38;2;0;64;116m▌▗[48;2;0;64;116m[38;2;0;0;0m    [48;2;77;77;77m[38;2;0;64;116m▅[48;2;255;255;156m[38;2;0;0;0m▆▅▂▁ ▝▙ [48;2;255;255;156m[38;2;54;54;54m▚[48;2;40;40;40m[38;2;0;0;0m▊[48;2;77;77;77m[38;2;0;0;0m  [0m
[48;2;0;140;255m[38;2;0;0;0m      [48;2;0;39;71m[38;2;0;140;255m▖[48;2;0;140;255m[38;2;0;0;0m        [48;2;0;0;0m[38;2;0;140;255m▖ ▜[48;2;0;140;255m[38;2;0;0;0m     [48;2;0;0;0m[38;2;0;140;255m▅▂         ▁▅[48;2;0;140;255m[38;2;0;0;0m    [48;2;0;0;0m[38;2;0;140;255m▆▃[48;2;77;77;77m[38;2;0;0;0m▆▃▁         [48;2;40;40;40m[38;2;54;54;54m▗[48;2;0;0;0m[38;2;0;0;0m    [48;2;0;64;116m[38;2;0;0;0m▌ [48;2;159;159;159m[38;2;0;0;0m [48;2;0;64;116m[38;2;0;0;0m     [48;2;0;0;0m[38;2;77;77;77m▄[48;2;0;0;0m[38;2;255;255;156m▆[48;2;255;255;156m[38;2;0;0;0m [48;2;0;0;0m[38;2;255;255;156m▆▅▃▀[48;2;255;255;156m[38;2;0;0;0m [48;2;54;54;54m[38;2;255;255;156m▃[48;2;255;255;156m[38;2;0;0;0m [48;2;77;77;77m[38;2;0;0;0m▊  [0m
[48;2;0;140;255m[38;2;0;0;0m       [48;2;0;140;255m[38;2;0;39;71m▊        [48;2;0;0;0m[38;2;0;140;255m▖ ▜[48;2;0;140;255m[38;2;0;0;0m       [48;2;0;0;0m[38;2;0;140;255m▆▄▃▂▁▂▄[48;2;0;140;255m[38;2;0;0;0m          [48;2;0;0;0m[38;2;0;140;255m▅▖[48;2;77;77;77m[38;2;0;0;0m▅      [48;2;54;54;54m[38;2;0;0;0m  [48;2;0;0;0m[38;2;54;54;54m▊    [48;2;0;64;116m[38;2;0;0;0m [48;2;159;159;159m[38;2;0;64;116m▘[48;2;0;64;116m[38;2;129;129;129m▌     [48;2;0;0;0m[38;2;0;64;116m▅▄[48;2;159;159;159m[38;2;77;77;77m▘[48;2;255;255;156m[38;2;0;0;0m▆[48;2;255;255;156m[38;2;54;54;54m▖ [48;2;255;255;156m[38;2;0;0;0m▝[48;2;255;255;156m[38;2;54;54;54m▆ [48;2;0;0;0m[38;2;255;255;156m▘[48;2;77;77;77m[38;2;0;0;0m▘  [0m
[48;2;0;140;255m[38;2;0;0;0m       [48;2;0;39;71m[38;2;0;140;255m▎[48;2;0;140;255m[38;2;0;0;0m         [48;2;0;0;0m[38;2;0;0;0m  [48;2;0;140;255m[38;2;0;0;0m▖                        [48;2;0;0;0m[38;2;0;140;255m▊ ▃[48;2;54;54;54m[38;2;0;0;0m▄[48;2;77;77;77m[38;2;0;0;0m [48;2;77;77;77m[38;2;54;54;54m▂▄▄[48;2;54;54;54m[38;2;0;0;0m   [48;2;0;0;0m[38;2;54;54;54m▊  [48;2;0;0;0m[38;2;77;77;77m▂[48;2;0;64;116m[38;2;0;0;0m▄[48;2;129;129;129m[38;2;0;0;0m▂[48;2;0;64;116m[38;2;0;0;0m       [48;2;159;159;159m[38;2;0;64;116m▘[48;2;0;0;0m[38;2;159;159;159m▘[48;2;54;54;54m[38;2;255;255;156m▗▂[48;2;255;255;156m[38;2;0;0;0m   [48;2;54;54;54m[38;2;255;255;156m▎[48;2;0;0;0m[38;2;77;77;77m▆[48;2;77;77;77m[38;2;0;0;0m [48;2;101;101;101m[38;2;77;77;77m▘[48;2;77;77;77m[38;2;0;0;0m [0m
[48;2;0;140;255m[38;2;0;0;0m       [48;2;0;39;71m[38;2;0;140;255m▌▐[48;2;0;140;255m[38;2;0;0;0m        [48;2;0;140;255m[38;2;0;0;0m▝[48;2;0;0;0m[38;2;0;0;0m  [48;2;0;140;255m[38;2;0;0;0m                 [48;2;0;140;255m[38;2;0;39;71m▃▁      [48;2;0;0;0m[38;2;0;140;255m▎[48;2;0;140;255m[38;2;0;0;0m▎▝[48;2;0;0;0m[38;2;77;77;77m▝[48;2;54;54;54m[38;2;77;77;77m▖  ▗ ▃[48;2;0;0;0m[38;2;77;77;77m▊ [48;2;77;77;77m[38;2;0;0;0m   [48;2;0;0;0m[38;2;77;77;77m▆[48;2;0;0;0m[38;2;54;54;54m▄[48;2;0;0;0m[38;2;159;159;159m▁▁[48;2;0;64;116m[38;2;0;0;0m▄▃▂[48;2;129;129;129m[38;2;0;64;116m▘[48;2;127;127;127m[38;2;0;0;0m▆[48;2;0;0;0m[38;2;255;255;156m▄[48;2;255;255;156m[38;2;0;0;0m   [48;2;255;255;156m[38;2;0;0;0m▃[48;2;255;255;156m[38;2;54;54;54m▆[48;2;77;77;77m[38;2;0;0;0m▘  [48;2;101;101;101m[38;2;77;77;77m▌▗[0m
[48;2;0;140;255m[38;2;0;0;0m       [48;2;0;39;71m[38;2;0;140;255m▊▐[48;2;0;140;255m[38;2;0;0;0m         [48;2;0;0;0m[38;2;0;140;255m▖ ▐[48;2;0;140;255m[38;2;0;0;0m                [48;2;0;39;71m[38;2;0;0;0m [48;2;0;39;71m[38;2;255;255;156m▄▁[48;2;0;140;255m[38;2;0;39;71m▂    [48;2;0;0;0m[38;2;0;140;255m▊[48;2;0;140;255m[38;2;0;0;0m▊ ▜[48;2;77;77;77m[38;2;0;0;0m▌[48;2;77;77;77m[38;2;54;54;54m▝▜[48;2;54;54;54m[38;2;0;0;0m [48;2;77;77;77m[38;2;0;0;0m  [48;2;0;0;0m[38;2;77;77;77m▌[48;2;54;54;54m[38;2;0;0;0m▌[48;2;77;77;77m[38;2;54;54;54m▅▗▅[48;2;77;77;77m[38;2;0;39;71m▗[48;2;0;39;71m[38;2;0;140;255m▂[48;2;255;255;156m[38;2;77;77;77m▌[48;2;0;0;0m[38;2;255;255;156m▘[48;2;159;159;159m[38;2;0;0;0m▌[48;2;255;255;156m[38;2;0;0;0m [48;2;0;0;0m[38;2;255;255;156m▆▄[48;2;255;255;156m[38;2;0;0;0m  [48;2;255;255;156m[38;2;0;0;0m▂[48;2;255;255;156m[38;2;54;54;54m▅[48;2;77;77;77m[38;2;0;0;0m  [48;2;77;77;77m[38;2;101;101;101m▅▃  [48;2;101;101;101m[38;2;0;0;0m  [0m
[48;2;0;140;255m[38;2;0;0;0m       [48;2;0;0;0m[38;2;0;140;255m▊[48;2;0;140;255m[38;2;0;39;71m▌          [48;2;0;0;0m[38;2;0;0;0m  [48;2;0;140;255m[38;2;0;0;0m▎               [48;2;0;39;71m[38;2;0;0;0m [48;2;255;255;156m[38;2;0;0;0m  [48;2;0;39;71m[38;2;255;255;156m▄[48;2;0;140;255m[38;2;0;39;71m▅▖   [48;2;0;140;255m[38;2;0;0;0m▊ [48;2;0;0;0m[38;2;0;140;255m▊[48;2;77;77;77m[38;2;0;0;0m▊  [48;2;54;54;54m[38;2;0;0;0m [48;2;77;77;77m[38;2;0;0;0m  [48;2;0;0;0m[38;2;101;101;101m▎[48;2;54;54;54m[38;2;0;0;0m▎   [48;2;0;39;71m[38;2;0;0;0m [48;2;0;140;255m[38;2;0;39;71m▂[48;2;0;0;0m[38;2;0;140;255m▘[48;2;159;159;159m[38;2;0;0;0m▊[48;2;255;255;156m[38;2;0;0;0m [48;2;255;255;156m[38;2;77;77;77m▄[48;2;255;255;156m[38;2;0;0;0m▃▂[48;2;255;255;156m[38;2;54;54;54m▄[48;2;0;0;0m[38;2;127;127;127m▎[48;2;0;39;71m[38;2;0;0;0m [48;2;77;77;77m[38;2;0;39;71m▌  [48;2;101;101;101m[38;2;77;77;77m▌  [48;2;77;77;77m[38;2;0;0;0m [48;2;101;101;101m[38;2;0;0;0m  [0m
[48;2;0;140;255m[38;2;0;0;0m       [48;2;0;39;71m[38;2;0;140;255m▌▐[48;2;0;140;255m[38;2;0;0;0m          [48;2;0;0;0m[38;2;0;140;255m▌ [48;2;0;140;255m[38;2;0;0;0m▊               [48;2;0;39;71m[38;2;0;140;255m▎[48;2;255;255;156m[38;2;0;0;0m    [48;2;0;39;71m[38;2;255;255;156m▖[48;2;0;140;255m[38;2;0;39;71m▖  [48;2;0;0;0m[38;2;0;0;0m [48;2;0;140;255m[38;2;0;0;0m  [48;2;54;54;54m[38;2;0;0;0m▊[48;2;77;77;77m[38;2;0;0;0m  [48;2;54;54;54m[38;2;77;77;77m▅▄[48;2;77;77;77m[38;2;54;54;54m▊[48;2;0;0;0m[38;2;0;0;0m [48;2;54;54;54m[38;2;0;0;0m▎▟ [48;2;0;39;71m[38;2;54;54;54m▌[48;2;77;77;77m[38;2;0;0;0m▁[48;2;0;0;0m[38;2;0;0;0m [48;2;0;140;255m[38;2;0;39;71m▖[48;2;0;39;71m[38;2;0;140;255m▃[48;2;255;255;156m[38;2;0;39;71m▄   ▗[48;2;0;39;71m[38;2;0;140;255m▗▌[48;2;77;77;77m[38;2;0;39;71m▌ [48;2;77;77;77m[38;2;101;101;101m▄▖[48;2;101;101;101m[38;2;77;77;77m▂ [48;2;77;77;77m[38;2;101;101;101m▃ [48;2;101;101;101m[38;2;0;0;0m [0m
[48;2;0;140;255m[38;2;0;0;0m       [48;2;0;39;71m[38;2;0;140;255m▎[48;2;0;140;255m[38;2;0;0;0m            [48;2;0;0;0m[38;2;0;140;255m▎ [48;2;0;140;255m[38;2;0;0;0m▎              [48;2;0;39;71m[38;2;0;140;255m▎[48;2;255;255;156m[38;2;0;0;0m     [48;2;0;39;71m[38;2;255;255;156m▖[48;2;0;140;255m[38;2;0;39;71m▖ [48;2;0;0;0m[38;2;0;0;0m [48;2;0;140;255m[38;2;0;0;0m  [48;2;0;0;0m[38;2;0;0;0m [48;2;77;77;77m[38;2;0;0;0m   [48;2;54;54;54m[38;2;77;77;77m▊ [48;2;0;0;0m[38;2;0;0;0m [48;2;54;54;54m[38;2;0;0;0m   [48;2;0;39;71m[38;2;0;0;0m▃[48;2;0;0;0m[38;2;0;0;0m [48;2;54;54;54m[38;2;255;255;156m▆[48;2;0;39;71m[38;2;255;255;156m▂[48;2;0;140;255m[38;2;0;39;71m▃[48;2;0;39;71m[38;2;0;140;255m▇▄[48;2;255;255;156m[38;2;0;39;71m▆▆[48;2;0;39;71m[38;2;0;140;255m▃▊[48;2;0;39;71m[38;2;77;77;77m▗[48;2;77;77;77m[38;2;0;0;0m  [48;2;101;101;101m[38;2;77;77;77m▘ [48;2;77;77;77m[38;2;101;101;101m▅[48;2;101;101;101m[38;2;0;0;0m  [48;2;77;77;77m[38;2;0;0;0m  [0m
[48;2;0;140;255m[38;2;0;0;0m       [48;2;0;39;71m[38;2;0;0;0m [48;2;0;140;255m[38;2;0;0;0m            [48;2;0;0;0m[38;2;0;140;255m▊ [48;2;0;140;255m[38;2;0;0;0m▊              [48;2;0;39;71m[38;2;0;140;255m▎[48;2;255;255;156m[38;2;0;39;71m▎     [48;2;0;39;71m[38;2;0;0;0m [48;2;0;0;0m[38;2;0;140;255m▊[48;2;0;140;255m[38;2;0;0;0m▊  [48;2;0;0;0m[38;2;0;0;0m [48;2;77;77;77m[38;2;0;0;0m    [48;2;0;0;0m[38;2;77;77;77m▊ [48;2;54;54;54m[38;2;0;0;0m [48;2;54;54;54m[38;2;77;77;77m▄[48;2;0;0;0m[38;2;0;39;71m▁[48;2;0;0;0m[38;2;255;255;156m▄[48;2;0;39;71m[38;2;0;0;0m [48;2;0;39;71m[38;2;0;140;255m▖[48;2;255;255;156m[38;2;0;39;71m▖[48;2;0;39;71m[38;2;255;255;156m▆▂[48;2;0;140;255m[38;2;0;39;71m▄▂▁▂▟[48;2;77;77;77m[38;2;0;39;71m▎  [48;2;77;77;77m[38;2;101;101;101m▄[48;2;101;101;101m[38;2;0;0;0m   [48;2;77;77;77m[38;2;101;101;101m▌  [0m
[48;2;0;140;255m[38;2;0;0;0m      [48;2;0;39;71m[38;2;0;140;255m▊▐[48;2;0;140;255m[38;2;0;0;0m             [48;2;0;0;0m[38;2;0;140;255m▖ ▜[48;2;0;140;255m[38;2;0;0;0m             [48;2;0;39;71m[38;2;0;140;255m▎[48;2;255;255;156m[38;2;0;39;71m▎ ▗[48;2;0;39;71m[38;2;0;140;255m▗▃[48;2;255;255;156m[38;2;0;39;71m▅[48;2;0;39;71m[38;2;0;140;255m▂[48;2;0;0;0m[38;2;0;140;255m▌▐[48;2;0;140;255m[38;2;0;0;0m  [48;2;0;0;0m[38;2;0;0;0m [48;2;77;77;77m[38;2;0;0;0m    [48;2;0;0;0m[38;2;77;77;77m▊ ▀ [48;2;0;39;71m[38;2;0;0;0m [48;2;255;255;156m[38;2;0;39;71m▖▝[48;2;0;39;71m[38;2;0;140;255m▝▄[48;2;255;255;156m[38;2;0;39;71m▄▁ [48;2;0;39;71m[38;2;255;255;156m▆▆▆▎[48;2;54;54;54m[38;2;0;39;71m▎[48;2;77;77;77m[38;2;54;54;54m▃  [48;2;101;101;101m[38;2;77;77;77m▖▗[48;2;77;77;77m[38;2;0;0;0m    [0m
[48;2;0;140;255m[38;2;0;0;0m      [48;2;0;39;71m[38;2;0;140;255m▎[48;2;0;140;255m[38;2;0;0;0m [48;2;0;140;255m[38;2;0;39;71m▄▎            [48;2;0;0;0m[38;2;0;0;0m  [48;2;0;140;255m[38;2;0;0;0m             [48;2;0;39;71m[38;2;0;140;255m▌[48;2;255;255;156m[38;2;0;39;71m▎▗[48;2;0;39;71m[38;2;0;140;255m▗[48;2;0;140;255m[38;2;0;0;0m    [48;2;0;0;0m[38;2;0;0;0m [48;2;0;140;255m[38;2;0;0;0m    [48;2;0;39;71m[38;2;0;0;0m [48;2;77;77;77m[38;2;0;0;0m   [48;2;0;0;0m[38;2;54;54;54m▌ [48;2;54;54;54m[38;2;0;39;71m▄[48;2;0;39;71m[38;2;0;140;255m▗[48;2;0;140;255m[38;2;0;0;0m [48;2;0;39;71m[38;2;0;140;255m▖[48;2;255;255;156m[38;2;0;39;71m▃ [48;2;0;39;71m[38;2;255;255;156m▂[48;2;0;140;255m[38;2;0;39;71m▃[48;2;0;39;71m[38;2;0;140;255m▅▄▃[48;2;255;255;156m[38;2;0;39;71m▆▇[48;2;0;0;0m[38;2;0;39;71m▌[48;2;54;54;54m[38;2;0;0;0m▎ [48;2;77;77;77m[38;2;0;0;0m      [48;2;77;77;77m[38;2;54;54;54m▅[48;2;54;54;54m[38;2;0;0;0m [0m
[48;2;0;140;255m[38;2;0;0;0m      [48;2;0;39;71m[38;2;0;0;0m [48;2;0;39;71m[38;2;0;140;255m▘[48;2;0;140;255m[38;2;0;0;0m              [48;2;0;140;255m[38;2;0;0;0m▝[48;2;0;0;0m[38;2;0;0;0m [48;2;0;0;0m[38;2;0;140;255m▝[48;2;0;140;255m[38;2;0;0;0m            [48;2;0;39;71m[38;2;0;140;255m▌[48;2;255;255;156m[38;2;0;0;0m [48;2;0;39;71m[38;2;0;140;255m▗[48;2;0;140;255m[38;2;0;0;0m    [48;2;0;0;0m[38;2;0;140;255m▊▐[48;2;0;140;255m[38;2;0;0;0m     [48;2;0;0;0m[38;2;54;54;54m▝▛[48;2;0;0;0m[38;2;77;77;77m▄ [48;2;54;54;54m[38;2;0;0;0m▌[48;2;0;39;71m[38;2;0;140;255m▗[48;2;0;140;255m[38;2;0;0;0m   [48;2;0;39;71m[38;2;0;140;255m▄[48;2;0;39;71m[38;2;255;255;156m▝[48;2;255;255;156m[38;2;0;0;0m [48;2;0;39;71m[38;2;255;255;156m▆▄▃▂▁ [48;2;0;0;0m[38;2;0;39;71m▎ [48;2;54;54;54m[38;2;0;0;0m▆  [48;2;77;77;77m[38;2;54;54;54m▂▁▖[48;2;54;54;54m[38;2;77;77;77m▊[48;2;77;77;77m[38;2;54;54;54m▅ [0m
[48;2;0;140;255m[38;2;0;0;0m     [48;2;0;39;71m[38;2;0;140;255m▌ ▟[48;2;0;140;255m[38;2;0;0;0m               [48;2;0;0;0m[38;2;0;140;255m▎ ▜[48;2;0;140;255m[38;2;0;0;0m           [48;2;0;140;255m[38;2;0;39;71m▝▀▘    [48;2;0;0;0m[38;2;0;0;0m [48;2;0;140;255m[38;2;0;0;0m    [48;2;0;140;255m[38;2;0;0;0m▗▆[48;2;0;0;0m[38;2;0;0;0m [48;2;77;77;77m[38;2;0;0;0m▌ [48;2;0;0;0m[38;2;0;0;0m  [48;2;0;140;255m[38;2;0;39;71m▎    [48;2;0;39;71m[38;2;0;140;255m▆▂[48;2;255;255;156m[38;2;0;39;71m▄▃▃▃▃[48;2;0;39;71m[38;2;0;0;0m [48;2;0;0;0m[38;2;0;0;0m     [48;2;54;54;54m[38;2;0;0;0m▖    [48;2;54;54;54m[38;2;77;77;77m▝[0m
[48;2;0;140;255m[38;2;0;0;0m     [48;2;0;39;71m[38;2;0;0;0m [48;2;0;140;255m[38;2;0;0;0m                 [48;2;0;140;255m[38;2;0;0;0m▝[48;2;0;0;0m[38;2;0;0;0m  [48;2;0;140;255m[38;2;0;0;0m▖                [48;2;0;0;0m[38;2;0;140;255m▊[48;2;0;140;255m[38;2;0;0;0m▊   ▅[48;2;0;0;0m[38;2;0;0;0m [48;2;0;0;0m[38;2;0;140;255m▅[48;2;0;140;255m[38;2;0;0;0m [48;2;0;0;0m[38;2;0;0;0m [48;2;77;77;77m[38;2;0;0;0m [48;2;0;0;0m[38;2;0;0;0m [48;2;0;140;255m[38;2;0;39;71m▊         [48;2;0;39;71m[38;2;0;140;255m▇▇▎[48;2;0;0;0m[38;2;0;39;71m▘ [48;2;54;54;54m[38;2;0;0;0m▎[48;2;0;0;0m[38;2;54;54;54m▆[48;2;54;54;54m[38;2;0;0;0m  [48;2;54;54;54m[38;2;77;77;77m▄▄▎ ▗[48;2;77;77;77m[38;2;0;0;0m [0m
[48;2;0;140;255m[38;2;0;0;0m    [48;2;0;39;71m[38;2;0;140;255m▊[48;2;0;140;255m[38;2;0;39;71m▊  [48;2;0;39;71m[38;2;0;140;255m▆▄▄[48;2;0;140;255m[38;2;0;39;71m▄▃▁          [48;2;0;140;255m[38;2;0;0;0m▝[48;2;0;0;0m[38;2;0;0;0m  [48;2;0;140;255m[38;2;0;0;0m▂▂▂▃▃▃▄▄▄▃▃     [48;2;0;0;0m[38;2;0;0;0m [48;2;0;140;255m[38;2;0;0;0m  [48;2;0;140;255m[38;2;0;0;0m▄[48;2;0;0;0m[38;2;0;0;0m [48;2;0;0;0m[38;2;0;140;255m▃[48;2;0;140;255m[38;2;0;0;0m   [48;2;0;0;0m[38;2;0;140;255m▊  [48;2;0;140;255m[38;2;0;0;0m            [48;2;0;39;71m[38;2;0;0;0m [48;2;54;54;54m[38;2;0;0;0m [48;2;0;0;0m[38;2;54;54;54m▖▐[48;2;54;54;54m[38;2;0;0;0m   [48;2;77;77;77m[38;2;0;0;0m [48;2;77;77;77m[38;2;54;54;54m▝[48;2;54;54;54m[38;2;0;0;0m [48;2;54;54;54m[38;2;77;77;77m▃ [48;2;77;77;77m[38;2;0;0;0m [0m
[48;2;0;140;255m[38;2;0;0;0m    [48;2;255;255;255m[38;2;0;39;71m▄ [48;2;255;255;255m[38;2;0;140;255m▄[48;2;0;140;255m[38;2;0;0;0m [48;2;255;255;255m[38;2;0;0;0m [48;2;0;140;255m[38;2;0;0;0m   [48;2;255;255;255m[38;2;0;140;255m▄[48;2;0;39;71m[38;2;0;140;255m▅▄[48;2;0;39;71m[38;2;255;255;255m▄▄[48;2;0;39;71m[38;2;0;140;255m▃[48;2;0;140;255m[38;2;0;39;71m━ [48;2;0;140;255m[38;2;255;255;255m▄  ▄ [48;2;255;255;255m[38;2;0;0;0m [48;2;0;0;0m[38;2;0;0;0m  [48;2;0;0;0m[38;2;0;140;255m▆▆[48;2;0;140;255m[38;2;255;255;255m▄[48;2;0;0;0m[38;2;0;140;255m▇[48;2;0;140;255m[38;2;0;0;0m [48;2;255;255;255m[38;2;0;0;0m [48;2;0;140;255m[38;2;0;0;0m  [48;2;0;140;255m[38;2;255;255;255m▄[48;2;0;0;0m[38;2;0;140;255m▇[48;2;0;140;255m[38;2;0;0;0m    [48;2;0;0;0m[38;2;0;140;255m▊[48;2;0;140;255m[38;2;0;0;0m▊▂[48;2;0;0;0m[38;2;0;0;0m [48;2;0;0;0m[38;2;0;140;255m▂[48;2;0;140;255m[38;2;0;0;0m    [48;2;0;140;255m[38;2;0;39;71m▃[48;2;0;0;0m[38;2;0;140;255m▄▊ [48;2;0;140;255m[38;2;0;0;0m           [48;2;0;39;71m[38;2;0;140;255m▌[48;2;54;54;54m[38;2;0;39;71m▌   [48;2;54;54;54m[38;2;77;77;77m▂   [48;2;77;77;77m[38;2;54;54;54m▂ [48;2;54;54;54m[38;2;0;0;0m [48;2;54;54;54m[38;2;77;77;77m▗[48;2;77;77;77m[38;2;54;54;54m▘[0m
[48;2;0;140;255m[38;2;0;0;0m    [48;2;0;39;71m[38;2;0;0;0m [48;2;255;255;255m[38;2;0;0;0m [48;2;0;140;255m[38;2;0;0;0m  [48;2;255;255;255m[38;2;0;0;0m [48;2;255;255;255m[38;2;0;140;255m▄▀[48;2;0;140;255m[38;2;0;0;0m [48;2;255;255;255m[38;2;0;0;0m [48;2;0;140;255m[38;2;0;0;0m [48;2;255;255;255m[38;2;0;140;255m▄▀[48;2;0;140;255m[38;2;0;0;0m    [48;2;255;255;255m[38;2;0;0;0m [48;2;0;140;255m[38;2;255;255;255m▗▖[48;2;255;255;255m[38;2;0;0;0m [48;2;0;140;255m[38;2;0;0;0m [48;2;255;255;255m[38;2;0;0;0m [48;2;255;255;255m[38;2;0;140;255m▄[48;2;0;0;0m[38;2;255;255;255m▄[48;2;0;0;0m[38;2;0;140;255m▝[48;2;255;255;255m[38;2;0;0;0m [48;2;0;140;255m[38;2;0;0;0m [48;2;255;255;255m[38;2;0;0;0m [48;2;0;140;255m[38;2;0;0;0m [48;2;255;255;255m[38;2;0;0;0m [48;2;0;140;255m[38;2;0;0;0m [48;2;255;255;255m[38;2;0;0;0m [48;2;0;140;255m[38;2;255;255;255m▄[48;2;255;255;255m[38;2;0;0;0m [48;2;0;140;255m[38;2;0;0;0m    [48;2;0;0;0m[38;2;0;140;255m▌ ▂[48;2;0;140;255m[38;2;0;0;0m    [48;2;0;140;255m[38;2;0;39;71m▄[48;2;0;39;71m[38;2;0;0;0m [48;2;0;39;71m[38;2;0;140;255m▅[48;2;0;140;255m[38;2;0;0;0m [48;2;0;0;0m[38;2;0;140;255m▌[48;2;0;140;255m[38;2;0;0;0m▊           [48;2;0;39;71m[38;2;0;0;0m [48;2;54;54;54m[38;2;0;0;0m  [48;2;77;77;77m[38;2;0;0;0m  [48;2;54;54;54m[38;2;77;77;77m▌ [48;2;77;77;77m[38;2;0;0;0m [48;2;54;54;54m[38;2;77;77;77m▌ [48;2;77;77;77m[38;2;0;0;0m    [0m
[48;2;0;140;255m[38;2;0;0;0m   [48;2;0;99;181m[38;2;0;140;255m▊[48;2;0;99;181m[38;2;0;39;71m▊[48;2;255;255;255m[38;2;0;0;0m [48;2;0;140;255m[38;2;0;0;0m  [48;2;255;255;255m[38;2;0;0;0m [48;2;0;140;255m[38;2;0;0;0m [48;2;255;255;255m[38;2;0;0;0m [48;2;0;140;255m[38;2;0;0;0m [48;2;255;255;255m[38;2;0;0;0m [48;2;0;140;255m[38;2;0;0;0m [48;2;0;140;255m[38;2;255;255;255m▄▄▀   [48;2;255;255;255m[38;2;0;0;0m [48;2;255;255;255m[38;2;0;140;255m▄▄ [48;2;0;140;255m[38;2;0;0;0m [48;2;255;255;255m[38;2;0;0;0m [48;2;0;140;255m[38;2;0;0;0m [48;2;255;255;255m[38;2;0;0;0m [48;2;0;0;0m[38;2;0;0;0m [48;2;255;255;255m[38;2;0;0;0m▄[48;2;0;140;255m[38;2;255;255;255m▄▀ [48;2;255;255;255m[38;2;0;0;0m [48;2;0;140;255m[38;2;0;0;0m [48;2;255;255;255m[38;2;0;140;255m▄▀▀[48;2;0;140;255m[38;2;0;0;0m  [48;2;0;140;255m[38;2;0;0;0m▃▆[48;2;0;0;0m[38;2;0;0;0m [48;2;0;140;255m[38;2;0;0;0m▎    [48;2;0;39;71m[38;2;0;140;255m▄▘[48;2;0;140;255m[38;2;0;0;0m  [48;2;0;140;255m[38;2;0;39;71m▗[48;2;0;0;0m[38;2;0;0;0m [48;2;0;140;255m[38;2;0;39;71m▘          ▐[48;2;54;54;54m[38;2;0;39;71m▌   [48;2;77;77;77m[38;2;54;54;54m▁    ▜[48;2;54;54;54m[38;2;0;0;0m [48;2;77;77;77m[38;2;54;54;54m▅  [0m
[48;2;0;140;255m[38;2;0;0;0m   [48;2;0;99;181m[38;2;0;140;255m▊[48;2;0;99;181m[38;2;0;39;71m▊[48;2;0;140;255m[38;2;0;0;0m      [48;2;0;140;255m[38;2;255;255;255m▄              ▄ [48;2;0;0;0m[38;2;0;140;255m▃ ▝[48;2;0;140;255m[38;2;0;0;0m▁     ▂▅[48;2;0;0;0m[38;2;0;0;0m [48;2;0;0;0m[38;2;0;140;255m▄[48;2;0;140;255m[38;2;0;0;0m [48;2;0;0;0m[38;2;0;0;0m [48;2;0;140;255m[38;2;0;0;0m     [48;2;0;39;71m[38;2;0;140;255m▘▟[48;2;0;140;255m[38;2;0;0;0m [48;2;0;140;255m[38;2;0;0;0m▗[48;2;0;0;0m[38;2;0;0;0m [48;2;0;39;71m[38;2;0;140;255m▄[48;2;0;140;255m[38;2;0;0;0m           [48;2;0;39;71m[38;2;77;77;77m▗[48;2;0;0;0m[38;2;40;40;40m▌▐[48;2;54;54;54m[38;2;0;0;0m  [48;2;77;77;77m[38;2;54;54;54m▊      [48;2;54;54;54m[38;2;0;0;0m [48;2;54;54;54m[38;2;77;77;77m▄[48;2;77;77;77m[38;2;0;0;0m [0m
[48;2;0;140;255m[38;2;0;0;0m   [48;2;0;39;71m[38;2;0;140;255m▊[48;2;0;140;255m[38;2;0;39;71m▊  [48;2;255;255;255m[38;2;0;0;0m [48;2;255;255;255m[38;2;0;140;255m▄▀[48;2;0;140;255m[38;2;0;0;0m [48;2;255;255;255m[38;2;0;0;0m [48;2;0;140;255m[38;2;0;0;0m [48;2;255;255;255m[38;2;0;140;255m▄▄▀[48;2;0;140;255m[38;2;0;0;0m [48;2;255;255;255m[38;2;0;0;0m [48;2;255;255;255m[38;2;0;140;255m▄▀[48;2;0;140;255m[38;2;255;255;255m ▄▀▄ ▄[48;2;255;255;255m[38;2;0;0;0m [48;2;0;140;255m[38;2;255;255;255m▄ [48;2;0;140;255m[38;2;0;0;0m▝[48;2;0;0;0m[38;2;0;140;255m▁ [48;2;0;140;255m[38;2;0;0;0m▆▅▅▇[48;2;0;0;0m[38;2;0;0;0m [48;2;0;0;0m[38;2;0;140;255m▂▅[48;2;0;140;255m[38;2;0;0;0m  [48;2;0;0;0m[38;2;0;140;255m▌▐[48;2;0;140;255m[38;2;0;0;0m    [48;2;0;140;255m[38;2;0;39;71m▗[48;2;0;39;71m[38;2;0;140;255m▃[48;2;0;140;255m[38;2;0;0;0m [48;2;0;140;255m[38;2;0;0;0m▄[48;2;0;0;0m[38;2;0;0;0m [48;2;0;140;255m[38;2;0;0;0m▘           [48;2;0;39;71m[38;2;0;140;255m▘[48;2;54;54;54m[38;2;0;39;71m▘[48;2;0;0;0m[38;2;40;40;40m▎[48;2;54;54;54m[38;2;0;0;0m▎ [48;2;54;54;54m[38;2;77;77;77m▗▄[48;2;77;77;77m[38;2;0;0;0m   [48;2;77;77;77m[38;2;54;54;54m▃ ▗▂  [0m
[48;2;0;140;255m[38;2;0;0;0m   [48;2;0;39;71m[38;2;0;140;255m▌▐[48;2;0;140;255m[38;2;0;0;0m  [48;2;255;255;255m[38;2;0;0;0m [48;2;0;140;255m[38;2;255;255;255m▄▀ [48;2;255;255;255m[38;2;0;0;0m [48;2;0;140;255m[38;2;0;0;0m [48;2;0;140;255m[38;2;255;255;255m▄▀[48;2;255;255;255m[38;2;0;0;0m [48;2;0;140;255m[38;2;0;0;0m [48;2;255;255;255m[38;2;0;0;0m [48;2;0;140;255m[38;2;0;0;0m [48;2;255;255;255m[38;2;0;0;0m [48;2;0;140;255m[38;2;0;0;0m [48;2;255;255;255m[38;2;0;0;0m [48;2;255;255;255m[38;2;0;140;255m▄▄[48;2;0;140;255m[38;2;0;0;0m  [48;2;255;255;255m[38;2;0;0;0m [48;2;0;140;255m[38;2;0;0;0m    [48;2;0;0;0m[38;2;0;140;255m▆▄▅▅[48;2;0;140;255m[38;2;0;0;0m      [48;2;0;0;0m[38;2;0;0;0m [48;2;77;77;77m[38;2;0;39;71m▚[48;2;0;140;255m[38;2;0;0;0m     [48;2;0;140;255m[38;2;0;0;0m▃[48;2;0;0;0m[38;2;0;0;0m [48;2;0;39;71m[38;2;0;140;255m▃[48;2;0;140;255m[38;2;0;0;0m            [48;2;0;39;71m[38;2;0;140;255m▌[48;2;54;54;54m[38;2;0;39;71m▌    [48;2;77;77;77m[38;2;0;0;0m   [48;2;77;77;77m[38;2;54;54;54m▃[48;2;54;54;54m[38;2;0;0;0m    [48;2;77;77;77m[38;2;0;0;0m   [0m
[48;2;0;140;255m[38;2;0;0;0m   [48;2;0;39;71m[38;2;0;140;255m▎[48;2;0;140;255m[38;2;0;39;71m▎  [48;2;255;255;255m[38;2;0;0;0m [48;2;0;140;255m[38;2;0;0;0m   [48;2;255;255;255m[38;2;0;140;255m▄[48;2;0;140;255m[38;2;0;0;0m  [48;2;255;255;255m[38;2;0;140;255m▄▄[48;2;0;140;255m[38;2;0;0;0m [48;2;255;255;255m[38;2;0;140;255m▄[48;2;0;140;255m[38;2;0;0;0m [48;2;255;255;255m[38;2;0;140;255m▄[48;2;0;140;255m[38;2;0;0;0m  [48;2;255;255;255m[38;2;0;140;255m▄▄[48;2;0;140;255m[38;2;0;0;0m  [48;2;255;255;255m[38;2;0;140;255m▄[48;2;0;140;255m[38;2;0;0;0m              [48;2;77;77;77m[38;2;0;0;0m▊[48;2;77;77;77m[38;2;0;39;71m▝[48;2;0;39;71m[38;2;0;140;255m▝[48;2;0;140;255m[38;2;0;39;71m▂ [48;2;0;140;255m[38;2;0;0;0m▅[48;2;0;0;0m[38;2;0;0;0m [48;2;0;39;71m[38;2;0;140;255m▂[48;2;0;140;255m[38;2;0;0;0m             [48;2;0;140;255m[38;2;0;39;71m▗[48;2;54;54;54m[38;2;0;39;71m▌ [48;2;40;40;40m[38;2;19;19;19m▄[48;2;40;40;40m[38;2;0;0;0m▆[48;2;54;54;54m[38;2;0;0;0m [48;2;77;77;77m[38;2;0;0;0m  [48;2;77;77;77m[38;2;54;54;54m▗[48;2;40;40;40m[38;2;54;54;54m▌[48;2;19;19;19m[38;2;54;54;54m▝[48;2;54;54;54m[38;2;0;0;0m    [48;2;77;77;77m[38;2;0;0;0m  [48;2;54;54;54m[38;2;77;77;77m▅[0m
[48;2;0;140;255m[38;2;0;0;0m   [48;2;0;39;71m[38;2;0;0;0m [48;2;0;140;255m[38;2;0;0;0m      [48;2;255;255;255m[38;2;0;140;255m▄[48;2;0;140;255m[38;2;0;0;0m  [48;2;0;140;255m[38;2;255;255;255m▄▄   [48;2;255;255;255m[38;2;0;0;0m [48;2;0;140;255m[38;2;0;0;0m   [48;2;0;140;255m[38;2;255;255;255m▄ ▄ [48;2;255;255;255m[38;2;0;0;0m [48;2;0;140;255m[38;2;0;0;0m [48;2;255;255;255m[38;2;0;0;0m [48;2;0;140;255m[38;2;0;0;0m  [48;2;0;140;255m[38;2;255;255;255m▄▄ [48;2;255;255;255m[38;2;0;0;0m [48;2;0;140;255m[38;2;0;0;0m   [48;2;255;255;255m[38;2;0;140;255m▄[48;2;0;140;255m[38;2;0;0;0m [48;2;0;0;0m[38;2;0;140;255m▌[48;2;255;255;255m[38;2;0;0;0m [48;2;0;0;0m[38;2;77;77;77m▝▘[48;2;0;39;71m[38;2;0;0;0m▄[48;2;0;0;0m[38;2;0;0;0m [48;2;0;39;71m[38;2;0;140;255m▄[48;2;0;140;255m[38;2;0;0;0m               [48;2;0;39;71m[38;2;0;0;0m [48;2;54;54;54m[38;2;0;0;0m     [48;2;77;77;77m[38;2;54;54;54m▎ ▁▟[48;2;19;19;19m[38;2;54;54;54m▖▝[48;2;19;19;19m[38;2;40;40;40m▄[48;2;54;54;54m[38;2;0;0;0m   [48;2;77;77;77m[38;2;54;54;54m▖ [0m
[48;2;0;140;255m[38;2;0;0;0m  [48;2;0;39;71m[38;2;0;140;255m▊[48;2;0;140;255m[38;2;0;39;71m▊      [48;2;255;255;255m[38;2;0;0;0m [48;2;0;140;255m[38;2;0;0;0m [48;2;255;255;255m[38;2;0;140;255m▄▀[48;2;0;140;255m[38;2;0;0;0m    [48;2;255;255;255m[38;2;0;0;0m [48;2;255;255;255m[38;2;0;140;255m▄▀[48;2;0;140;255m[38;2;0;0;0m [48;2;255;255;255m[38;2;0;0;0m [48;2;0;140;255m[38;2;0;0;0m [48;2;255;255;255m[38;2;0;0;0m [48;2;0;140;255m[38;2;0;0;0m [48;2;255;255;255m[38;2;0;0;0m [48;2;0;140;255m[38;2;0;0;0m [48;2;255;255;255m[38;2;0;0;0m [48;2;0;140;255m[38;2;0;0;0m [48;2;255;255;255m[38;2;0;140;255m▄▀[48;2;0;140;255m[38;2;0;0;0m  [48;2;255;255;255m[38;2;0;0;0m [48;2;255;255;255m[38;2;0;140;255m▄▀[48;2;0;140;255m[38;2;0;0;0m [48;2;255;255;255m[38;2;0;0;0m [48;2;0;140;255m[38;2;0;0;0m [48;2;255;255;255m[38;2;0;0;0m▄ [48;2;255;255;255m[38;2;77;77;77m▄[48;2;0;0;0m[38;2;77;77;77m▄▟[48;2;0;39;71m[38;2;0;0;0m [48;2;0;140;255m[38;2;0;39;71m▌              [48;2;0;39;71m[38;2;0;0;0m [48;2;77;77;77m[38;2;0;0;0m [48;2;54;54;54m[38;2;77;77;77m▖   ▃[48;2;77;77;77m[38;2;54;54;54m▆[48;2;54;54;54m[38;2;0;0;0m    [48;2;19;19;19m[38;2;0;0;0m [48;2;0;0;0m[38;2;0;0;0m [48;2;40;40;40m[38;2;0;0;0m▄[48;2;54;54;54m[38;2;0;0;0m    [0m
[48;2;0;140;255m[38;2;0;0;0m  [48;2;0;39;71m[38;2;0;140;255m▌▐[48;2;0;140;255m[38;2;0;0;0m      [48;2;255;255;255m[38;2;0;0;0m [48;2;0;140;255m[38;2;0;0;0m [48;2;0;140;255m[38;2;255;255;255m▄▄▀   [48;2;255;255;255m[38;2;0;0;0m [48;2;0;140;255m[38;2;255;255;255m▄▀ [48;2;255;255;255m[38;2;0;0;0m [48;2;0;140;255m[38;2;255;255;255m▄[48;2;255;255;255m[38;2;0;0;0m [48;2;0;140;255m[38;2;0;0;0m [48;2;255;255;255m[38;2;0;0;0m [48;2;0;140;255m[38;2;0;0;0m [48;2;255;255;255m[38;2;0;0;0m [48;2;0;140;255m[38;2;0;0;0m [48;2;0;140;255m[38;2;255;255;255m▄▄▀ [48;2;255;255;255m[38;2;0;0;0m [48;2;0;140;255m[38;2;0;0;0m [48;2;255;255;255m[38;2;0;0;0m [48;2;0;140;255m[38;2;0;0;0m [48;2;255;255;255m[38;2;0;0;0m [48;2;0;140;255m[38;2;0;0;0m [48;2;0;0;0m[38;2;0;0;0m [48;2;255;255;255m[38;2;0;0;0m [48;2;101;101;101m[38;2;77;77;77m▃▄▜ [48;2;0;39;71m[38;2;101;101;101m▄[48;2;0;140;255m[38;2;0;39;71m▆▂          ▄[48;2;77;77;77m[38;2;0;39;71m▘    [48;2;54;54;54m[38;2;77;77;77m▎ ▀   [48;2;19;19;19m[38;2;40;40;40m▄[48;2;54;54;54m[38;2;0;0;0m [48;2;40;40;40m[38;2;19;19;19m▃[48;2;19;19;19m[38;2;40;40;40m▆[48;2;0;0;0m[38;2;40;40;40m▄ [48;2;40;40;40m[38;2;19;19;19m▖[48;2;54;54;54m[38;2;0;0;0m  [0m
[48;2;0;140;255m[38;2;0;0;0m  [48;2;0;39;71m[38;2;0;0;0m [48;2;0;140;255m[38;2;0;0;0m                                    [48;2;0;39;71m[38;2;0;140;255m▌[48;2;0;0;0m[38;2;0;39;71m▆[48;2;77;77;77m[38;2;0;0;0m [48;2;77;77;77m[38;2;101;101;101m▅  [48;2;101;101;101m[38;2;77;77;77m▎[48;2;77;77;77m[38;2;0;0;0m  [48;2;0;39;71m[38;2;101;101;101m▆ [48;2;0;140;255m[38;2;0;39;71m▅▃     ▄[48;2;77;77;77m[38;2;0;0;0m       [48;2;54;54;54m[38;2;0;0;0m       [48;2;54;54;54m[38;2;77;77;77m▅[48;2;40;40;40m[38;2;0;0;0m [48;2;19;19;19m[38;2;40;40;40m▆[48;2;40;40;40m[38;2;0;0;0m [48;2;19;19;19m[38;2;40;40;40m▃▁[48;2;54;54;54m[38;2;0;0;0m  [0m
