[0m[38;2;2;26;43;48;2;66;79;206m▆[38;2;0;30;53;48;2;45;84;183m▆[38;2;32;34;31;48;2;73;77;215m▆[48;2;45;84;183m▆[38;2;2;26;43;48;2;40;84;172m▆[38;2;25;30;36m▆[38;2;32;34;31;48;2;73;77;215m▆[38;2;45;91;222;48;2;32;34;31m▔[38;2;0;130;212m▔[38;2;0;136;202m▔[38;2;3;131;204m▔[38;2;0;124;217;48;2;2;26;43m▔[38;2;62;80;200;48;2;0;30;53m▔[38;2;31;85;158;48;2;20;12;7m▔[38;2;8;86;125;48;2;9;42;61m▔[38;2;23;62;98;48;2;11;23;36m▖[38;2;46;47;44;48;2;0;30;53m▔[38;2;32;34;31;48;2;2;26;43m▔[38;2;25;30;36;48;2;59;81;190m▆[38;2;0;30;53;48;2;19;65;104m▅[48;2;2;26;43m▆[38;2;11;23;36m▔[38;2;0;65;77m▗[38;2;1;44;77m▏[38;2;13;20;53;48;2;4;120;219m▐[48;2;79;75;221m▊[38;2;73;77;215;48;2;8;87;109m▏[38;2;21;84;128;48;2;44;48;55m▏[38;2;21;88;144;48;2;0;89;98m▅[38;2;38;49;63;48;2;0;141;198m▍[38;2;0;141;198;48;2;0;136;202m▊[38;2;31;85;158;48;2;13;20;53m▍[38;2;0;141;198;48;2;2;26;43m▐[38;2;0;157;173;48;2;3;131;204m▖[38;2;0;127;213;48;2;0;136;202m▐[38;2;0;136;203;48;2;0;130;212m▗[38;2;0;150;186;48;2;3;131;204m▃[38;2;0;139;198;48;2;0;150;186m▀[38;2;0;157;173;48;2;0;141;198m▂[38;2;38;38;82;48;2;21;164;172m▂[38;2;65;12;50;48;2;0;165;172m▅[48;2;65;12;50m▔[38;2;90;22;45;48;2;28;13;36m▂[38;2;76;9;33;48;2;19;9;28m▆[38;2;70;14;43;48;2;39;15;28m▖[48;2;50;12;37m▆[38;2;13;61;67;48;2;37;15;27m▝[38;2;0;164;165;48;2;20;15;57m▀[38;2;0;157;173;48;2;0;157;173m▔[38;2;0;164;165;48;2;0;130;212m▃[38;2;0;141;198;48;2;20;107;221m▃[48;2;73;77;215m▂[38;2;20;107;221;48;2;66;79;206m▂[48;2;59;81;190m▅[38;2;66;79;206m▃[38;2;62;80;200;48;2;51;82;189m▁[38;2;45;84;183;48;2;66;79;206m▀[38;2;52;82;191m▏[38;2;73;77;215;48;2;62;80;200m▂[38;2;68;78;209;48;2;73;77;215m▏[38;2;73;77;215;48;2;66;79;206m▆[48;2;59;81;190m▆[38;2;19;17;41;48;2;66;79;206m▐[48;2;8;87;109m▊[38;2;0;44;62;48;2;0;89;91m▝[38;2;0;30;53;48;2;0;30;53m▔[38;2;14;24;36;48;2;25;30;36m▗[38;2;25;87;149;48;2;29;53;75m▁[38;2;33;41;48;48;2;32;34;31m▖[38;2;32;34;31m▔[38;2;12;68;68m▃[38;2;25;36;41;48;2;2;26;43m▖[38;2;44;48;55;48;2;32;34;31m▗[38;2;0;74;135;48;2;2;26;43m▖[38;2;10;16;23;48;2;3;24;41m▁[38;2;2;26;43;48;2;0;29;50m▃▃[38;2;51;83;160;48;2;2;26;43m▐[38;2;8;87;109;48;2;40;42;40m▏[38;2;40;42;40m▔[0m
[38;2;0;30;53;48;2;0;30;53m▔[48;2;11;23;36m▃[38;2;10;16;23;48;2;2;26;43m▂[38;2;73;77;215m▂[38;2;11;23;36;48;2;11;23;36m▔[38;2;10;16;23;48;2;10;16;23m▔[38;2;0;124;217m▂[38;2;0;28;49;48;2;2;26;43m▖[38;2;0;30;53;48;2;40;42;40m▊[38;2;32;34;31;48;2;37;39;36m▐[48;2;2;26;43m▊[38;2;0;30;53m▍[48;2;1;27;45m▘[38;2;2;26;43;48;2;2;26;43m▔[38;2;0;30;53;48;2;0;30;53m▔[38;2;31;85;158;48;2;2;26;43m▗[38;2;0;165;172;48;2;40;42;40m▖[38;2;40;84;172;48;2;0;30;53m▗[38;2;0;164;165m▖[38;2;21;171;197m▗[38;2;31;85;158;48;2;32;34;31m▖[38;2;0;28;49;48;2;0;30;53m▍[38;2;0;30;53;48;2;0;89;91m▊[38;2;51;83;160;48;2;11;23;36m▆[38;2;0;74;135;48;2;17;155;187m▞[38;2;20;15;57;48;2;0;136;202m▊[38;2;0;124;217;48;2;1;67;113m▏[38;2;40;84;172;48;2;35;55;77m▏[38;2;21;84;128;48;2;51;83;160m▐[38;2;24;62;96;48;2;0;150;186m▍[38;2;0;146;192m▘[38;2;12;88;119;48;2;19;17;41m▍[38;2;0;141;198m▐[38;2;0;152;179;48;2;0;136;202m▍[48;2;0;141;198m▁[38;2;0;143;191;48;2;0;152;179m▘[38;2;0;157;173;48;2;0;157;173m▔[38;2;0;146;192;48;2;70;14;43m▀[38;2;24;98;135;48;2;65;12;50m▘[38;2;59;9;60;48;2;104;16;50m▔[38;2;64;10;31;48;2;45;12;29m▀[38;2;154;44;54;48;2;46;10;18m▅[48;2;154;44;54m▔[38;2;147;47;57;48;2;137;53;64m▃[38;2;112;34;45;48;2;28;17;23m▊[38;2;113;54;58;48;2;35;10;35m▐[38;2;76;9;33;48;2;154;44;54m▀[38;2;40;9;29;48;2;76;9;33m▝[38;2;41;11;41;48;2;41;11;41m▔[38;2;60;23;70;48;2;21;164;172m▅[38;2;0;164;165;48;2;0;164;165m▔[38;2;2;167;181;48;2;0;157;173m▃[38;2;0;157;173;48;2;0;141;198m▅[38;2;0;141;198;48;2;0;130;212m▂[38;2;79;75;221m▀[38;2;0;124;217;48;2;73;77;215m▂[48;2;79;75;221m▂[38;2;4;120;219m▃[38;2;45;91;222;48;2;45;91;222m▔[38;2;73;77;215;48;2;23;107;217m▂[38;2;0;124;217;48;2;20;107;221m▂[48;2;45;91;222m▂[38;2;13;20;53;48;2;73;77;215m▐[38;2;19;9;28;48;2;0;89;91m▊[38;2;8;87;109;48;2;8;87;109m▔[38;2;32;34;31;48;2;0;89;98m▀[38;2;0;89;91;48;2;11;23;36m▅[38;2;45;84;183;48;2;36;52;88m▞[38;2;18;46;73;48;2;11;23;36m▕[38;2;32;38;46;48;2;0;30;53m▍[38;2;0;74;135;48;2;2;26;43m▀[38;2;46;47;44;48;2;4;120;219m▍[38;2;29;84;158;48;2;44;48;55m▊[38;2;21;88;144;48;2;32;34;31m▊[38;2;20;32;39;48;2;0;30;53m▀[38;2;51;83;160m▗[38;2;8;87;109;48;2;11;23;36m▂[38;2;21;84;128;48;2;14;17;20m▐[38;2;0;89;91;48;2;32;34;31m▏[38;2;40;42;40;48;2;40;42;40m▔[0m
[38;2;0;29;50;48;2;2;26;43m▍[38;2;0;30;53m▔▝[38;2;0;164;165;48;2;0;30;53m▀▝[38;2;0;165;172m▘[38;2;0;136;202;48;2;11;23;36m▀[38;2;11;23;36m▔[38;2;32;34;31;48;2;0;30;53m▝[38;2;2;26;43;48;2;46;47;44m▅[38;2;32;34;31;48;2;2;26;43m▀[38;2;2;26;43m▔▔[38;2;5;24;40;48;2;11;23;36m▀[38;2;2;26;43;48;2;2;26;43m▔▔[48;2;12;48;77m▆[38;2;11;23;36;48;2;11;23;36m▔[38;2;2;26;43;48;2;4;48;73m▆[38;2;11;23;36;48;2;11;23;36m▔[38;2;2;26;43;48;2;2;26;43m▔▔[38;2;0;89;98m▝[38;2;24;62;96;48;2;12;96;145m▆[38;2;20;107;221;48;2;27;61;102m▞[38;2;11;23;36;48;2;45;91;222m▊[38;2;0;124;217;48;2;24;62;96m▏[38;2;21;84;128;48;2;40;42;40m▏[38;2;0;89;91;48;2;8;86;125m▕[38;2;24;62;96;48;2;3;131;204m▍[38;2;0;130;212;48;2;0;141;198m▊[38;2;59;81;190;48;2;19;9;28m▍[38;2;20;15;57;48;2;0;146;192m▊[38;2;0;130;212m▂[38;2;0;130;209;48;2;0;141;198m▅[38;2;51;70;91;48;2;21;164;172m▆[38;2;70;14;43;48;2;70;14;43m▔[38;2;76;9;33;48;2;113;16;30m▃[38;2;113;16;30;48;2;50;8;31m▀[38;2;19;9;28;48;2;19;9;28m▔[38;2;66;14;31;48;2;104;11;35m▊[38;2;137;53;64;48;2;154;44;54m▂[38;2;154;44;54;48;2;155;66;62m▂[38;2;137;53;64;48;2;154;44;54m▂[38;2;42;18;13;48;2;112;34;45m▐[38;2;10;16;23;48;2;74;39;44m▊[38;2;50;13;30;48;2;106;34;52m▃[38;2;102;26;29;48;2;104;11;35m▍[38;2;113;16;30;48;2;76;9;33m▂[38;2;92;21;39;48;2;37;15;27m▅[38;2;28;17;23;48;2;65;24;55m▅[38;2;59;9;60;48;2;0;165;172m▅[38;2;29;40;103;48;2;21;164;172m▂[38;2;0;148;187;48;2;0;157;173m▐[38;2;0;143;194;48;2;0;136;202m▍[38;2;1;128;208;48;2;0;124;217m▅[38;2;0;130;212m▃▂[38;2;0;124;217;48;2;20;107;221m▃[38;2;1;122;217;48;2;4;120;219m▃[38;2;4;120;219m▔[38;2;0;124;217;48;2;0;124;217m▔[38;2;73;77;215;48;2;24;12;44m▊[38;2;19;17;41;48;2;8;86;125m▊[38;2;21;84;128;48;2;23;74;113m▊[38;2;31;85;158;48;2;16;85;137m▅[38;2;46;47;44;48;2;31;85;158m▊[38;2;36;46;63;48;2;45;69;123m▝[38;2;51;83;160;48;2;35;55;77m▐[38;2;26;92;176;48;2;46;47;44m▍[38;2;44;48;55;48;2;2;26;43m▂[38;2;3;134;150;48;2;8;86;125m▀[38;2;0;152;179;48;2;0;152;179m▔[38;2;73;77;215;48;2;46;47;44m▘[38;2;2;26;43;48;2;2;26;43m▔[38;2;34;46;66;48;2;40;84;172m▍[38;2;44;69;129;48;2;25;30;36m▍[38;2;43;41;44;48;2;21;84;128m▊[38;2;0;89;98;48;2;40;42;40m▏[38;2;46;47;44m▐[0m
[38;2;0;28;49;48;2;2;26;43m▖[38;2;2;26;43m▔[38;2;11;23;36;48;2;14;17;20m▊[38;2;40;42;40;48;2;15;118;118m▍[38;2;21;34;48;48;2;10;16;23m▍[38;2;0;30;53;48;2;0;30;53m▔[38;2;0;140;157;48;2;1;67;113m▅[38;2;32;34;31;48;2;11;23;36m▏[38;2;7;24;38;48;2;2;26;43m▅[38;2;2;26;43;48;2;0;30;53m▔[38;2;40;42;40m▗[38;2;32;34;31;48;2;2;26;43m▆▖[38;2;2;26;43;48;2;6;23;38m▆[48;2;11;23;36m▆[48;2;0;30;53m▂[48;2;2;26;43m▔[48;2;10;16;23m▊▗[38;2;29;171;204;48;2;0;30;53m▗[38;2;66;79;206;48;2;2;26;43m▖[38;2;11;23;36m▝[38;2;0;30;53;48;2;1;27;46m▊[38;2;43;41;44;48;2;51;54;75m▗[38;2;19;17;41;48;2;46;48;53m▕[38;2;13;20;53;48;2;59;81;190m▊[38;2;66;79;206;48;2;1;67;113m▏[38;2;51;83;160;48;2;46;47;44m▏[38;2;0;89;91;48;2;12;88;119m▕[38;2;30;64;110;48;2;0;146;192m▍[38;2;0;136;202;48;2;0;136;202m▔[38;2;25;87;149;48;2;13;20;53m▍[38;2;49;40;53;48;2;21;164;172m▊[38;2;0;124;217;48;2;0;165;172m▔[38;2;2;167;181;48;2;0;164;165m▁[38;2;0;164;165;48;2;0;157;173m▆[38;2;20;15;57;48;2;21;164;172m▔[38;2;0;165;172;48;2;0;89;91m▆[38;2;32;34;31;48;2;2;167;181m▔[38;2;17;169;189;48;2;31;85;158m▆[38;2;29;171;204;48;2;19;9;28m▆[38;2;76;9;33;48;2;188;177;159m▀[38;2;137;53;64;48;2;245;199;140m▀[38;2;245;199;140;48;2;20;12;7m▅[38;2;255;199;122;48;2;42;18;13m▆[38;2;245;199;140;48;2;245;199;140m▔[38;2;197;162;122;48;2;197;162;122m▔[38;2;60;172;226;48;2;35;10;35m▆[38;2;37;15;27;48;2;21;171;197m▀[38;2;35;10;35;48;2;0;165;172m▀[38;2;0;165;172;48;2;19;9;28m▅[38;2;0;164;165;48;2;32;34;31m▅[38;2;11;23;36;48;2;21;164;172m▀[38;2;23;113;179;48;2;0;141;198m▘[38;2;0;152;179;48;2;0;146;192m▂[38;2;0;141;198;48;2;0;128;212m▖[38;2;0;124;217;48;2;0;127;213m▁[38;2;1;126;214;48;2;0;130;212m▘[38;2;0;130;211;48;2;2;130;206m▆[38;2;0;125;213;48;2;3;131;204m▀[38;2;0;133;205;48;2;0;130;212m▝[38;2;0;130;212m▔[38;2;4;120;219;48;2;13;20;53m▊[38;2;19;17;41;48;2;21;84;128m▊[38;2;59;81;190;48;2;40;70;140m▊[38;2;20;12;7;48;2;40;84;172m▂[38;2;6;63;110;48;2;25;30;36m▀[38;2;32;34;31;48;2;40;69;150m▅[38;2;31;86;136;48;2;40;42;40m▝[38;2;8;86;125;48;2;2;26;43m▀[38;2;46;47;44;48;2;32;34;31m▐[38;2;1;67;113;48;2;40;84;172m▍[38;2;0;89;91;48;2;25;85;141m▔[38;2;21;88;144;48;2;32;34;31m▊[38;2;40;42;40m▅[48;2;40;64;110m▍[38;2;31;85;158;48;2;11;50;92m▁[48;2;31;53;78m▁[38;2;0;89;91;48;2;40;42;40m▏[38;2;40;42;40m▔[0m
[38;2;0;30;53;48;2;2;26;43m▍[38;2;11;23;36m▁[48;2;5;24;40m▊[38;2;32;34;31;48;2;2;26;43m▔[38;2;2;26;43m▔▔[38;2;32;34;31;48;2;11;23;36m▔[38;2;2;26;43;48;2;2;26;43m▔[38;2;20;31;35m▗[38;2;40;42;40;48;2;14;17;20m▅[38;2;21;36;45;48;2;40;42;40m▘[38;2;40;42;40;48;2;15;34;48m▞[38;2;37;38;35;48;2;46;47;44m▖[38;2;32;34;31;48;2;40;42;40m▀[38;2;2;26;43;48;2;11;23;36m▖[38;2;4;24;40m▅[38;2;11;23;36;48;2;2;26;43m▂[38;2;2;26;43;48;2;0;30;53m▍[38;2;0;28;49m▞[38;2;0;30;53m▔[38;2;2;26;43;48;2;2;26;43m▔[38;2;0;30;53m▁▍[38;2;57;63;94;48;2;44;48;55m▖[38;2;46;48;53;48;2;89;90;122m▞[38;2;19;17;41;48;2;66;79;206m▊[38;2;0;124;217;48;2;0;74;135m▏[38;2;66;79;206m▏[48;2;21;88;144m▃[38;2;0;150;186;48;2;40;84;172m▝[38;2;21;164;172;48;2;21;164;172m▔[38;2;0;146;192;48;2;16;91;127m▅[38;2;4;120;219;48;2;23;79;130m▅[38;2;0;164;165;48;2;0;164;165m▔▔[38;2;21;164;172;48;2;21;164;172m▔[38;2;0;165;172;48;2;0;165;172m▔▔▔[38;2;0;164;165;48;2;0;164;165m▔[38;2;2;167;181;48;2;2;167;181m▔[38;2;0;152;179;48;2;150;146;156m▅[38;2;191;167;142;48;2;0;157;173m▀[48;2;21;164;172m▀[38;2;197;162;122;48;2;0;157;173m▀[38;2;191;167;142;48;2;0;141;198m▀[38;2;0;152;179;48;2;150;146;156m▅[38;2;2;167;181;48;2;2;167;181m▔[38;2;0;164;165;48;2;0;164;165m▔[38;2;0;146;192;48;2;0;147;189m▁[48;2;0;150;186m▁[38;2;0;141;198m▁[38;2;0;150;186m▔[38;2;0;141;198;48;2;0;141;198m▔[38;2;0;130;212;48;2;0;130;212m▔▔▔[38;2;4;120;219m▁▁▁[38;2;0;124;217;48;2;0;124;217m▔[38;2;4;120;219m▁[38;2;40;84;172;48;2;0;30;53m▊[38;2;46;47;44;48;2;28;13;36m▝[38;2;19;9;28;48;2;79;75;221m▃[48;2;66;79;206m▃[38;2;28;13;36;48;2;73;77;215m▃[38;2;19;9;28;48;2;0;141;198m▃[38;2;28;13;36;48;2;66;79;206m▃[38;2;19;9;28;48;2;40;84;172m▃[48;2;59;81;190m▃[48;2;0;141;198m▃[48;2;59;81;190m▃[38;2;14;17;20;48;2;79;75;221m▃[48;2;66;79;206m▃[38;2;28;17;23m▃▃[38;2;14;17;20;48;2;12;88;119m▃[48;2;51;83;160m▃[38;2;10;16;23;48;2;19;60;101m▂[0m
[38;2;2;26;43;48;2;14;17;20m▘[38;2;14;17;20;48;2;10;16;23m▖[38;2;11;23;36;48;2;11;23;36m▔[38;2;2;26;43;48;2;2;26;43m▔▔[38;2;7;24;38m▀[38;2;2;26;43;48;2;11;23;36m▅[48;2;20;31;35m▊[38;2;32;34;31;48;2;40;42;40m▃[38;2;35;37;34;48;2;37;39;36m▃[38;2;35;41;43;48;2;2;26;43m▀[38;2;32;34;31;48;2;40;42;39m▞[38;2;46;47;44;48;2;25;30;36m▘[48;2;32;34;31m▀[38;2;24;32;34;48;2;2;26;43m▍[38;2;2;26;43;48;2;0;30;53m▃[38;2;8;23;37;48;2;2;26;43m▞[38;2;0;30;53m▀[38;2;11;23;36m▍[38;2;0;30;53m▅[38;2;2;26;43m▔▔[38;2;0;30;53;48;2;0;30;53m▔[38;2;40;42;40;48;2;63;60;75m▝[38;2;2;26;43;48;2;0;141;198m▍[38;2;32;34;31;48;2;73;77;215m▊[38;2;73;77;215;48;2;21;84;128m▏[38;2;51;83;160;48;2;12;88;119m▊[38;2;31;85;158;48;2;79;75;221m▕[38;2;73;77;215;48;2;0;165;172m▍[38;2;21;164;172;48;2;0;164;165m▐[38;2;0;157;173;48;2;34;36;68m▏[38;2;40;42;40;48;2;17;169;189m▊[38;2;21;164;172;48;2;2;167;181m▁[38;2;2;167;181;48;2;21;164;172m▀[38;2;0;165;172;48;2;2;167;181m▅[38;2;21;164;172;48;2;17;169;189m▅[48;2;2;167;181m▆▆[38;2;0;165;172;48;2;21;164;172m▆[38;2;2;167;181;48;2;2;167;181m▔[38;2;21;164;172;48;2;17;169;189m▆[38;2;2;167;181;48;2;21;164;172m▝[38;2;140;137;128;48;2;17;169;189m▂[38;2;245;199;140m▂[38;2;243;203;127m▃[38;2;245;199;140;48;2;2;167;181m▃[38;2;243;203;127;48;2;17;169;189m▃[38;2;197;162;122;48;2;2;167;181m▂[38;2;0;165;173m▖[38;2;2;167;181m▔[38;2;21;164;172;48;2;21;164;172m▔[38;2;0;165;172;48;2;0;157;173m▆[38;2;0;164;165m▖[38;2;0;157;173m▔[38;2;0;150;186;48;2;0;152;179m▆[38;2;0;146;192;48;2;0;137;199m▅[38;2;0;130;212;48;2;0;136;202m▔[38;2;3;131;204;48;2;0;130;212m▆[38;2;0;130;212m▔[38;2;1;130;209;48;2;4;120;219m▍[38;2;0;124;217m▁[38;2;45;91;222;48;2;14;17;20m▊[38;2;44;48;55;48;2;19;17;41m▆[38;2;40;42;40;48;2;10;16;23m▆[38;2;46;47;44;48;2;19;9;28m▅▅[38;2;40;42;40;48;2;10;16;23m▆[38;2;46;47;44m▅▅[38;2;40;42;40m▅[48;2;19;9;28m▅[38;2;32;34;31m▆▆▆[48;2;10;16;23m▆[48;2;19;9;28m▆[38;2;40;42;40m▆▆[38;2;32;34;31m▆[0m
[38;2;10;16;23;48;2;2;26;43m▀[38;2;10;20;31;48;2;10;17;26m▖[38;2;11;23;36m▗[48;2;10;16;23m▝▀[38;2;2;26;43;48;2;11;23;36m▞[38;2;11;23;36;48;2;4;25;41m▃[48;2;2;26;43m▀[38;2;32;34;31;48;2;0;30;53m▝[38;2;9;31;46;48;2;32;34;31m▃[38;2;32;34;31;48;2;40;42;40m▘[38;2;46;47;44;48;2;32;34;31m▖[38;2;21;84;128m▂[38;2;38;49;63;48;2;0;30;53m▂[38;2;10;16;23;48;2;10;16;23m▔[38;2;2;26;43;48;2;2;26;43m▔[38;2;24;62;96;48;2;0;30;53m▃[38;2;0;74;135m▃[38;2;8;87;109;48;2;2;26;43m▃[38;2;0;74;135;48;2;11;23;36m▃[38;2;44;48;55;48;2;2;26;43m▃[38;2;32;34;31m▂[38;2;2;26;43;48;2;32;34;31m▀[38;2;32;34;31;48;2;37;39;39m▏[38;2;43;41;44;48;2;32;66;82m▏[38;2;25;30;36;48;2;66;79;206m▊[38;2;73;77;215;48;2;21;84;128m▏[38;2;0;152;179;48;2;21;88;144m▏[38;2;51;83;160;48;2;73;77;215m▏[38;2;8;87;109;48;2;0;165;172m▏[38;2;0;164;165;48;2;21;164;172m▊[38;2;31;86;136;48;2;39;40;64m▍[38;2;32;34;31;48;2;0;150;186m▊[38;2;62;80;200;48;2;0;130;212m▘[38;2;0;146;192;48;2;0;165;172m▏[38;2;0;165;172m▔[38;2;0;164;165;48;2;0;164;165m▔[38;2;0;157;173m▅[38;2;13;164;172;48;2;21;164;172m▘[38;2;0;164;165;48;2;2;167;181m▃[38;2;21;164;172;48;2;21;164;172m▔[38;2;0;165;172;48;2;0;165;172m▔[38;2;120;106;102;48;2;135;127;133m▗[38;2;193;125;63;48;2;251;181;110m▖[38;2;245;199;140;48;2;153;75;44m▀[38;2;73;33;40;48;2;245;199;140m▅[38;2;110;27;6m▆[38;2;85;29;39;48;2;243;203;127m▅[38;2;189;113;52;48;2;245;199;140m▃[38;2;21;164;172;48;2;51;89;91m▝[38;2;17;169;189;48;2;2;167;181m▍[38;2;2;167;181;48;2;0;165;172m▖[38;2;0;164;167m▐[38;2;0;157;173;48;2;0;164;165m▝[48;2;0;160;172m▐[38;2;0;151;182;48;2;0;150;186m▍[38;2;0;152;179;48;2;0;146;192m▃[48;2;0;141;198m▅[38;2;0;136;202;48;2;0;146;192m▀[38;2;0;141;198;48;2;0;130;212m▆[38;2;1;126;212;48;2;3;131;204m▀[38;2;3;131;204;48;2;0;130;212m▅[38;2;45;91;222;48;2;11;23;36m▊[38;2;32;34;31;48;2;40;42;40m▏[38;2;40;42;40;48;2;46;47;44m▀[38;2;46;47;44m▔▔[48;2;44;45;43m▅[48;2;42;43;41m▍[38;2;40;42;40;48;2;40;42;40m▔▔[38;2;46;47;44;48;2;46;47;44m▔[38;2;40;42;40;48;2;32;34;31m▅[48;2;30;38;40m▏[38;2;32;34;31;48;2;32;34;31m▔▔[38;2;2;26;43m▍[38;2;32;34;31m▔▔▔[0m
[38;2;46;47;44;48;2;14;17;20m▆▆[38;2;40;42;40;48;2;20;12;7m▆[48;2;14;17;20m▆[38;2;46;47;44;48;2;20;12;7m▆[38;2;38;49;63m▆[38;2;1;67;113;48;2;14;17;20m▆[38;2;8;86;125;48;2;2;26;43m▆[38;2;8;87;109;48;2;25;30;36m▆[38;2;31;86;136;48;2;0;30;53m▂[38;2;21;88;144;48;2;32;34;31m▃[38;2;40;84;172m▃[38;2;45;84;183;48;2;40;42;40m▃[38;2;25;87;149;48;2;32;34;31m▃[38;2;66;79;206m▃[38;2;73;77;215m▃[38;2;66;79;206;48;2;0;30;53m▃[38;2;45;84;183;48;2;40;42;40m▃[38;2;45;91;222;48;2;32;34;31m▃[38;2;0;124;217;48;2;46;47;44m▃[38;2;66;79;206;48;2;30;64;110m▃[38;2;24;62;96;48;2;66;79;206m▀[38;2;32;34;31;48;2;73;77;215m▔[38;2;3;131;204;48;2;40;42;40m▖[38;2;44;48;55;48;2;42;67;138m▖[38;2;0;130;212;48;2;16;99;153m▆[38;2;3;131;204;48;2;8;86;125m▅[38;2;20;107;221;48;2;0;74;135m▍[38;2;31;86;136;48;2;59;81;190m▏[38;2;0;89;91;48;2;21;164;172m▏[38;2;0;164;165;48;2;0;164;165m▔[38;2;31;86;136;48;2;19;17;41m▍[38;2;0;164;165;48;2;32;34;31m▐[48;2;0;159;170m▔[38;2;0;165;172;48;2;0;160;172m▅[38;2;0;157;173;48;2;0;157;173m▔[38;2;21;164;172;48;2;0;165;172m▀[38;2;3;164;165;48;2;21;164;172m▀[38;2;21;164;172m▔▔[38;2;0;165;172;48;2;0;159;172m▅[38;2;157;141;114;48;2;21;164;172m▐[38;2;213;155;115;48;2;137;53;64m▍[38;2;125;77;46;48;2;82;27;1m▂[38;2;83;26;19;48;2;154;44;54m▀[38;2;91;36;37;48;2;226;92;84m▀[38;2;67;12;18;48;2;235;86;65m▔[38;2;235;86;65;48;2;110;27;6m▆[38;2;155;66;62;48;2;84;10;7m▃[38;2;207;157;87;48;2;102;26;29m▀[38;2;17;169;189;48;2;29;171;204m▐[48;2;21;164;172m▃[38;2;2;167;181m▆[48;2;0;165;172m▂[38;2;0;164;170;48;2;0;164;165m▐[38;2;0;165;172;48;2;0;157;173m▃[38;2;0;164;165;48;2;0;150;186m▆[38;2;0;150;186;48;2;0;165;172m▀[38;2;0;152;179;48;2;0;157;173m▀[38;2;0;143;193;48;2;0;152;179m▀[38;2;0;146;192;48;2;0;150;186m▀[38;2;3;131;204;48;2;0;152;179m▀[38;2;0;130;212;48;2;40;42;40m▊[38;2;7;71;128;48;2;30;64;110m▐[38;2;1;67;113;48;2;0;74;135m▅[38;2;35;55;77;48;2;46;47;44m▂[38;2;44;48;55m▂[38;2;46;47;44m▔[38;2;23;28;48;48;2;40;42;40m▐[38;2;16;23;50m▃[38;2;46;47;44;48;2;46;47;44m▔[48;2;40;42;40m▖[38;2;32;34;31m▐[48;2;32;34;31m▔▔▔[48;2;40;42;40m▍[38;2;40;42;40m▔▔[38;2;32;34;31;48;2;32;34;31m▔[0m
[38;2;27;59;88;48;2;10;40;66m▅[38;2;38;49;63;48;2;34;39;43m▔[38;2;27;59;88;48;2;10;40;66m▅[38;2;1;67;113;48;2;7;39;64m▅[48;2;0;43;75m▅[38;2;0;89;98;48;2;25;59;61m▅[38;2;8;87;109;48;2;23;53;60m▅[38;2;12;88;119;48;2;4;51;77m▅[38;2;51;83;160;48;2;41;65;108m▅[38;2;25;87;149;48;2;24;71;115m▅[38;2;51;83;160;48;2;47;60;87m▅[38;2;66;79;206;48;2;53;59;104m▅[38;2;45;84;183;48;2;45;60;96m▅[38;2;4;120;219;48;2;30;74;109m▅[38;2;62;80;200;48;2;23;48;108m▅[38;2;3;131;204;48;2;6;103;144m▅[38;2;73;77;215;48;2;52;55;105m▅[38;2;0;150;186;48;2;31;85;158m▅[38;2;0;157;173;48;2;25;87;149m▅[38;2;0;150;186;48;2;31;85;158m▅[38;2;0;130;212m▗[38;2;0;141;198;48;2;0;89;91m▆[38;2;0;89;91;48;2;152;35;36m▀[38;2;163;65;63m▕[38;2;179;120;88;48;2;35;55;77m▅[38;2;96;73;51;48;2;43;171;212m▍[38;2;73;77;215;48;2;1;67;113m▆[38;2;59;81;190;48;2;27;59;88m▆[38;2;12;88;119;48;2;59;81;190m▕[38;2;27;59;88;48;2;21;164;172m▏[38;2;2;167;181;48;2;2;167;181m▔[38;2;31;85;158;48;2;19;17;41m▍[38;2;17;169;189;48;2;32;34;31m▐[38;2;2;167;181;48;2;0;164;165m▆[38;2;0;165;172;48;2;2;167;181m▀[38;2;17;169;189;48;2;0;164;165m▆[48;2;21;164;172m▆[38;2;21;164;172;48;2;17;169;189m▀[38;2;2;167;181m▀[38;2;17;169;189;48;2;6;166;178m▅[48;2;17;169;189m▔[38;2;117;57;49;48;2;129;107;122m▐[38;2;254;251;202;48;2;110;27;6m▂[38;2;129;46;21;48;2;173;103;70m▗[38;2;93;21;34;48;2;235;86;65m▀[38;2;140;43;24m▀[38;2;173;46;39;48;2;226;92;84m▀[38;2;139;39;39;48;2;235;86;65m▀[38;2;235;86;65;48;2;76;30;52m▅[38;2;86;14;38;48;2;113;16;30m▝[38;2;29;171;204;48;2;85;29;39m▝[38;2;21;171;197;48;2;17;169;189m▖[38;2;2;167;181;48;2;13;168;187m▘[38;2;1;165;173;48;2;17;169;189m▝[38;2;21;164;172;48;2;2;167;181m▀[38;2;2;167;181;48;2;21;164;172m▅[38;2;0;165;172m▝[38;2;21;164;172;48;2;13;164;169m▆[38;2;0;160;172;48;2;0;165;172m▝[38;2;21;164;172;48;2;21;164;172m▔[38;2;2;167;181;48;2;0;157;173m▅[38;2;0;157;173;48;2;0;165;172m▝[38;2;0;164;165;48;2;0;74;135m▊[38;2;46;47;44;48;2;25;87;149m▏[38;2;62;80;200;48;2;28;84;143m▂[38;2;41;82;165;48;2;8;87;109m▆[38;2;66;79;206;48;2;24;62;96m▆[38;2;45;84;183;48;2;35;55;77m▆[38;2;59;81;190;48;2;8;86;125m▆[38;2;32;34;31;48;2;4;120;219m▀[38;2;7;83;157;48;2;20;15;57m▖[38;2;40;42;40;48;2;34;68;113m▖[38;2;20;107;221;48;2;1;67;113m▅[38;2;66;79;206;48;2;35;55;77m▆[38;2;25;87;149;48;2;44;48;55m▆[38;2;40;84;172m▆[48;2;46;47;44m▅[38;2;8;86;125;48;2;32;34;31m▆[38;2;12;88;119;48;2;40;42;40m▆[38;2;31;86;136;48;2;46;47;44m▅[0m
[38;2;34;53;66;48;2;0;74;135m▞[38;2;27;52;67;48;2;21;84;128m▀[38;2;26;75;109m▅[38;2;8;87;109;48;2;5;82;118m▆[38;2;1;67;113;48;2;0;89;98m▍[38;2;40;42;40;48;2;12;88;119m▂[38;2;46;47;44;48;2;31;85;158m▂[38;2;45;84;183;48;2;8;87;109m▐[38;2;59;81;190;48;2;59;81;190m▔[38;2;25;105;211;48;2;62;80;200m▅[38;2;21;88;144;48;2;60;79;197m▔[38;2;73;77;215;48;2;73;77;215m▔[38;2;66;79;206;48;2;3;131;204m▍[38;2;0;145;188;48;2;0;152;179m▔[38;2;0;158;172;48;2;0;150;186m▆[38;2;0;152;179;48;2;0;159;170m▀[38;2;0;132;206;48;2;0;157;173m▐[38;2;0;152;179;48;2;21;164;172m▂[38;2;0;161;168;48;2;0;157;173m▅[38;2;0;136;202m▐[38;2;45;84;183;48;2;0;141;198m▍[38;2;98;44;75;48;2;0;150;186m▐[38;2;226;92;84;48;2;235;86;65m▍[38;2;173;46;39;48;2;226;92;84m▔[38;2;179;120;88;48;2;167;60;37m▝[38;2;140;137;128;48;2;55;126;184m▘[38;2;31;85;158;48;2;20;107;221m▍[38;2;45;84;183;48;2;58;80;197m▐[38;2;21;84;128;48;2;51;83;160m▕[38;2;44;48;55;48;2;17;169;189m▏[38;2;17;169;189;48;2;21;171;197m▝[38;2;79;75;221;48;2;2;26;43m▍[38;2;21;171;197;48;2;32;34;31m▐[38;2;29;171;204;48;2;21;171;197m▃[38;2;21;171;197;48;2;17;169;189m▅[38;2;29;171;204;48;2;21;171;197m▂[38;2;17;169;189;48;2;24;170;198m▝[38;2;29;171;204;48;2;24;171;199m▅[38;2;21;171;197;48;2;21;171;197m▔▔[38;2;190;158;100;48;2;17;169;189m▗[38;2;42;18;13;48;2;255;199;122m▃[38;2;179;171;141;48;2;55;40;40m▘[38;2;113;16;30;48;2;123;81;83m▝[38;2;235;86;65;48;2;154;44;54m▐[38;2;182;116;109;48;2;176;72;65m▍[38;2;137;53;64;48;2;226;92;84m▆[38;2;175;65;58;48;2;179;96;89m▘[38;2;235;86;65;48;2;183;54;46m▊[38;2;94;54;74;48;2;129;107;122m▊[38;2;84;64;80;48;2;45;12;29m▍[38;2;32;34;31;48;2;21;171;197m▍[38;2;26;171;201m▆[38;2;17;169;189;48;2;29;171;204m▀[48;2;17;169;189m▔[48;2;2;167;181m▂[38;2;21;171;197m▅[38;2;17;169;189m▅[38;2;2;167;181;48;2;13;165;175m▖[38;2;17;169;189;48;2;20;165;176m▃[48;2;5;167;183m▖[48;2;2;167;181m▁[38;2;0;74;135;48;2;17;169;189m▕[38;2;40;42;40;48;2;0;124;217m▏[38;2;20;107;221;48;2;66;79;206m▃[38;2;79;75;221;48;2;31;85;158m▐[38;2;73;77;215;48;2;45;91;222m▍[48;2;73;77;215m▔[38;2;62;80;200;48;2;23;85;131m▍[38;2;7;109;183;48;2;0;124;217m▀[38;2;0;130;212;48;2;0;130;212m▔[38;2;62;80;200;48;2;53;65;140m▆[38;2;21;88;144;48;2;13;20;53m▖[38;2;0;136;202;48;2;30;64;110m▝[38;2;24;62;96;48;2;0;130;212m▅[38;2;12;88;119;48;2;73;77;215m▆[38;2;59;81;190;48;2;0;74;135m▀[38;2;46;47;44;48;2;59;81;190m▂[38;2;0;124;217;48;2;40;84;172m▂[38;2;62;80;200;48;2;31;85;158m▅[0m
[38;2;0;74;135;48;2;40;42;40m▍[38;2;8;87;109;48;2;32;34;31m▖[38;2;25;87;149;48;2;40;42;40m▗[38;2;1;67;113;48;2;21;88;144m▔[38;2;8;86;125;48;2;30;62;81m▅[38;2;31;85;158;48;2;38;48;58m▅[38;2;40;42;40;48;2;66;79;206m▀[38;2;8;86;125;48;2;32;34;31m▝[38;2;73;77;215;48;2;73;77;215m▔[38;2;0;144;189;48;2;0;124;217m▃[38;2;0;157;173;48;2;4;120;219m▅[48;2;0;130;212m▆[38;2;0;141;198;48;2;0;164;165m▔[38;2;0;165;172;48;2;0;165;172m▔[38;2;21;164;172;48;2;0;157;173m▆[38;2;0;157;173;48;2;0;165;172m▔[38;2;0;124;217;48;2;0;157;173m▔[38;2;0;157;173;48;2;2;167;181m▔[48;2;0;165;172m▔[38;2;0;165;172m▔[38;2;0;124;217;48;2;0;157;173m▍[38;2;83;61;93;48;2;0;146;192m▐[38;2;173;46;39;48;2;235;86;65m▍[38;2;183;54;46m▃[38;2;127;62;58;48;2;186;80;73m▞[38;2;79;164;205;48;2;0;141;198m▘[38;2;20;103;196;48;2;4;120;219m▘[38;2;66;79;206;48;2;50;82;188m▍[38;2;8;87;109;48;2;59;81;190m▕[38;2;44;48;55;48;2;29;171;204m▏[38;2;29;171;204;48;2;43;171;212m▀[38;2;17;169;189;48;2;13;20;53m▍[38;2;91;174;243;48;2;0;89;91m▝[38;2;54;172;219;48;2;54;172;219m▔[38;2;43;171;212;48;2;29;171;204m▅[38;2;29;171;204;48;2;37;171;209m▝[38;2;54;172;219;48;2;29;171;204m▃[38;2;43;171;212;48;2;34;171;207m▅[48;2;29;171;204m▆[38;2;54;172;219;48;2;134;126;144m▊[38;2;163;131;126;48;2;20;12;7m▍[38;2;28;13;36;48;2;28;13;36m▔[38;2;98;92;100m▐[38;2;135;127;133;48;2;112;106;102m▆[38;2;153;134;129;48;2;127;103;101m▂[38;2;147;93;76;48;2;163;131;126m▀[38;2;106;81;76;48;2;226;92;84m▆[38;2;182;116;109;48;2;155;66;62m▅[38;2;150;146;156;48;2;129;107;122m▖[38;2;132;119;128m▝[38;2;108;65;63;48;2;19;9;28m▍[38;2;67;51;30;48;2;43;171;212m▍[38;2;29;171;204;48;2;29;171;204m▔[48;2;21;171;197m▁[38;2;21;169;194;48;2;29;171;204m▀[38;2;24;170;198;48;2;17;169;189m▆[38;2;21;171;197;48;2;29;171;204m▘[38;2;17;169;189;48;2;18;169;191m▔[38;2;21;171;197;48;2;17;169;189m▂[38;2;11;168;186m▀[38;2;17;169;189m▔[38;2;21;171;197m▂[38;2;31;85;158;48;2;2;167;181m▕[38;2;46;47;44;48;2;73;77;215m▍[38;2;45;91;222;48;2;51;83;160m▆[38;2;4;120;219;48;2;31;86;136m▗[48;2;40;84;172m▆[38;2;0;124;217m▆[38;2;2;119;190;48;2;8;86;125m▆[38;2;0;141;198;48;2;66;79;206m▆[48;2;21;88;144m▍[38;2;0;89;98;48;2;3;131;204m▁[38;2;39;40;64;48;2;42;71;162m▝[38;2;18;24;31;48;2;44;48;55m▅[38;2;45;84;183;48;2;1;67;113m▗[38;2;0;128;149m▅[38;2;46;47;44;48;2;21;84;128m▀[38;2;0;164;165;48;2;54;39;75m▃[38;2;73;77;215;48;2;46;47;44m▂[38;2;66;79;206m▖[0m
[38;2;20;12;7;48;2;32;34;31m▂[38;2;40;42;40;48;2;14;17;20m▀[38;2;31;65;110;48;2;32;34;31m▝[38;2;8;86;125;48;2;40;84;172m▖[38;2;40;84;172;48;2;15;87;125m▞[38;2;59;81;190;48;2;0;89;98m▀[38;2;8;86;125;48;2;66;79;206m▖[38;2;0;141;198m▃[38;2;25;75;104;48;2;0;130;212m▀[38;2;0;130;212;48;2;40;42;40m▀[38;2;0;124;217;48;2;0;143;193m▖[38;2;62;80;200;48;2;0;165;172m▂[38;2;0;164;165;48;2;0;164;165m▔[38;2;21;164;172;48;2;7;149;188m▃[48;2;21;164;172m▔[38;2;0;152;179;48;2;2;167;181m▕[38;2;0;164;165;48;2;2;139;194m▞[38;2;0;130;212;48;2;2;167;181m▃[38;2;66;79;206m▂[38;2;17;169;189;48;2;6;165;174m▂[38;2;3;131;204;48;2;2;167;181m▍[38;2;23;101;163;48;2;0;152;179m▝[38;2;226;92;84;48;2;94;54;74m▐[48;2;137;53;64m▘[38;2;172;141;85;48;2;83;26;19m▐[38;2;66;79;206;48;2;24;127;185m▁[38;2;0;130;212;48;2;0;130;212m▔[38;2;73;77;215;48;2;73;77;215m▔[38;2;12;88;119;48;2;66;79;206m▕[38;2;30;64;110;48;2;43;171;212m▏[38;2;54;172;219;48;2;54;172;219m▔[38;2;42;138;169;48;2;40;42;40m▍[38;2;66;79;206;48;2;43;47;65m▗[38;2;28;159;205;48;2;54;172;219m▘[38;2;54;172;219m▔[48;2;60;172;226m▂[38;2;60;172;226;48;2;43;171;212m▀[38;2;54;172;219;48;2;245;199;140m▀[38;2;213;155;115;48;2;54;172;219m▅[38;2;29;171;204;48;2;245;199;140m▀[38;2;76;47;24;48;2;213;155;115m▐[38;2;51;8;0;48;2;28;13;36m▖[38;2;104;83;103;48;2;35;10;35m▝[38;2;94;54;74;48;2;127;103;101m▂[38;2;112;106;102;48;2;184;169;184m▏[38;2;150;146;156;48;2;138;131;147m▍[38;2;134;126;144;48;2;135;127;133m▅[38;2;173;182;188;48;2;134;126;144m▐[38;2;186;196;209;48;2;150;146;156m▖[38;2;129;107;122;48;2;43;41;44m▊[38;2;124;95;72;48;2;44;29;30m▐[38;2;155;95;55;48;2;218;172;106m▁[38;2;251;181;110;48;2;157;141;114m▆[38;2;84;150;162;48;2;251;205;118m▀[38;2;243;203;127;48;2;43;171;212m▂[38;2;21;171;197;48;2;29;171;204m▂[38;2;43;171;212;48;2;43;171;212m▔[38;2;29;171;204;48;2;21;171;197m▅[48;2;29;171;204m▔[38;2;43;171;212;48;2;26;171;200m▍[38;2;24;171;199;48;2;29;171;204m▝[38;2;29;171;204;48;2;17;169;189m▃[38;2;0;130;212;48;2;21;171;197m▕[38;2;1;67;113;48;2;45;91;222m▍[38;2;66;79;206;48;2;66;79;206m▔[38;2;73;77;215;48;2;73;77;215m▔[38;2;0;124;217;48;2;0;89;98m▀[38;2;0;150;186;48;2;0;150;186m▔[38;2;15;129;172;48;2;10;138;172m▖[38;2;0;152;179;48;2;0;152;179m▔[38;2;79;75;221;48;2;40;42;40m▍[38;2;3;131;204;48;2;0;89;91m▐[38;2;39;40;64;48;2;8;87;109m▔[38;2;19;17;41m▀[38;2;21;88;144;48;2;36;62;81m▁[38;2;79;75;221;48;2;40;42;40m▊[38;2;45;84;183;48;2;34;85;147m▀[38;2;17;169;189;48;2;8;86;125m▀[38;2;27;76;115;48;2;0;124;217m▖[38;2;39;40;64;48;2;0;141;198m▐[0m
[38;2;32;34;31;48;2;11;23;36m▏[38;2;2;26;43;48;2;2;26;43m▔[38;2;28;32;33;48;2;10;16;23m▝[38;2;73;77;215;48;2;27;59;88m▐[38;2;0;124;217;48;2;23;94;172m▃[38;2;28;85;132;48;2;51;83;160m▃[38;2;0;130;212;48;2;31;86;136m▐[38;2;0;150;186;48;2;0;157;173m▘[38;2;21;164;172;48;2;7;159;172m▅[38;2;2;167;181;48;2;2;167;181m▔[38;2;0;141;198;48;2;30;66;79m▖[38;2;0;113;166;48;2;0;141;198m▍[38;2;3;131;204;48;2;19;99;144m▍[38;2;8;87;109;48;2;2;167;181m▁[48;2;17;169;189m▆[48;2;21;171;197m▆[38;2;51;83;160;48;2;51;83;160m▔[38;2;25;87;149;48;2;3;131;204m▆[38;2;31;85;158;48;2;7;135;173m▅[38;2;17;169;189;48;2;31;86;136m▝[38;2;46;47;44;48;2;29;171;204m▂[38;2;19;17;41;48;2;17;169;189m▅[38;2;28;13;36;48;2;98;44;75m▆[38;2;183;70;69;48;2;112;34;45m▀[38;2;190;158;100;48;2;83;26;19m▐[38;2;140;137;128;48;2;243;203;127m▀[38;2;157;141;114;48;2;73;77;215m▖[38;2;73;77;215;48;2;20;115;212m▝[38;2;17;110;211;48;2;59;81;190m▅[38;2;39;40;64;48;2;0;141;198m▂[38;2;56;78;84;48;2;149;150;147m▃[38;2;148;132;127;48;2;49;40;53m▍[38;2;74;172;237;48;2;73;77;215m▐[38;2;60;172;226;48;2;157;141;114m▀[38;2;54;172;219;48;2;172;141;85m▀[38;2;82;27;1;48;2;157;141;114m▂[38;2;245;199;140;48;2;143;122;98m▐[38;2;255;199;122;48;2;189;113;52m▊[38;2;159;92;35;48;2;82;27;1m▊[38;2;46;10;18;48;2;207;157;87m▆[38;2;43;11;35;48;2;43;11;35m▔[38;2;46;10;18;48;2;153;75;44m▀[38;2;176;85;28;48;2;176;85;28m▔[48;2;82;27;1m▆[38;2;119;56;46;48;2;150;146;156m▅[38;2;150;146;156m▔[38;2;117;111;125;48;2;134;126;144m▖[38;2;108;65;63m▁[38;2;184;169;184;48;2;153;75;44m▀[38;2;129;46;21;48;2;159;92;35m▂[38;2;159;92;35;48;2;102;30;14m▆[38;2;153;75;44;48;2;46;10;18m▃[38;2;67;12;18;48;2;217;144;59m▆[38;2;84;10;7;48;2;249;175;89m▃[38;2;230;182;103;48;2;251;205;118m▖[38;2;251;205;118;48;2;190;158;100m▆[48;2;140;137;128m▅[48;2;29;171;204m▂[38;2;21;171;197;48;2;43;171;212m▃[38;2;29;171;204;48;2;60;170;211m▀[48;2;43;171;212m▀▀[38;2;23;169;194m▝[38;2;0;89;91;48;2;3;131;204m▍[38;2;16;109;204;48;2;0;124;217m▕[38;2;0;130;212;48;2;0;130;212m▔[38;2;0;141;198;48;2;62;80;200m▆[38;2;0;136;200;48;2;0;157;173m▘[38;2;0;157;173m▔[38;2;21;164;172;48;2;21;164;172m▔[38;2;0;165;172;48;2;1;67;113m▍[38;2;0;157;173;48;2;56;87;197m▐[38;2;45;91;222;48;2;31;86;136m▍[38;2;46;47;44;48;2;12;88;119m▍[38;2;0;74;135;48;2;31;85;158m▍[38;2;0;152;179;48;2;32;34;31m▊[38;2;0;74;135;48;2;73;77;215m▏[38;2;51;83;160;48;2;30;64;110m▁[38;2;40;84;172m▝[38;2;34;66;87;48;2;0;124;217m▝[0m
[38;2;14;17;20;48;2;44;48;55m▀[38;2;2;26;43;48;2;27;59;88m▀[38;2;11;23;36;48;2;46;47;44m▀[38;2;4;131;152;48;2;12;88;119m▝[38;2;32;70;119;48;2;31;85;158m▗[38;2;21;84;128;48;2;32;57;73m▘[38;2;43;64;111;48;2;39;52;79m▝[38;2;37;65;119;48;2;35;52;83m▝[38;2;27;54;73;48;2;21;88;144m▆[38;2;23;51;76m▆[38;2;12;88;119;48;2;40;42;40m▂[38;2;73;77;215;48;2;32;34;31m▂[48;2;45;47;66m▂[38;2;0;136;202;48;2;40;42;40m▂[38;2;40;84;172m▃[38;2;8;86;125;48;2;32;34;31m▃[38;2;0;123;150;48;2;0;100;135m▝[38;2;43;171;212;48;2;1;67;113m▁[38;2;0;165;172;48;2;7;116;138m▁[38;2;0;136;202;48;2;31;85;158m▂[38;2;59;35;60;48;2;59;35;60m▔[38;2;106;34;52;48;2;28;13;36m▅[38;2;104;23;38;48;2;35;10;35m▆[38;2;81;27;43;48;2;69;19;38m▆[38;2;213;155;115;48;2;76;30;52m▐[38;2;180;124;60;48;2;253;198;104m▅[38;2;176;124;72;48;2;243;203;127m▞[38;2;190;158;100;48;2;0;136;202m▃[38;2;157;141;114;48;2;0;141;198m▅[38;2;49;40;53;48;2;190;158;100m▀[38;2;157;141;114;48;2;30;22;35m▂[38;2;197;162;122;48;2;49;40;53m▂[38;2;113;67;47;48;2;190;158;100m▁[38;2;76;47;24;48;2;245;199;140m▝[38;2;71;32;14;48;2;165;129;95m▘[38;2;173;135;98;48;2;51;8;0m▍[38;2;128;81;50;48;2;43;11;35m▝[38;2;84;10;7;48;2;249;175;89m▃[38;2;179;120;88;48;2;66;14;31m▘[38;2;61;23;31;48;2;50;8;31m▂[38;2;53;10;33m▔[38;2;153;75;44;48;2;66;14;31m▀[38;2;177;101;57;48;2;153;75;44m▃[38;2;144;60;14;48;2;136;48;3m▃[38;2;168;97;59;48;2;129;46;21m▖[38;2;91;35;32;48;2;159;92;35m▀[38;2;189;113;52;48;2;73;33;40m▆[38;2;153;75;44;48;2;84;10;7m▏[38;2;113;31;9;48;2;153;75;44m▊[38;2;159;92;35;48;2;159;92;35m▔[38;2;161;81;35;48;2;161;81;35m▔[38;2;51;8;0;48;2;129;46;21m▐[38;2;108;65;63;48;2;46;10;18m▝[38;2;46;10;18;48;2;102;26;29m▊[38;2;229;173;101;48;2;66;12;24m▀[38;2;207;157;87;48;2;45;12;29m▔[38;2;66;12;24;48;2;180;124;60m▆[38;2;243;203;127;48;2;155;95;55m▐[38;2;190;158;100;48;2;251;205;118m▐[38;2;54;172;219;48;2;54;172;219m▔[38;2;60;172;226m▂[38;2;74;172;237;48;2;60;172;226m▃[38;2;60;170;211;48;2;54;172;219m▝[38;2;66;79;206;48;2;0;89;91m▐[38;2;0;124;217;48;2;0;124;217m▔[38;2;0;146;192;48;2;8;87;109m▂[38;2;0;141;198;48;2;0;141;198m▔[38;2;0;146;192;48;2;0;146;192m▔[38;2;0;157;173;48;2;0;157;173m▔[38;2;17;169;189;48;2;17;169;189m▔[38;2;2;167;181;48;2;0;89;91m▂[38;2;21;171;197;48;2;31;85;158m▂[48;2;31;86;136m▂[48;2;21;88;144m▂[38;2;29;171;204;48;2;0;89;91m▂[48;2;12;88;119m▂[48;2;8;86;125m▂[38;2;43;171;212m▂[38;2;54;172;219;48;2;8;87;109m▂[48;2;31;85;158m▂[0m
[38;2;25;87;149;48;2;0;164;165m▂[38;2;51;83;160;48;2;0;165;172m▂[38;2;59;81;190;48;2;29;171;204m▂[48;2;17;169;189m▂[38;2;62;80;200;48;2;43;171;212m▂[38;2;79;75;221;48;2;17;169;189m▂[38;2;45;91;222m▂[38;2;66;79;206m▂[38;2;73;77;215;48;2;29;171;204m▂[38;2;0;124;217m▂[48;2;43;171;212m▂[38;2;65;112;216;48;2;54;172;219m▃[38;2;0;150;186m▃[38;2;0;130;212m▃▃[38;2;73;77;215m▃[38;2;25;87;149m▃[38;2;21;88;144;48;2;75;171;227m▃[38;2;25;87;149;48;2;60;172;226m▃[38;2;69;44;43;48;2;163;131;126m▂[38;2;62;80;200;48;2;153;134;129m▁[38;2;207;157;87;48;2;106;34;52m▃[38;2;102;26;29;48;2;108;31;39m▖[38;2;91;36;37;48;2;73;33;40m▊[38;2;125;98;74;48;2;76;47;24m▐[38;2;45;12;29;48;2;45;12;29m▔[38;2;97;65;61;48;2;52;12;40m▘[38;2;173;135;98;48;2;82;11;24m▐[38;2;190;158;100;48;2;190;158;100m▔[48;2;144;89;49m▂[38;2;82;27;1;48;2;245;199;140m▗[38;2;66;14;31m▃[38;2;76;47;24;48;2;157;115;63m▔[38;2;139;102;59;48;2;229;173;101m▂[38;2;207;157;87;48;2;139;102;59m▘[38;2;172;141;85;48;2;66;12;24m▘[38;2;58;15;39;48;2;52;12;40m▃[38;2;62;17;39;48;2;50;8;31m▔[38;2;50;8;31;48;2;62;17;39m▍[38;2;81;27;43;48;2;81;27;43m▔[48;2;66;14;31m▂[38;2;104;11;35;48;2;62;17;39m▃[38;2;92;21;39m▃[38;2;66;12;25;48;2;66;14;31m▐[38;2;66;14;31;48;2;95;37;39m▆[38;2;110;27;6;48;2;159;80;34m▖[38;2;164;82;28;48;2;180;102;43m▝[38;2;129;46;21;48;2;153;66;24m▁[38;2;150;84;60;48;2;82;11;24m▖[38;2;66;14;31;48;2;66;14;31m▔[48;2;50;8;31m▃[38;2;50;8;31;48;2;46;10;29m▅[38;2;46;10;18;48;2;50;8;31m▀[38;2;79;35;26;48;2;46;10;18m▕[38;2;190;158;100;48;2;71;32;14m▗[38;2;52;12;40;48;2;243;203;127m▀[38;2;139;102;59;48;2;45;12;29m▖[38;2;180;124;60;48;2;84;10;7m▐[38;2;222;172;82;48;2;253;192;81m▞[38;2;74;172;237;48;2;74;172;237m▔[38;2;88;64;61;48;2;113;165;245m▃[38;2;91;174;243;48;2;98;92;100m▀[38;2;83;77;73;48;2;129;157;243m▅[38;2;39;126;134;48;2;69;64;71m▀[38;2;17;169;189;48;2;83;77;73m▀[38;2;94;90;110;48;2;0;157;173m▃[38;2;28;106;123;48;2;0;165;172m▃[38;2;39;98;127;48;2;43;171;212m▃[38;2;2;117;129;48;2;2;167;181m▃[38;2;24;95;106m▃[38;2;29;96;111;48;2;17;169;189m▃[38;2;27;97;121;48;2;21;171;197m▃▃[38;2;14;112;161;48;2;29;171;204m▃[38;2;22;117;160;48;2;43;171;212m▃[38;2;19;117;149;48;2;29;171;204m▃[38;2;19;112;164;48;2;43;171;212m▃[38;2;24;117;152m▃[38;2;37;118;170;48;2;54;172;219m▃[38;2;39;117;180m▃[0m
[38;2;54;172;219;48;2;0;141;198m▂[38;2;43;171;212;48;2;43;171;212m▔▔[38;2;54;172;219;48;2;54;172;219m▔[38;2;43;171;212;48;2;43;171;212m▔[38;2;54;172;219;48;2;54;172;219m▔[38;2;60;172;226;48;2;60;172;226m▔[38;2;54;172;219;48;2;54;172;219m▔[38;2;75;171;227;48;2;75;171;227m▔[38;2;60;172;226;48;2;0;130;212m▀[38;2;54;172;219;48;2;0;152;179m▀[38;2;129;157;243;48;2;129;157;243m▔[38;2;0;136;202;48;2;46;158;223m▃[38;2;60;172;226;48;2;60;172;226m▔[38;2;74;172;237;48;2;74;172;237m▔[38;2;129;157;243;48;2;129;157;243m▔[38;2;113;165;245;48;2;113;165;245m▔[38;2;58;203;250;48;2;2;167;181m▂[38;2;181;175;169;48;2;84;64;80m▂[38;2;120;112;143;48;2;61;71;86m▃[38;2;69;44;43;48;2;90;68;80m▔[38;2;147;93;76;48;2;107;74;78m▔[38;2;81;27;43;48;2;98;69;88m▝[38;2;112;34;45;48;2;85;44;51m▘[38;2;157;141;114;48;2;76;47;24m▐[38;2;112;34;45;48;2;92;35;37m▂[38;2;61;32;46;48;2;81;27;43m▀[38;2;139;102;59;48;2;45;12;29m▝[38;2;173;135;98;48;2;52;12;40m▘[38;2;106;81;76m▘[38;2;97;58;61m▝[38;2;68;30;34;48;2;45;12;29m▖[38;2;43;11;35;48;2;61;24;38m▐[38;2;65;24;55;48;2;47;14;44m▗[38;2;45;12;29;48;2;61;23;31m▀[38;2;62;17;39;48;2;92;21;39m▍[38;2;69;17;38;48;2;45;12;29m▍[38;2;52;22;40;48;2;43;11;35m▍[38;2;45;12;29;48;2;61;23;31m▊[38;2;96;26;36;48;2;87;28;38m▀[38;2;104;23;38;48;2;96;26;36m▁[38;2;96;26;36;48;2;98;22;35m▆[38;2;104;23;38;48;2;96;26;36m▀[38;2;96;26;36;48;2;87;16;28m▍[38;2;83;22;33;48;2;85;29;39m▂[38;2;81;27;43m▕[48;2;136;78;52m▗[38;2;102;26;29;48;2;102;26;29m▔[38;2;92;21;39;48;2;82;17;31m▆[38;2;102;26;29;48;2;66;12;24m▅[38;2;66;14;31;48;2;96;26;36m▀[38;2;66;12;24;48;2;66;12;24m▔[38;2;66;14;31;48;2;66;14;31m▔[38;2;67;12;18;48;2;67;12;18m▔[38;2;46;10;18;48;2;253;198;104m▃[38;2;66;12;24;48;2;255;199;122m▃[38;2;253;192;81;48;2;129;46;21m▏[38;2;84;10;7;48;2;84;10;7m▔[38;2;116;61;64;48;2;82;11;24m▝[38;2;176;85;28;48;2;251;205;118m▖[38;2;251;205;118;48;2;69;64;71m▖[38;2;69;64;71;48;2;30;22;35m▀[38;2;30;22;35;48;2;83;77;73m▅[38;2;43;41;44;48;2;77;72;79m▊[38;2;94;90;110;48;2;94;90;110m▔[38;2;197;162;122;48;2;112;106;102m▁[48;2;135;118;108m▔[38;2;191;167;142;48;2;71;66;87m▔[38;2;96;73;51;48;2;49;134;142m▁[38;2;20;107;221;48;2;43;171;212m▁[38;2;29;171;204;48;2;29;171;204m▔▔[38;2;43;171;212;48;2;43;171;212m▔[38;2;29;171;204;48;2;29;171;204m▔[38;2;43;171;212;48;2;43;171;212m▔▔[38;2;60;170;211;48;2;60;170;211m▔[38;2;54;172;219;48;2;54;172;219m▔[38;2;60;172;226;48;2;60;172;226m▔[38;2;43;171;212;48;2;43;171;212m▔[0m
[38;2;21;88;144;48;2;43;171;212m▔[38;2;31;85;158;48;2;54;172;219m▔[48;2;21;171;197m▔[38;2;51;83;160;48;2;29;171;204m▔[38;2;21;88;144;48;2;21;171;197m▔[38;2;25;87;149;48;2;17;169;189m▔[38;2;31;85;158;48;2;43;171;212m▔[38;2;59;81;190;48;2;54;172;219m▔[38;2;8;87;109;48;2;17;150;175m▗[38;2;0;146;192;48;2;55;160;225m▔[48;2;37;162;213m▃[38;2;31;86;136;48;2;45;139;187m▊[38;2;54;141;224;48;2;45;91;222m▀[38;2;54;116;184;48;2;57;149;209m▐[38;2;37;138;187;48;2;29;171;204m▍[38;2;59;81;190;48;2;91;174;243m▔[38;2;66;109;172;48;2;143;152;247m▗[38;2;57;63;94;48;2;31;234;235m▃[38;2;71;66;87;48;2;129;127;126m▂[38;2;83;77;73;48;2;127;103;101m▃[38;2;59;35;60;48;2;157;141;114m▃[38;2;83;61;93m▃[38;2;49;40;53;48;2;191;165;161m▃[38;2;163;131;126;48;2;91;74;80m▘[38;2;82;42;37;48;2;176;134;111m▊[38;2;135;48;46;48;2;112;34;45m▝[38;2;100;28;38m▐[38;2;52;12;40;48;2;61;23;31m▘[38;2;73;33;40;48;2;62;25;35m▍[38;2;76;30;52;48;2;52;12;40m▍[38;2;62;17;41;48;2;70;21;41m▘[38;2;69;44;43;48;2;62;17;39m▆[38;2;61;32;46;48;2;74;47;47m▞[38;2;243;203;127;48;2;73;33;40m▁[48;2;69;57;50m▂[48;2;69;44;43m▂[38;2;52;38;55;48;2;49;40;53m▏[38;2;35;10;35;48;2;50;8;31m▀[38;2;53;26;48;48;2;45;12;29m▖[38;2;62;17;39;48;2;96;26;36m▍[38;2;102;26;29;48;2;104;11;35m▀[38;2;104;23;38;48;2;104;23;38m▔[38;2;96;26;36;48;2;96;26;36m▔▔[38;2;82;11;24;48;2;90;20;31m▔[38;2;83;25;42;48;2;92;21;39m▐[38;2;101;69;72;48;2;73;33;40m▝[38;2;70;13;33;48;2;104;23;38m▖[38;2;96;26;36;48;2;96;26;36m▔[38;2;102;26;29;48;2;102;26;29m▔[48;2;89;16;25m▅[38;2;80;17;22;48;2;102;26;29m▝[38;2;82;11;24;48;2;67;12;18m▅[38;2;50;8;31;48;2;45;12;29m▊[38;2;42;8;18;48;2;35;10;35m▗[38;2;150;108;73;48;2;82;27;1m▐[38;2;110;27;6;48;2;197;162;122m▔[38;2;125;98;74;48;2;207;157;87m▂[38;2;140;137;128;48;2;110;27;6m▆[38;2;126;67;52;48;2;153;134;129m▀[38;2;100;72;31;48;2;251;205;118m▖[38;2;172;141;85;48;2;69;57;50m▏[38;2;69;64;71;48;2;149;125;102m▅[38;2;96;73;51;48;2;96;73;51m▔[38;2;71;66;87;48;2;245;199;140m▆[38;2;197;162;122;48;2;69;64;71m▔[38;2;95;85;75;48;2;112;106;102m▍[38;2;201;152;130;48;2;94;54;74m▝[38;2;127;103;101;48;2;149;120;116m▐[38;2;153;134;129;48;2;83;77;73m▔[38;2;150;146;156;48;2;150;146;156m▔[38;2;74;172;237m▝[38;2;75;171;227;48;2;54;172;219m▅[38;2;54;172;219;48;2;60;172;226m▀[48;2;67;171;224m▔[38;2;60;172;226;48;2;54;172;219m▅[38;2;59;172;225;48;2;60;172;226m▘[38;2;54;172;219;48;2;67;171;224m▁[38;2;74;172;237;48;2;60;172;226m▂[38;2;54;172;219;48;2;54;172;219m▔[0m
[38;2;54;172;219;48;2;54;172;219m▔▔[38;2;21;164;172;48;2;29;171;204m▀[38;2;29;171;204m▔[38;2;43;171;212;48;2;43;171;212m▔[38;2;29;171;204;48;2;29;171;204m▔[38;2;60;172;226;48;2;60;172;226m▔[38;2;54;172;219;48;2;54;172;219m▔[48;2;49;40;53m▊[38;2;88;64;61;48;2;61;23;31m▃[38;2;61;23;31;48;2;70;30;38m▊[38;2;87;58;46;48;2;96;73;51m▍[38;2;86;45;48;48;2;73;33;40m▂[38;2;80;56;54;48;2;69;44;43m▐[38;2;0;164;165;48;2;69;57;50m▝[38;2;29;171;204;48;2;31;234;235m▍[38;2;57;63;94;48;2;160;203;236m▁[38;2;61;71;86;48;2;116;117;129m▅[38;2;92;92;96;48;2;80;84;92m▝[38;2;112;106;102;48;2;79;74;78m▂[48;2;69;64;71m▃[38;2;135;127;133;48;2;108;65;63m▃[38;2;140;137;128;48;2;83;77;73m▃[38;2;126;112;108;48;2;109;98;94m▝[38;2;82;42;37;48;2;127;103;101m▊[38;2;83;77;73;48;2;83;77;73m▔[38;2;55;40;40m▗[38;2;100;82;77;48;2;82;42;37m▃[38;2;140;137;128;48;2;81;27;43m▃[38;2;66;79;206;48;2;61;32;46m▂[38;2;66;52;61m▝[38;2;83;77;73;48;2;30;22;35m▘[38;2;74;43;49;48;2;37;15;27m▝[38;2;111;53;45;48;2;85;29;39m▘[38;2;82;42;37;48;2;66;12;24m▕[38;2;96;26;36;48;2;42;18;13m▏[38;2;108;65;63;48;2;69;44;43m▏[38;2;54;14;37;48;2;43;11;35m▖[38;2;43;11;35;48;2;53;26;50m▍[38;2;50;8;31;48;2;70;30;38m▘[38;2;92;21;39;48;2;106;34;52m▂[38;2;112;34;45;48;2;96;26;36m▘[38;2;96;26;36m▔[38;2;92;21;39m▐[38;2;73;19;34;48;2;85;29;39m▗[38;2;66;14;31;48;2;92;21;39m▃[38;2;37;15;27;48;2;91;36;37m▝[38;2;61;71;86;48;2;34;37;57m▁[38;2;83;29;35;48;2;83;29;35m▔[38;2;83;26;19;48;2;91;26;29m▁[38;2;96;26;36;48;2;102;26;29m▅[38;2;102;24;32;48;2;104;23;38m▀[38;2;96;26;36;48;2;76;9;33m▍[38;2;46;10;18;48;2;50;8;31m▐[38;2;51;8;0;48;2;119;56;46m▀[38;2;150;117;86;48;2;173;135;98m▘[38;2;82;42;37;48;2;106;81;76m▝[38;2;137;91;88;48;2;92;66;63m▝[38;2;191;165;161;48;2;135;48;46m▘[38;2;155;66;62;48;2;155;66;62m▔[38;2;209;138;84;48;2;152;35;36m▐[38;2;125;98;74;48;2;221;173;96m▐[38;2;69;57;50;48;2;69;57;50m▔[38;2;67;51;30;48;2;67;51;30m▔[38;2;55;40;40;48;2;55;40;40m▔[38;2;96;73;51;48;2;96;73;51m▔[38;2;134;115;90m▀[38;2;112;106;102;48;2;83;77;73m▐[38;2;201;152;130;48;2;108;65;63m▀[38;2;85;44;51;48;2;153;134;129m▅[38;2;150;146;156m▝[38;2;157;141;114;48;2;150;146;156m▃[38;2;143;152;247;48;2;60;172;226m▀[38;2;29;171;204;48;2;75;171;227m▂[38;2;17;169;189m▁[38;2;2;167;181m▁[38;2;17;169;189;48;2;74;172;237m▁[38;2;29;171;204;48;2;60;172;226m▁[38;2;43;171;212;48;2;91;174;243m▁[38;2;21;171;197;48;2;60;172;226m▁[0m
[38;2;60;172;226;48;2;57;172;223m▊[38;2;47;171;214;48;2;54;172;219m▝[38;2;54;172;219;48;2;38;171;209m▅[48;2;29;171;204m▅[38;2;29;171;204;48;2;54;172;219m▀[38;2;44;171;213;48;2;29;171;204m▍[38;2;60;172;226;48;2;54;172;219m▂[38;2;74;172;237;48;2;65;172;230m▁[38;2;47;170;214;48;2;74;172;237m▝[38;2;96;54;55;48;2;61;23;31m▃[38;2;61;23;31;48;2;82;42;37m▔[38;2;87;53;42m▗[38;2;88;64;61;48;2;67;51;30m▘[38;2;83;57;47;48;2;76;47;24m▝[38;2;88;64;61;48;2;55;40;40m▘[38;2;60;172;226;48;2;27;59;88m▝[38;2;207;193;188;48;2;136;128;139m▅[38;2;39;40;64;48;2;243;203;127m▀[38;2;35;55;77;48;2;245;199;140m▀[38;2;140;137;128;48;2;140;137;128m▔[38;2;255;199;122;48;2;83;77;73m▂[38;2;191;167;142;48;2;100;72;31m▃[38;2;194;144;96;48;2;245;199;140m▀[38;2;111;53;23;48;2;190;158;100m▔[38;2;83;26;19;48;2;163;131;126m▊[38;2;96;73;51;48;2;96;73;51m▔[38;2;69;64;71;48;2;157;141;114m▆[38;2;79;89;133;48;2;46;47;44m▐[38;2;106;81;76;48;2;140;137;128m▁[38;2;66;79;206;48;2;0;89;98m▊[38;2;117;111;125;48;2;74;66;80m▁[38;2;69;64;71;48;2;28;13;36m▍[38;2;113;67;47;48;2;37;15;27m▐[38;2;113;54;58;48;2;42;18;13m▂[38;2;82;42;37;48;2;61;23;31m▂[38;2;77;50;57;48;2;61;32;46m▘[38;2;61;23;31;48;2;79;38;46m▍[38;2;108;65;63;48;2;62;17;39m▖[38;2;37;10;37;48;2;35;10;35m▂[38;2;50;8;31;48;2;67;26;37m▍[38;2;82;24;52;48;2;62;17;39m▞[38;2;92;21;39;48;2;92;21;39m▔[38;2;96;26;36;48;2;96;26;36m▔[38;2;92;21;39;48;2;104;32;50m▂[38;2;91;30;37;48;2;92;21;39m▐[38;2;92;21;39;48;2;66;14;31m▃[38;2;85;29;39;48;2;74;20;34m▃[38;2;76;30;52;48;2;50;16;44m▍[38;2;59;35;60;48;2;39;21;45m▃[38;2;89;18;30;48;2;96;26;36m▝[38;2;104;23;38;48;2;104;23;38m▔[38;2;82;11;24m▃[38;2;66;14;31;48;2;66;14;31m▔[48;2;46;10;18m▃[38;2;76;9;33;48;2;76;9;33m▔[38;2;122;75;45;48;2;157;141;114m▍[38;2;127;103;101;48;2;88;64;61m▏[38;2;106;81;76;48;2;113;54;58m▀[38;2;82;42;37;48;2;127;57;52m▁[38;2;135;53;37;48;2;82;42;37m▆[38;2;129;46;21;48;2;160;57;34m▁[38;2;136;48;3;48;2;192;129;82m▆[38;2;173;135;98;48;2;69;57;50m▍[38;2;253;198;104;48;2;67;51;30m▁▁[48;2;55;40;40m▁▁[38;2;67;51;30;48;2;106;81;76m▃[38;2;69;64;71;48;2;69;64;71m▔[38;2;157;141;114;48;2;69;57;50m▁[38;2;213;155;115;48;2;172;141;85m▝[38;2;139;102;59;48;2;253;192;81m▔[38;2;253;198;104;48;2;190;158;100m▆[38;2;243;203;127;48;2;140;137;128m▆[38;2;31;85;158;48;2;243;203;127m▔[48;2;113;165;245m▔[38;2;40;84;172m▔[48;2;74;172;237m▔[38;2;45;84;183m▔[38;2;40;84;172m▔[0m
[38;2;54;172;219;48;2;60;170;211m▁[38;2;57;171;223;48;2;43;171;212m▔[38;2;49;171;216m▅[38;2;47;171;214;48;2;54;172;219m▘[38;2;60;172;226m▐[38;2;54;172;219m▔[38;2;60;172;226;48;2;60;172;226m▔[38;2;91;174;243;48;2;81;172;233m▐[38;2;89;169;246;48;2;113;165;245m▍[38;2;91;174;243;48;2;43;41;44m▍[38;2;90;52;56;48;2;61;32;46m▘[38;2;61;32;46;48;2;87;62;49m▍[38;2;69;44;43;48;2;72;47;46m▔[48;2;69;44;43m▔[38;2;113;67;47;48;2;67;51;30m▅[38;2;101;82;63;48;2;32;34;31m▞[38;2;98;92;100;48;2;181;175;169m▃[48;2;222;190;150m▆[38;2;148;136;128;48;2;112;106;102m▖[38;2;69;64;71;48;2;243;203;127m▅[38;2;243;203;127;48;2;106;81;76m▘[38;2;127;103;101;48;2;251;205;118m▆[38;2;255;199;122;48;2;163;131;126m▀[38;2;213;155;115;48;2;127;103;101m▀[38;2;96;26;36;48;2;176;134;111m▊[38;2;20;12;7m▆[38;2;24;12;44;48;2;191;167;142m▆[38;2;125;98;74;48;2;35;10;35m▂[38;2;30;22;35;48;2;30;22;35m▔[38;2;35;10;35;48;2;222;190;150m▆[38;2;42;18;13;48;2;188;177;159m▆[38;2;55;40;40;48;2;28;13;36m▍[38;2;73;33;40;48;2;85;44;51m▊[38;2;84;32;28;48;2;113;67;47m▃[38;2;70;27;43;48;2;62;17;39m▂[38;2;61;23;31;48;2;61;23;31m▔[38;2;76;36;43;48;2;70;30;38m▝[38;2;155;66;62;48;2;86;40;30m▝[38;2;50;8;31;48;2;104;36;51m▝[38;2;56;16;45;48;2;65;24;55m▖[38;2;70;14;43;48;2;82;24;52m▖[38;2;62;17;39m▗[38;2;66;14;31;48;2;96;26;36m▃[38;2;71;17;31;48;2;81;27;43m▗[38;2;76;9;33;48;2;102;26;29m▖[38;2;99;22;38;48;2;104;23;38m▂[38;2;96;26;36;48;2;87;16;28m▃[38;2;102;26;29;48;2;104;23;38m▐[38;2;83;61;93;48;2;76;30;52m▂[38;2;90;22;45;48;2;150;146;156m▀[38;2;96;26;36;48;2;120;112;143m▀[38;2;134;126;144;48;2;81;27;43m▖[38;2;96;26;36;48;2;96;26;36m▔[38;2;77;41;63;48;2;62;17;39m▖[38;2;81;27;43;48;2;46;10;18m▝[38;2;111;53;23;48;2;197;162;122m▍[38;2;92;86;89;48;2;83;77;73m▘[38;2;99;86;83m▝[38;2;119;56;46;48;2;149;58;40m▍[38;2;167;60;37;48;2;167;60;37m▔[38;2;138;53;36;48;2;129;46;21m▘[38;2;129;46;21;48;2;46;10;18m▘[38;2;90;55;39;48;2;180;124;60m▆[38;2;37;15;27;48;2;253;198;104m▆[38;2;46;10;18m▆▆[38;2;251;205;118;48;2;46;10;18m▔[38;2;28;17;23;48;2;172;141;85m▆[38;2;125;98;74;48;2;46;10;18m▂[38;2;0;165;172;48;2;42;18;13m▂[38;2;29;171;204;48;2;37;15;27m▂[38;2;91;174;243;48;2;0;89;91m▂[38;2;60;172;226;48;2;111;53;23m▃[38;2;43;41;44;48;2;74;172;237m▀[38;2;91;174;243;48;2;2;26;43m▅[38;2;89;169;246;48;2;89;169;246m▔[38;2;75;171;227;48;2;60;172;226m▀[38;2;60;172;226;48;2;74;172;237m▍[38;2;75;171;227;48;2;75;171;227m▔[38;2;88;169;240;48;2;74;172;237m▃[0m
[38;2;43;171;212;48;2;43;171;212m▔[38;2;54;172;219;48;2;54;172;219m▔▔[38;2;60;172;226m▆[48;2;74;172;237m▀[38;2;74;172;237;48;2;54;172;219m▆[38;2;84;169;239;48;2;113;165;245m▀[38;2;113;165;245;48;2;143;152;247m▘[38;2;58;203;250;48;2;113;165;245m▃[38;2;34;238;247;48;2;46;47;44m▊[38;2;63;46;45;48;2;78;57;55m▖[38;2;82;42;37;48;2;82;42;37m▔[38;2;85;44;51;48;2;73;33;40m▞[38;2;73;33;40;48;2;89;61;47m▞[48;2;125;98;74m▆[38;2;69;38;43;48;2;44;29;30m▘[38;2;43;41;44;48;2;71;66;87m▍[38;2;109;102;116;48;2;69;64;71m▞[38;2;95;90;90m▘[38;2;69;57;50;48;2;106;81;76m▍[38;2;112;106;102;48;2;112;106;102m▔[38;2;99;86;83;48;2;83;77;73m▖[38;2;94;71;76;48;2;104;83;103m▐[38;2;127;103;101;48;2;112;90;102m▞[38;2;191;165;161;48;2;76;30;52m▕[38;2;208;188;172;48;2;28;13;36m▊[38;2;19;9;28;48;2;19;9;28m▔[38;2;49;40;53;48;2;73;63;73m▏[38;2;19;17;41;48;2;28;13;36m▊[38;2;49;40;53;48;2;212;203;217m▍[38;2;208;188;172;48;2;114;104;97m▖[38;2;44;29;30;48;2;30;22;35m▏[38;2;73;33;40;48;2;101;47;43m▀[38;2;66;14;31;48;2;66;14;31m▔[38;2;85;44;51;48;2;73;24;30m▗[48;2;73;24;34m▅[38;2;76;36;43;48;2;67;28;36m▗[38;2;58;27;27;48;2;68;34;36m▅[38;2;71;38;42;48;2;61;23;31m▖[38;2;74;44;46m▂[38;2;70;14;43;48;2;35;10;35m▀[38;2;41;11;41;48;2;81;27;43m▃[38;2;92;21;39;48;2;52;12;40m▏[38;2;70;25;47;48;2;62;17;39m▃[38;2;66;14;31;48;2;104;83;103m▀[38;2;104;23;38;48;2;147;143;171m▀[38;2;104;83;103;48;2;113;16;30m▃[38;2;125;73;90;48;2;106;34;52m▅[38;2;106;34;52;48;2;134;126;144m▃[38;2;94;90;110;48;2;127;123;148m▔[38;2;147;143;171;48;2;98;92;100m▏[38;2;115;87;104;48;2;76;30;52m▍[38;2;61;23;31m▀[38;2;73;33;40;48;2;45;12;29m▆[48;2;73;33;40m▔[38;2;159;134;110;48;2;191;167;142m▘[38;2;88;64;61;48;2;190;158;100m▀[38;2;157;141;114;48;2;69;64;71m▃[38;2;191;165;161;48;2;84;64;80m▃[38;2;184;169;184;48;2;119;56;46m▂[38;2;153;134;129;48;2;67;12;18m▖[38;2;28;17;23;48;2;28;17;23m▔[38;2;55;40;40;48;2;150;146;156m▍[38;2;207;193;188;48;2;114;106;101m▗[38;2;140;137;128;48;2;28;17;23m▍[38;2;28;17;23;48;2;31;234;235m▊[38;2;36;140;195m▗[38;2;65;129;166;48;2;58;203;250m▘[38;2;115;163;245;48;2;143;152;247m▝[38;2;89;169;246;48;2;91;174;243m▃[38;2;74;172;237;48;2;129;157;243m▀[48;2;74;172;237m▔[38;2;104;168;244;48;2;94;172;243m▖[38;2;74;172;237;48;2;84;173;240m▃[38;2;75;171;227;48;2;129;157;243m▞[38;2;74;171;233;48;2;75;171;227m▖[38;2;69;171;225;48;2;54;172;219m▀[38;2;65;171;226;48;2;60;172;226m▝[38;2;66;172;231m▍[38;2;74;172;237;48;2;74;172;237m▔[0m
[38;2;54;172;219;48;2;43;171;212m▝[48;2;54;172;219m▔[38;2;60;172;226;48;2;56;172;221m▅[38;2;70;172;234;48;2;60;172;226m▐[38;2;75;171;227;48;2;74;172;237m▅[38;2;85;172;237;48;2;91;174;243m▖[38;2;129;157;243;48;2;89;169;246m▀[48;2;129;157;243m▔[38;2;143;152;247;48;2;91;174;243m▆[38;2;129;157;243;48;2;58;203;250m▃[38;2;83;77;73;48;2;69;44;43m▖[38;2;82;43;39;48;2;84;50;46m▊[38;2;83;47;43;48;2;86;58;55m▖[38;2;71;32;14;48;2;102;58;38m▆[38;2;90;52;56;48;2;61;32;46m▘[38;2;61;32;46;48;2;82;42;37m▀[38;2;71;38;47;48;2;30;22;35m▞[38;2;205;209;221;48;2;98;92;100m▐[38;2;129;107;122;48;2;84;64;80m▂[38;2;91;71;88;48;2;104;83;103m▞[38;2;94;90;110;48;2;95;90;106m▊[38;2;98;92;100;48;2;84;64;80m▁[38;2;104;83;103;48;2;104;83;103m▔[38;2;181;175;169;48;2;87;82;99m▗[38;2;158;140;154;48;2;73;33;40m▏[38;2;181;177;186;48;2;84;64;80m▊[38;2;19;17;41;48;2;19;9;28m▂[38;2;69;64;71;48;2;102;97;104m▏[38;2;28;13;36;48;2;24;12;44m▍[38;2;54;39;75;48;2;212;203;217m▍[38;2;44;29;30;48;2;181;175;169m▐[38;2;71;37;41;48;2;37;15;27m▂[38;2;108;65;63;48;2;61;23;31m▔[38;2;113;67;47;48;2;73;33;40m▁[38;2;118;43;42;48;2;72;24;38m▁[38;2;85;44;51;48;2;67;12;18m▃[38;2;78;27;35;48;2;82;42;37m▀[38;2;113;67;47;48;2;67;12;18m▝[38;2;82;42;37;48;2;41;11;41m▀[38;2;43;11;35;48;2;108;65;63m▆[38;2;29;11;35;48;2;35;10;35m▘[38;2;41;11;41;48;2;41;11;41m▔[38;2;52;12;40;48;2;52;12;40m▔[38;2;37;15;27;48;2;89;90;122m▊[38;2;68;76;120;48;2;79;89;133m▗[38;2;57;63;94;48;2;120;112;143m▃[38;2;54;39;75;48;2;107;99;116m▝[38;2;83;61;93;48;2;52;12;40m▍[38;2;76;30;52;48;2;49;11;44m▔[38;2;43;11;35;48;2;94;54;74m▊[38;2;75;38;57;48;2;45;12;29m▗[38;2;113;54;58;48;2;43;11;35m▁[38;2;94;54;74;48;2;46;10;18m▏[38;2;126;73;64;48;2;66;14;31m▐[38;2;149;127;118;48;2;85;44;51m▝[38;2;183;153;139;48;2;217;190;162m▖[38;2;217;190;162;48;2;190;158;100m▖[38;2;169;152;128;48;2;208;188;172m▍[38;2;191;165;161;48;2;191;165;161m▔▔[38;2;188;177;159;48;2;44;29;30m▍[38;2;28;18;27;48;2;28;18;27m▔[38;2;55;40;40;48;2;208;188;172m▍[38;2;136;117;107;48;2;188;177;159m▐[38;2;153;134;129;48;2;37;15;27m▘[38;2;44;29;30;48;2;77;68;73m▊[38;2;98;92;100;48;2;47;213;250m▘[38;2;113;165;245;48;2;113;165;245m▔[38;2;74;172;237;48;2;143;152;247m▂[48;2;74;172;237m▔[38;2;91;174;243;48;2;60;172;226m▝[38;2;89;169;246;48;2;75;171;227m▀[38;2;54;172;219;48;2;74;172;237m▂[48;2;91;174;243m▅[38;2;74;172;237;48;2;75;171;227m▀[48;2;60;172;226m▀[38;2;60;172;226;48;2;75;171;227m▃[38;2;54;172;219;48;2;60;172;226m▃[48;2;54;172;219m▔▔[0m
[38;2;29;171;204;48;2;54;172;219m▂[38;2;60;170;211;48;2;43;171;212m▀[38;2;43;171;212;48;2;51;171;217m▍[38;2;60;172;226;48;2;57;172;223m▀[38;2;69;171;225;48;2;54;172;219m▐[38;2;75;171;227;48;2;74;171;234m▞[38;2;91;174;243;48;2;80;172;239m▀[38;2;103;166;243;48;2;74;172;237m▗[38;2;102;168;243;48;2;113;165;245m▞[38;2;79;190;249;48;2;143;152;247m▐[38;2;43;41;44;48;2;58;203;250m▐[38;2;81;27;43;48;2;113;54;58m▐[38;2;93;42;48;48;2;85;29;39m▝[38;2;85;44;51;48;2;66;14;31m▃[48;2;86;34;46m▔[38;2;91;36;37;48;2;83;26;19m▂[38;2;92;40;35;48;2;108;65;63m▍[38;2;122;115;132;48;2;24;12;44m▝[38;2;160;203;236;48;2;93;183;225m▘[38;2;117;111;125;48;2;91;174;243m▀[38;2;29;171;204;48;2;84;64;80m▖[38;2;94;90;110;48;2;79;75;95m▁[48;2;71;66;87m▀[38;2;91;174;243;48;2;0;124;217m▝[38;2;120;112;143;48;2;59;35;60m▏[38;2;91;86;106;48;2;91;86;106m▔[38;2;255;199;122;48;2;20;15;57m▂[38;2;251;205;118;48;2;12;88;119m▃[38;2;28;17;23;48;2;251;205;118m▀[38;2;255;199;122;48;2;125;98;74m▅[38;2;253;198;104;48;2;96;73;51m▆[38;2;251;205;118;48;2;100;72;31m▆[38;2;255;199;122;48;2;139;102;59m▆[38;2;136;77;40;48;2;218;146;80m▔[48;2;254;171;72m▔[38;2;217;144;59;48;2;104;23;38m▖[38;2;76;30;52;48;2;76;30;52m▔[38;2;190;158;100;48;2;65;24;55m▂[38;2;49;11;44;48;2;49;11;44m▔[38;2;61;23;31;48;2;39;10;50m▂[38;2;49;11;44;48;2;49;11;44m▔[38;2;39;10;50;48;2;197;162;122m▀[38;2;45;12;29;48;2;173;135;98m▂[38;2;65;24;55;48;2;65;24;55m▔[38;2;59;9;60;48;2;59;9;60m▔[38;2;120;112;143;48;2;70;14;43m▔[38;2;54;39;75;48;2;49;11;44m▔[38;2;111;53;23;48;2;62;17;39m▁[38;2;110;27;6;48;2;52;12;40m▁[38;2;44;11;42;48;2;49;11;44m▀[38;2;91;36;37;48;2;50;8;31m▐[38;2;66;12;24;48;2;113;54;58m▔[38;2;37;15;27;48;2;113;67;47m▔[38;2;113;54;58;48;2;113;54;58m▔[38;2;104;23;38;48;2;135;48;46m▃[38;2;127;103;101;48;2;90;22;45m▝[38;2;43;171;212;48;2;191;167;142m▃[38;2;181;177;186;48;2;54;172;219m▀[38;2;100;113;162;48;2;129;157;243m▝[38;2;74;172;237;48;2;74;172;237m▔[38;2;89;169;246;48;2;54;73;94m▖[38;2;44;29;30;48;2;37;15;27m▁[38;2;78;80;87;48;2;181;177;186m▍[38;2;60;168;205;48;2;58;203;250m▝[38;2;2;167;181;48;2;37;15;27m▍[38;2;30;22;35;48;2;79;120;153m▊[38;2;58;203;250;48;2;102;174;245m▊[38;2;48;140;223;48;2;129;157;243m▗[38;2;65;129;211;48;2;89;169;246m▖[38;2;75;171;227;48;2;91;174;243m▝[48;2;60;172;226m▃[38;2;60;172;226;48;2;54;172;219m▍[38;2;43;171;212m▅[38;2;29;171;204m▆▅▃[48;2;43;171;212m▃[38;2;43;171;212;48;2;21;171;197m▀[48;2;29;171;204m▀[38;2;54;172;219;48;2;38;171;209m▐[0m
[38;2;21;171;197;48;2;26;171;201m▁[48;2;29;171;204m▃[38;2;29;171;204;48;2;43;171;212m▍[38;2;54;172;219;48;2;54;172;219m▔[48;2;59;172;225m▔[38;2;89;169;246;48;2;75;171;227m▅[38;2;75;171;227;48;2;91;174;243m▂[38;2;91;174;243;48;2;75;171;227m▀[38;2;43;171;212;48;2;113;165;245m▃[38;2;29;171;204;48;2;143;152;247m▃[38;2;43;171;212;48;2;8;86;125m▊[38;2;85;44;51;48;2;41;11;41m▘[38;2;21;171;197;48;2;73;33;40m▂[38;2;0;165;172;48;2;59;35;60m▁[38;2;0;130;212;48;2;82;42;37m▁[38;2;60;23;70;48;2;91;36;37m▂[38;2;61;32;46;48;2;113;54;58m▂[38;2;44;27;58;48;2;20;15;57m▘[38;2;17;169;189;48;2;32;34;31m▐[38;2;21;171;197;48;2;0;164;165m▀[38;2;0;141;198;48;2;0;141;198m▔[38;2;0;136;202;48;2;57;63;94m▆[38;2;0;124;217;48;2;0;124;217m▔[38;2;0;141;198;48;2;255;199;122m▀[38;2;189;113;52m▀[38;2;239;177;87;48;2;253;198;104m▘[38;2;254;171;72;48;2;251;205;118m▅[38;2;136;77;40;48;2;255;199;122m▂[38;2;136;48;3m▃[38;2;217;144;59m▂[38;2;253;178;81;48;2;253;198;104m▝[38;2;253;194;89m▅[38;2;253;198;104;48;2;253;192;81m▀[38;2;253;192;81;48;2;240;156;47m▍[38;2;254;171;72;48;2;249;175;89m▂[38;2;223;143;62;48;2;254;171;72m▝[38;2;249;175;89;48;2;194;116;55m▂[38;2;229;173;101;48;2;205;145;89m▀[38;2;207;157;87;48;2;125;98;74m▂[38;2;96;26;36;48;2;138;83;75m▀[38;2;131;96;78;48;2;61;32;46m▀[38;2;43;11;35;48;2;43;11;35m▔[38;2;50;8;31;48;2;40;9;33m▐[38;2;49;11;44;48;2;49;11;44m▔[38;2;102;26;29;48;2;254;171;72m▀[38;2;254;171;72;48;2;113;54;58m▅[38;2;136;77;40;48;2;253;192;81m▔[38;2;61;32;46;48;2;217;144;59m▂[38;2;113;67;47;48;2;113;67;47m▔[38;2;111;53;23;48;2;111;53;23m▔[38;2;88;64;61;48;2;67;12;18m▖[38;2;135;48;46m▝[48;2;135;48;46m▔[38;2;112;34;45;48;2;112;34;45m▔[38;2;85;29;39;48;2;63;15;34m▍[38;2;40;84;172;48;2;24;12;44m▂[38;2;6;96;136;48;2;0;124;217m▘[38;2;0;141;198;48;2;0;165;172m▆[38;2;0;136;202m▆[38;2;3;131;204m▅[48;2;43;41;44m▊[38;2;13;20;53;48;2;28;13;36m▕[38;2;21;88;144;48;2;0;165;172m▍[38;2;0;141;198;48;2;0;99;158m▅[38;2;2;167;181;48;2;30;22;35m▍[38;2;28;13;36;48;2;0;164;165m▊[38;2;17;169;189;48;2;7;105;141m▅[38;2;21;171;197;48;2;15;119;148m▅[38;2;74;172;237;48;2;21;171;197m▀[38;2;29;171;204;48;2;60;172;226m▃[38;2;75;171;227;48;2;43;171;212m▀[38;2;60;172;226m▀[38;2;54;172;219m▀[38;2;29;171;204;48;2;29;171;204m▔[38;2;17;169;189m▅[48;2;21;171;197m▃[38;2;18;169;192m▘[48;2;20;170;195m▐[38;2;21;171;197;48;2;17;169;189m▀[38;2;29;171;204;48;2;21;171;197m▘[0m
[38;2;24;170;198;48;2;17;169;189m▅[38;2;29;171;204;48;2;29;171;204m▔[38;2;17;169;189;48;2;43;171;212m▁[38;2;2;167;181m▂[38;2;0;164;165;48;2;54;172;219m▃[38;2;43;171;212;48;2;0;146;192m▀[38;2;21;171;197;48;2;0;141;198m▀[38;2;0;130;212;48;2;17;169;189m▅[38;2;4;120;219;48;2;0;165;172m▅[38;2;0;141;198;48;2;59;81;190m▀[38;2;0;124;217;48;2;21;88;144m▀[38;2;8;87;109;48;2;19;17;41m▍[38;2;29;39;80;48;2;0;141;198m▍[38;2;60;23;70m▂[38;2;106;34;52;48;2;0;146;192m▃[38;2;0;152;179;48;2;112;34;45m▀[38;2;91;36;37;48;2;0;124;217m▅[38;2;73;33;40;48;2;29;94;142m▅[38;2;30;27;59;48;2;24;12;44m▝[38;2;0;164;165;48;2;98;44;75m▔[38;2;66;79;206;48;2;91;36;37m▔[38;2;137;91;88;48;2;119;56;46m▀[38;2;155;95;55;48;2;254;171;72m▃[38;2;254;171;72;48;2;216;135;61m▊[38;2;129;46;21;48;2;254;171;72m▅[38;2;254;171;72m▔[48;2;129;46;21m▝[38;2;138;62;42;48;2;96;26;36m▍[38;2;104;23;38;48;2;52;12;40m▂[38;2;113;16;30;48;2;66;12;24m▂[38;2;92;21;39;48;2;217;144;59m▆[38;2;66;14;31;48;2;254;171;72m▅[48;2;249;175;89m▃[38;2;253;198;104;48;2;76;9;33m▀[38;2;253;192;81;48;2;67;12;18m▀[48;2;66;14;31m▀[38;2;62;17;39;48;2;251;181;110m▅[38;2;52;12;40;48;2;255;199;122m▆[38;2;49;11;44;48;2;110;65;70m▆[38;2;46;10;29;48;2;50;8;31m▀[38;2;50;8;31;48;2;60;15;37m▔[38;2;49;11;44;48;2;49;11;44m▔[38;2;251;181;110;48;2;136;48;3m▅[38;2;249;175;89;48;2;249;175;89m▔[38;2;230;162;53;48;2;253;192;81m▀[38;2;253;192;81;48;2;189;113;52m▅[38;2;253;198;104;48;2;136;77;40m▆[38;2;200;126;53;48;2;111;53;23m▆[38;2;167;95;52;48;2;84;10;7m▆[38;2;70;14;43;48;2;146;85;67m▀[38;2;81;27;43;48;2;81;27;43m▔[38;2;89;15;42;48;2;66;14;31m▖[38;2;102;26;29m▀[38;2;113;16;30;48;2;106;22;29m▔[38;2;51;32;60;48;2;104;23;38m▝[38;2;38;38;82;48;2;0;141;198m▃[38;2;191;165;161;48;2;0;124;217m▗[38;2;4;120;219;48;2;45;91;222m▀[38;2;73;77;215;48;2;0;124;217m▂▂[38;2;59;81;190;48;2;40;42;40m▊[38;2;28;13;36;48;2;13;20;53m▊[38;2;25;30;36;48;2;0;130;212m▏[38;2;46;91;204;48;2;0;124;217m▐[38;2;19;9;28;48;2;51;83;160m▐[38;2;13;20;53;48;2;66;79;206m▊[38;2;0;141;198m▀[38;2;66;79;206;48;2;0;141;198m▃[38;2;0;150;186;48;2;20;107;221m▀[38;2;73;77;215;48;2;0;141;198m▃[38;2;21;164;172;48;2;4;120;219m▀[38;2;0;141;198;48;2;17;169;189m▅▃[38;2;0;146;192m▃[38;2;0;164;165m▂[38;2;21;171;197;48;2;21;164;172m▀[38;2;17;169;189;48;2;17;169;189m▔▔[38;2;21;171;197m▀▃[0m
[38;2;21;164;172;48;2;0;130;212m▀[38;2;4;120;219;48;2;0;165;172m▅[38;2;0;152;179;48;2;73;77;215m▀[38;2;66;79;206;48;2;0;130;212m▅[38;2;40;84;172;48;2;0;124;217m▅[38;2;66;79;206;48;2;31;85;158m▀▀[38;2;8;86;125;48;2;59;81;190m▅[38;2;12;88;119;48;2;31;85;158m▅[38;2;8;87;109;48;2;21;88;144m▅[38;2;12;88;119;48;2;12;88;119m▔[38;2;25;87;149;48;2;19;17;41m▊[38;2;61;32;46;48;2;30;22;35m▐[38;2;102;26;29;48;2;70;14;43m▝[38;2;91;36;37;48;2;65;12;50m▀[38;2;82;11;24;48;2;101;37;45m▃[38;2;113;30;40;48;2;113;54;58m▃[38;2;102;26;29;48;2;102;26;29m▔[38;2;113;54;58;48;2;37;15;27m▍[38;2;37;15;27;48;2;98;45;41m▍[38;2;91;36;37;48;2;61;23;31m▘[38;2;65;12;50;48;2;49;11;44m▃[38;2;52;12;40;48;2;52;12;40m▔[38;2;59;9;60;48;2;147;93;76m▆[38;2;98;39;47;48;2;65;12;50m▘[38;2;50;8;31;48;2;50;8;31m▔[38;2;249;175;89;48;2;96;26;36m▀[38;2;253;192;81;48;2;82;27;1m▅[38;2;90;22;45;48;2;90;22;45m▔[38;2;104;23;38;48;2;104;23;38m▔[38;2;76;9;33m▅[48;2;96;26;36m▂[38;2;92;21;39;48;2;106;34;52m▂[38;2;66;12;24;48;2;92;21;39m▔[38;2;92;21;39;48;2;66;12;24m▂[38;2;66;14;31;48;2;90;22;45m▀[38;2;61;8;31;48;2;50;8;31m▍[38;2;54;11;34m▕[38;2;83;26;19m▂[38;2;249;175;89;48;2;52;12;40m▂[38;2;222;104;34;48;2;84;10;7m▅[38;2;230;162;67;48;2;253;192;81m▘[38;2;253;192;81;48;2;253;195;95m▀[48;2;253;192;81m▔▔▔[38;2;110;27;6;48;2;249;175;89m▂[38;2;218;146;80;48;2;111;53;23m▏[38;2;157;102;83;48;2;66;14;31m▖[38;2;179;120;88;48;2;62;17;39m▂[38;2;76;9;33;48;2;76;9;33m▔▔[38;2;66;14;31;48;2;50;8;31m▍[38;2;45;12;29;48;2;112;34;45m▖[38;2;102;26;29;48;2;104;23;38m▝[38;2;66;28;59;48;2;92;21;39m▝[38;2;57;63;94;48;2;4;120;219m▂[38;2;68;78;209;48;2;73;77;215m▗[38;2;40;84;172;48;2;66;79;206m▃[38;2;66;79;206;48;2;40;84;172m▀[38;2;13;20;53;48;2;31;85;158m▕[38;2;19;9;28;48;2;13;20;53m▊[38;2;19;17;41;48;2;59;81;190m▏[38;2;42;83;169;48;2;51;83;160m▍[38;2;19;17;41;48;2;21;88;144m▐[48;2;8;87;109m▊[38;2;12;88;119;48;2;31;85;158m▆[38;2;8;87;109;48;2;21;88;144m▅[38;2;25;87;149;48;2;0;89;91m▀[38;2;0;89;98;48;2;40;84;172m▅[38;2;45;84;183;48;2;12;88;119m▀[38;2;66;79;206m▀[48;2;21;88;144m▀[38;2;45;91;222;48;2;31;85;158m▀[38;2;45;84;183;48;2;0;130;212m▅[48;2;0;141;198m▃[38;2;0;152;179;48;2;73;77;215m▀[38;2;0;165;172;48;2;0;130;212m▀[38;2;2;167;181;48;2;0;141;198m▀[38;2;17;169;189;48;2;0;157;173m▀[0m
[38;2;51;83;160;48;2;12;88;119m▀[38;2;12;88;119;48;2;51;83;160m▃[38;2;31;85;158;48;2;8;86;125m▀[38;2;21;84;128;48;2;40;84;172m▆[38;2;8;86;125;48;2;31;85;158m▆[38;2;17;87;139;48;2;8;86;125m▀[38;2;21;88;144;48;2;15;88;128m▖[38;2;8;86;125;48;2;11;87;120m▅[38;2;31;86;136;48;2;8;86;125m▅[38;2;31;85;158;48;2;21;84;128m▃[38;2;12;88;119;48;2;31;85;158m▘[38;2;40;84;172;48;2;38;38;82m▊[38;2;30;22;35;48;2;19;17;41m▝[38;2;81;27;43;48;2;66;79;206m▀[38;2;59;81;190;48;2;65;24;55m▃[38;2;66;79;206;48;2;76;30;52m▁[38;2;59;35;60;48;2;113;54;58m▆[38;2;64;18;34;48;2;66;14;31m▔[38;2;50;8;31;48;2;90;14;45m▖[38;2;30;22;35;48;2;52;12;40m▘[38;2;61;23;31;48;2;81;27;43m▘[38;2;76;30;52;48;2;66;14;31m▀[38;2;69;20;40;48;2;79;25;42m▝[38;2;76;30;52;48;2;66;14;31m▂[38;2;81;27;43;48;2;66;19;40m▗[48;2;62;17;39m▆[38;2;50;8;31;48;2;81;27;43m▀[38;2;65;24;55;48;2;180;124;60m▅[38;2;253;192;81;48;2;125;98;74m▀[38;2;249;175;89;48;2;136;48;3m▗[48;2;82;27;1m▃[38;2;92;21;39;48;2;92;21;39m▔[38;2;90;22;45;48;2;90;22;45m▔[38;2;50;8;31;48;2;104;23;38m▅[38;2;111;53;23;48;2;66;14;31m▁[38;2;217;144;59;48;2;65;12;50m▂[38;2;65;12;50;48;2;217;144;59m▀[38;2;217;144;59;48;2;71;32;14m▆[38;2;249;175;89;48;2;203;118;50m▃[38;2;176;85;28;48;2;254;171;72m▁[38;2;232;130;54;48;2;249;175;89m▘[38;2;189;113;52;48;2;253;192;81m▁[38;2;153;75;44;48;2;249;175;89m▂[48;2;253;192;81m▃[38;2;253;192;81m▔[38;2;111;53;23m▃[38;2;155;95;55;48;2;110;27;6m▆[38;2;102;48;54;48;2;92;21;39m▅[38;2;106;34;52;48;2;66;14;31m▃[38;2;76;9;33;48;2;76;9;33m▔[38;2;70;14;43;48;2;93;45;55m▅[38;2;45;12;29;48;2;70;14;43m▂[38;2;45;11;38;48;2;35;10;35m▘[38;2;44;8;32m▝[38;2;102;26;29;48;2;102;26;29m▔[38;2;96;26;36;48;2;104;23;38m▞[38;2;191;165;161;48;2;91;36;37m▐[38;2;0;165;172;48;2;40;84;172m▍[38;2;62;80;200;48;2;45;84;183m▊[38;2;44;83;167;48;2;40;84;172m▐[38;2;44;48;55m▕[38;2;11;23;36;48;2;19;9;28m▏[38;2;40;42;40;48;2;51;83;160m▍[38;2;31;85;158;48;2;21;88;144m▊[38;2;19;17;41;48;2;31;85;158m▐[38;2;24;12;44;48;2;8;87;109m▊[38;2;31;86;136;48;2;13;86;115m▍[38;2;12;88;119;48;2;3;88;103m▁[38;2;0;89;98;48;2;0;89;91m▊[38;2;0;89;91;48;2;0;83;107m▆[38;2;21;84;128;48;2;0;89;98m▖[38;2;8;87;109m▆[38;2;0;89;91;48;2;0;89;91m▔[38;2;8;87;109;48;2;0;89;98m▀[38;2;12;88;119;48;2;0;89;91m▀[38;2;0;89;98;48;2;21;88;144m▅[38;2;25;87;149;48;2;8;87;109m▀[38;2;40;84;172;48;2;12;88;119m▀[38;2;59;81;190;48;2;8;86;125m▀[38;2;73;77;215;48;2;21;88;144m▀[0m
[38;2;13;20;53;48;2;0;89;98m▁[48;2;31;86;136m▁[38;2;29;39;80;48;2;8;86;125m▁[38;2;13;20;53;48;2;12;88;119m▁[38;2;29;39;80;48;2;8;86;125m▁▁[48;2;21;88;144m▁[48;2;31;86;136m▁[48;2;31;85;158m▁▁[48;2;40;84;172m▁[38;2;40;84;172;48;2;13;20;53m▍[38;2;19;17;41;48;2;26;60;100m▊[38;2;29;39;80;48;2;59;81;190m▁[48;2;45;84;183m▁[38;2;34;36;68;48;2;62;80;200m▁[38;2;38;38;82m▁[38;2;32;34;31;48;2;0;130;212m▔[38;2;21;72;168;48;2;23;16;81m▆[38;2;65;24;55;48;2;65;24;55m▔[38;2;90;22;45;48;2;90;22;45m▔[38;2;62;17;39;48;2;81;27;43m▐[48;2;82;24;52m▍[38;2;82;24;52m▔[38;2;70;14;43;48;2;70;14;43m▔[38;2;81;27;43;48;2;81;27;43m▔[38;2;85;29;39;48;2;82;27;41m▁[38;2;81;27;43;48;2;81;27;43m▔[38;2;61;23;31;48;2;61;23;31m▔[38;2;91;36;37;48;2;91;36;37m▔[38;2;82;27;1;48;2;166;100;37m▁[38;2;136;48;3;48;2;253;198;104m▂[38;2;110;27;6;48;2;110;27;6m▔[38;2;218;146;80;48;2;84;10;7m▏[38;2;189;123;53m▀[38;2;91;36;37;48;2;251;181;110m▆[38;2;73;33;40;48;2;249;175;89m▆[38;2;180;124;60;48;2;82;11;24m▔[38;2;136;48;3;48;2;52;12;40m▔[38;2;91;36;37;48;2;91;36;37m▔[38;2;136;77;40;48;2;92;21;39m▔[38;2;85;29;39;48;2;94;38;33m▆[38;2;76;9;33;48;2;70;14;43m▖[48;2;52;12;40m▔[38;2;62;17;39;48;2;62;17;39m▔[38;2;66;12;24;48;2;143;103;71m▅[38;2;139;102;59;48;2;82;11;24m▆[38;2;91;55;59;48;2;66;14;31m▖[38;2;70;14;43;48;2;41;11;41m▀[38;2;65;24;55;48;2;24;12;44m▀[38;2;35;10;35;48;2;48;11;38m▆[38;2;36;11;39;48;2;28;13;36m▀[38;2;19;9;28;48;2;24;12;44m▊[38;2;33;58;137;48;2;23;16;81m▗[38;2;23;16;81;48;2;8;97;150m▝[38;2;90;22;45;48;2;39;10;50m▐[38;2;176;134;111;48;2;91;36;37m▝[38;2;59;81;190;48;2;65;24;55m▝[38;2;38;38;82;48;2;73;77;215m▂[38;2;8;86;125;48;2;45;84;183m▂[38;2;44;48;55;48;2;51;83;160m▂[38;2;32;34;31;48;2;19;9;28m▏[48;2;40;84;172m▍[48;2;59;81;190m▂[38;2;21;88;144;48;2;13;20;53m▘[38;2;24;12;44;48;2;30;64;110m▊[38;2;38;38;82;48;2;12;88;119m▂[38;2;34;36;68;48;2;0;89;91m▂[48;2;12;88;119m▂[48;2;0;89;98m▂▂▂[48;2;0;89;91m▂[38;2;39;40;64;48;2;0;89;98m▂▃[38;2;34;36;68m▃[48;2;8;87;109m▃[38;2;29;39;80;48;2;0;89;98m▃[38;2;34;36;68;48;2;12;88;119m▃[38;2;29;39;80;48;2;0;89;91m▃[0m
[38;2;34;54;71;48;2;46;47;44m▍[38;2;44;48;55;48;2;40;42;40m▅[38;2;44;47;50;48;2;46;47;44m▆[38;2;46;47;44;48;2;40;42;40m▅[38;2;38;49;63;48;2;46;47;44m▆[38;2;46;47;44m▔[38;2;40;42;40;48;2;44;48;55m▁[38;2;38;49;63;48;2;46;47;44m▂[38;2;43;45;42;48;2;40;42;40m▅[38;2;40;42;40;48;2;46;47;44m▁[38;2;34;36;68m▕[38;2;28;28;57;48;2;19;17;41m▘[38;2;19;17;41;48;2;46;47;44m▘[38;2;32;34;31m▁▁[38;2;40;42;40m▅[38;2;32;34;31m▁[48;2;44;48;55m▁[38;2;35;55;77;48;2;59;35;60m▘[38;2;81;27;43;48;2;106;34;52m▀[38;2;82;24;52;48;2;81;25;46m▊[48;2;82;24;52m▔[48;2;62;17;39m▐[48;2;82;24;52m▔[38;2;81;27;43;48;2;81;27;43m▔[48;2;77;28;48m▃[38;2;82;24;52;48;2;82;24;52m▔[38;2;90;22;45m▃[38;2;66;14;31;48;2;90;22;45m▝[38;2;50;8;31;48;2;70;14;43m▝[38;2;65;12;50;48;2;43;11;35m▃[38;2;65;24;55;48;2;35;10;35m▂[38;2;70;14;43;48;2;51;12;41m▝[38;2;43;11;35;48;2;66;21;40m▅[38;2;90;22;45;48;2;43;11;35m▀[38;2;49;11;44;48;2;90;22;45m▃[48;2;82;24;52m▃[38;2;50;8;31;48;2;76;30;52m▃[38;2;52;12;40;48;2;52;12;40m▔[38;2;96;26;36;48;2;96;26;36m▔▔[38;2;90;22;45m▗[48;2;66;14;31m▘[38;2;81;27;43;48;2;76;9;33m▗[38;2;62;17;39;48;2;50;8;31m▂[38;2;45;12;29m▀[38;2;141;99;96;48;2;41;11;41m▝[38;2;66;14;31;48;2;134;89;81m▃[38;2;40;42;40;48;2;39;10;50m▗[38;2;35;55;77;48;2;20;15;57m▅[38;2;39;40;64m▆[38;2;28;13;36;48;2;29;39;80m▐[38;2;33;28;52;48;2;30;22;35m▐[38;2;57;63;94;48;2;1;67;113m▔[38;2;38;49;63;48;2;29;40;103m▃[38;2;36;17;57;48;2;29;39;80m▐[38;2;132;95;86;48;2;61;32;46m▝[38;2;94;26;34;48;2;81;27;43m▘[38;2;38;38;82;48;2;60;23;70m▝[48;2;38;38;82m▔[38;2;29;39;80;48;2;29;39;80m▔[38;2;34;36;68;48;2;19;9;28m▏[38;2;20;15;57;48;2;29;39;80m▍[38;2;38;38;82;48;2;38;38;82m▔[48;2;19;17;41m▊[38;2;28;13;36;48;2;34;36;68m▊[38;2;29;39;80;48;2;29;39;80m▔▔[38;2;49;40;53;48;2;40;36;46m▆[38;2;34;36;68;48;2;34;36;68m▔▔[38;2;25;30;36m▁[38;2;38;38;82m▂[38;2;38;49;63m▁▁[38;2;46;47;44m▁[38;2;40;42;40m▁[38;2;34;36;68;48;2;25;22;61m▁[38;2;29;39;80;48;2;29;39;80m▔[38;2;44;48;55;48;2;43;43;48m▁[0m
[38;2;1;67;113;48;2;31;86;136m▔[38;2;15;83;138;48;2;24;62;96m▆[38;2;12;88;119;48;2;20;75;103m▆[38;2;27;59;88;48;2;21;88;144m▔[38;2;8;87;109;48;2;12;88;119m▔[38;2;0;89;91m▔[38;2;8;87;109m▔[38;2;12;88;119m▔[38;2;0;89;91;48;2;8;87;109m▔[38;2;12;88;119;48;2;12;88;119m▔[38;2;13;20;53;48;2;0;74;135m▐[38;2;8;87;109;48;2;13;20;53m▃[38;2;21;84;128;48;2;0;89;91m▆[38;2;8;87;109;48;2;31;86;136m▔[38;2;0;89;91;48;2;21;88;144m▔[38;2;31;85;158;48;2;40;84;172m▍[38;2;21;84;128;48;2;51;83;160m▔[38;2;32;84;161;48;2;45;84;183m▐[38;2;36;62;112;48;2;98;44;75m▘[38;2;82;24;52;48;2;82;24;52m▔▔[38;2;85;23;49;48;2;90;22;45m▐[38;2;65;12;50;48;2;65;12;50m▔[38;2;90;22;45;48;2;82;24;52m▂[38;2;82;24;52;48;2;90;22;45m▀▘[38;2;90;22;45m▔[48;2;92;21;39m▀[38;2;90;21;42;48;2;90;22;45m▍[38;2;90;22;45;48;2;83;25;43m▍[48;2;70;14;43m▁[48;2;81;27;43m▀[48;2;90;22;45m▔[38;2;81;19;39;48;2;66;14;31m▘[38;2;62;17;39;48;2;62;17;39m▔▔[48;2;52;12;40m▆[38;2;49;11;44;48;2;49;11;44m▔[38;2;52;12;40;48;2;104;23;38m▊[38;2;99;24;36m▝[38;2;104;23;38;48;2;99;24;36m▅[38;2;70;14;43;48;2;92;21;39m▐[38;2;64;13;47;48;2;62;17;39m▐[38;2;52;12;40;48;2;70;14;43m▅[38;2;62;17;39;48;2;76;24;42m▃[48;2;70;14;43m▆[38;2;52;12;40;48;2;52;12;40m▔[48;2;45;11;36m▝[38;2;39;10;50;48;2;21;84;128m▊[38;2;14;86;134;48;2;25;87;149m▗[38;2;31;86;136;48;2;27;86;144m▁[38;2;36;58;81;48;2;31;86;136m▝[38;2;20;15;57;48;2;28;13;36m▖[38;2;0;89;91;48;2;13;20;53m▐[38;2;1;67;113;48;2;0;89;91m▅[38;2;27;59;88;48;2;0;74;135m▃[38;2;39;10;50;48;2;38;38;82m▝[38;2;41;11;41;48;2;76;9;33m▖[38;2;76;9;33;48;2;68;11;26m▘[38;2;0;89;98;48;2;65;24;55m▝[38;2;62;80;200;48;2;0;89;91m▝[38;2;35;55;77;48;2;28;13;36m▏[38;2;20;15;57;48;2;8;87;109m▍[38;2;8;87;109;48;2;27;59;88m▘[38;2;44;48;55;48;2;19;17;41m▊[38;2;28;13;36;48;2;44;48;55m▊[38;2;21;84;128m▘[38;2;24;62;96;48;2;24;62;96m▔▔[38;2;1;67;113;48;2;1;67;113m▔[38;2;44;48;55;48;2;38;49;63m▃[38;2;24;62;96;48;2;25;60;91m▃[48;2;22;75;116m▃[38;2;30;64;110;48;2;24;62;96m▂[48;2;30;64;110m▔[38;2;1;67;113;48;2;35;55;77m▀[38;2;43;47;51;48;2;38;49;63m▗[38;2;46;47;44;48;2;45;45;44m▍[38;2;24;62;96;48;2;46;47;44m▝[38;2;43;41;44;48;2;0;74;135m▃[0m
[38;2;12;88;119;48;2;25;87;149m▆[38;2;21;88;144;48;2;21;88;144m▔[38;2;21;84;128;48;2;31;86;136m▀[48;2;21;84;128m▔▔[38;2;21;88;144;48;2;21;88;144m▔[38;2;8;87;109;48;2;21;84;128m▂[38;2;8;86;125;48;2;8;86;125m▔[38;2;3;87;103m▘[38;2;14;87;121;48;2;21;84;128m▗[38;2;19;17;41;48;2;39;39;43m▞[38;2;29;50;94;48;2;31;86;136m▘[38;2;21;88;144;48;2;21;88;144m▔[38;2;25;87;149;48;2;25;87;149m▔[38;2;21;88;144;48;2;21;88;144m▔[38;2;40;84;172;48;2;40;84;172m▔[38;2;59;81;190;48;2;59;81;190m▔[38;2;54;39;75;48;2;21;84;128m▐[38;2;98;44;75;48;2;82;24;52m▘[38;2;78;26;52m▍[38;2;82;24;52m▔[38;2;90;22;45;48;2;90;22;45m▔[38;2;76;30;52;48;2;65;12;50m▏[38;2;82;24;52;48;2;92;21;39m▊[38;2;106;34;52;48;2;106;34;52m▔[38;2;98;25;36;48;2;104;23;38m▐[38;2;96;26;36m▁[38;2;104;23;38m▔[38;2;96;26;36;48;2;102;23;37m▖[48;2;96;26;36m▔[38;2;92;21;39;48;2;92;21;39m▔[38;2;90;22;45;48;2;96;26;36m▐[38;2;70;14;43;48;2;82;24;52m▐[48;2;77;20;48m▅[38;2;64;16;40;48;2;70;14;43m▐[38;2;62;17;39;48;2;62;17;39m▔[48;2;64;15;34m▅[38;2;66;14;31;48;2;65;14;33m▏[38;2;70;14;43;48;2;96;26;36m▍[38;2;104;23;38;48;2;113;16;30m▆[48;2;104;23;38m▔[38;2;73;15;27;48;2;96;26;36m▐[38;2;70;14;43;48;2;65;12;50m▍[38;2;52;12;40;48;2;43;11;35m▍[48;2;52;12;40m▔[48;2;62;17;39m▍[48;2;49;11;44m▃[38;2;49;11;44;48;2;43;11;35m▍[38;2;20;15;57;48;2;0;89;98m▊[38;2;73;77;215;48;2;73;77;215m▔[38;2;51;83;160;48;2;51;83;160m▔[38;2;40;84;172;48;2;40;84;172m▔[48;2;13;20;53m▍[38;2;19;17;41;48;2;46;47;44m▊[38;2;0;89;91;48;2;0;89;91m▔▔[38;2;8;86;125;48;2;8;86;125m▔[38;2;49;11;44m▀[38;2;66;14;31;48;2;67;12;18m▂[38;2;67;12;18;48;2;66;14;31m▁[38;2;65;24;55;48;2;22;70;107m▍[38;2;24;62;96;48;2;24;12;44m▍[38;2;24;12;44;48;2;0;74;135m▍[38;2;1;67;113;48;2;1;67;113m▔[38;2;38;49;63;48;2;19;17;41m▊[38;2;19;17;41;48;2;38;38;82m▊[38;2;38;38;82m▔[38;2;34;36;68;48;2;34;36;68m▔[38;2;24;62;96;48;2;24;62;96m▔[38;2;38;38;82;48;2;38;38;82m▔[38;2;30;64;110;48;2;30;64;110m▔[38;2;24;62;96;48;2;24;62;96m▔[38;2;0;74;135;48;2;0;74;135m▔▔▔[38;2;21;84;128;48;2;21;84;128m▔[38;2;8;87;109;48;2;8;87;109m▔[38;2;24;62;96;48;2;24;62;96m▔[38;2;8;86;125;48;2;8;86;125m▔[38;2;12;68;72;48;2;0;89;98m▝[0m
[38;2;12;88;119;48;2;21;88;144m▁[38;2;8;86;125;48;2;8;86;117m▀[38;2;17;84;123;48;2;8;87;109m▍[38;2;12;88;119;48;2;10;87;114m▀[38;2;0;89;91;48;2;12;88;119m▂[38;2;0;89;98;48;2;9;88;113m▆[38;2;5;87;114;48;2;8;86;125m▍[38;2;21;84;128;48;2;8;87;109m▀[38;2;0;89;98;48;2;12;88;119m▖[38;2;12;88;119;48;2;13;20;53m▘[38;2;0;89;91m▐[38;2;0;89;98;48;2;12;88;119m▅[38;2;12;88;119;48;2;8;87;109m▂[38;2;0;89;98;48;2;12;88;119m▆[38;2;9;82;117m▖[38;2;12;88;119;48;2;23;86;143m▊[38;2;40;84;174;48;2;25;87;149m▐[38;2;79;89;133;48;2;59;35;60m▍[38;2;65;15;40;48;2;70;14;43m▝[38;2;65;24;55;48;2;62;17;39m▘[38;2;82;24;52;48;2;70;14;43m▖[38;2;76;30;52;48;2;81;27;43m▞[38;2;82;24;52;48;2;65;12;50m▍[38;2;92;21;39;48;2;82;24;52m▐[38;2;102;23;37;48;2;96;26;36m▐[38;2;104;23;38;48;2;104;23;38m▔▔[38;2;99;22;38m▍[38;2;104;23;38m▔[38;2;96;26;36;48;2;101;24;37m▞[38;2;79;12;36;48;2;90;22;45m▝[38;2;90;22;45m▔[38;2;82;24;52m▀[48;2;74;17;46m▍[38;2;70;14;43;48;2;65;15;40m▖[38;2;62;17;39;48;2;64;13;47m▗[38;2;70;14;43;48;2;70;14;43m▔[38;2;62;17;39;48;2;53;10;33m▃[38;2;66;14;31;48;2;96;26;36m▏[38;2;92;21;39m▅[38;2;95;31;37;48;2;99;27;37m▍[38;2;96;26;36;48;2;85;29;39m▊[38;2;62;17;39;48;2;50;8;31m▊[38;2;43;11;35;48;2;49;11;44m▝[38;2;41;11;41;48;2;52;12;40m▆[38;2;49;11;44m▂[38;2;50;8;31;48;2;43;11;35m▖[38;2;52;12;40;48;2;35;10;35m▘[38;2;20;15;57;48;2;40;84;172m▘[38;2;60;80;192;48;2;73;77;215m▞[38;2;40;84;172m▀[48;2;57;80;194m▀[38;2;30;67;112;48;2;51;83;160m▝[38;2;13;20;53;48;2;19;17;41m▖[38;2;32;34;31;48;2;8;87;109m▍[38;2;12;88;119;48;2;4;88;105m▁[48;2;0;89;98m▂[48;2;0;89;91m▃[38;2;29;40;103;48;2;49;11;44m▅[38;2;45;12;29;48;2;58;12;25m▍[38;2;76;9;33;48;2;67;12;18m▐[38;2;46;47;71;48;2;30;22;35m▘[38;2;20;15;57;48;2;31;85;158m▍[38;2;1;67;113;48;2;12;88;119m▀[38;2;8;86;125;48;2;24;12;44m▊[38;2;19;17;41;48;2;38;38;82m▊[38;2;24;62;96;48;2;8;87;109m▀[38;2;0;89;91;48;2;1;67;113m▃[38;2;0;89;98;48;2;0;89;91m▃[38;2;8;87;109;48;2;0;89;98m▂[38;2;8;86;125;48;2;12;88;119m▀[38;2;0;89;91;48;2;31;86;136m▀[38;2;0;89;98;48;2;8;86;125m▀[38;2;12;88;119;48;2;7;80;116m▞[38;2;31;85;158;48;2;12;88;119m▂[38;2;0;89;98;48;2;21;88;144m▘[38;2;8;86;125;48;2;8;87;109m▅[38;2;8;87;109;48;2;31;86;136m▀▀[38;2;21;88;144;48;2;8;87;109m▅[0m
[38;2;28;63;84;48;2;12;88;119m▃[38;2;24;66;95;48;2;8;86;125m▃[38;2;26;63;80;48;2;8;87;109m▃▃[38;2;28;63;84;48;2;12;88;119m▃[38;2;26;67;92m▃[38;2;42;77;98m▃▃[38;2;26;63;80;48;2;8;87;109m▃[38;2;13;20;53;48;2;4;55;98m▞[38;2;28;65;87;48;2;12;88;119m▘[38;2;36;60;75;48;2;21;84;128m▃[38;2;26;67;92;48;2;12;88;119m▃[38;2;21;88;144;48;2;12;87;122m▝[38;2;12;86;132;48;2;21;88;144m▃[38;2;24;84;139;48;2;31;85;158m▃[38;2;30;71;128m▃[38;2;57;33;65;48;2;76;30;52m▍[38;2;73;16;45;48;2;82;24;52m▐[38;2;71;18;45;48;2;73;24;48m▞[38;2;82;24;52;48;2;67;18;42m▂[48;2;82;24;52m▔[38;2;62;17;39m▐[38;2;90;22;45m▆[38;2;92;21;39;48;2;99;22;38m▅[38;2;104;23;38;48;2;99;24;36m▍[48;2;104;23;38m▔▔[38;2;90;22;45;48;2;106;34;52m▅[48;2;90;22;45m▔[48;2;100;29;49m▍[38;2;106;34;52;48;2;90;22;45m▅[38;2;90;22;45m▔[38;2;82;24;52;48;2;88;22;46m▞[38;2;65;12;50;48;2;70;14;43m▐[48;2;65;12;50m▔[38;2;72;22;47;48;2;76;30;52m▘[38;2;81;27;43;48;2;62;17;39m▍[38;2;104;23;38;48;2;90;22;45m▗[38;2;90;22;45;48;2;104;23;38m▀[48;2;90;22;45m▔[38;2;92;21;39;48;2;70;14;43m▍[38;2;62;17;39;48;2;62;17;39m▔[38;2;52;12;40;48;2;49;11;44m▍[38;2;35;10;35;48;2;35;10;35m▔[38;2;41;11;41;48;2;41;11;41m▔[38;2;39;10;50;48;2;43;11;35m▂[38;2;21;88;144;48;2;13;20;53m▂[38;2;45;84;183;48;2;45;84;183m▔[38;2;45;91;222;48;2;45;91;222m▔[38;2;73;77;215;48;2;73;77;215m▔▔[38;2;4;120;219;48;2;4;120;219m▔[38;2;31;85;158;48;2;13;20;53m▍[38;2;24;12;44;48;2;8;86;125m▊[38;2;0;141;198;48;2;59;81;190m▂[38;2;73;77;215;48;2;31;86;136m▃[48;2;46;82;165m▂[38;2;66;79;206;48;2;29;84;145m▂[38;2;51;83;160;48;2;49;11;44m▖[38;2;53;10;18;48;2;67;12;18m▖[38;2;37;15;27;48;2;66;14;31m▀[38;2;34;36;68;48;2;40;84;172m▍[38;2;66;79;206;48;2;31;85;158m▂[38;2;12;88;119;48;2;25;30;36m▊[38;2;13;20;53;48;2;30;64;110m▊[38;2;8;87;109;48;2;8;87;109m▔[38;2;12;88;119;48;2;12;88;119m▔[38;2;8;87;109;48;2;8;87;109m▔[38;2;12;88;119;48;2;12;88;119m▔[38;2;21;88;144;48;2;21;88;144m▔[38;2;31;85;158;48;2;31;85;158m▔[38;2;45;84;183;48;2;45;84;183m▔▔[38;2;49;81;174;48;2;59;81;190m▝[38;2;45;84;183;48;2;45;84;183m▔[38;2;59;81;190;48;2;59;81;190m▔[38;2;40;84;172;48;2;40;84;172m▔[38;2;45;84;183;48;2;45;84;183m▔[38;2;59;81;190;48;2;59;81;190m▔[0m
[38;2;15;88;128;48;2;21;88;144m▝[38;2;12;88;119m▀[38;2;31;86;136;48;2;19;87;125m▃[38;2;12;88;119;48;2;21;88;144m▀[38;2;31;86;136;48;2;16;86;129m▖[38;2;21;84;128;48;2;15;86;122m▃[48;2;21;84;128m▔▔[38;2;12;88;119;48;2;13;20;53m▊[38;2;13;20;53;48;2;12;88;119m▘[38;2;0;89;98;48;2;8;86;125m▝[38;2;21;84;128;48;2;12;88;119m▀[38;2;8;86;125;48;2;8;87;109m▂[38;2;31;86;136;48;2;19;87;125m▃[48;2;45;84;183m▀[38;2;40;84;172;48;2;59;81;190m▘[48;2;29;40;103m▊[38;2;82;24;52;48;2;82;24;52m▔[48;2;62;17;39m▀[38;2;75;24;53;48;2;82;24;52m▍[38;2;41;11;41;48;2;76;30;52m▁[38;2;82;24;52;48;2;82;24;52m▔[38;2;81;27;43;48;2;76;30;52m▊[38;2;76;30;52;48;2;90;22;45m▍[38;2;106;34;52;48;2;104;23;38m▀[38;2;104;23;38m▔[38;2;96;26;36m▂[38;2;104;23;38m▔[38;2;100;24;36m▖[38;2;106;34;52m▀[38;2;96;26;36;48;2;102;31;46m▅[48;2;106;34;52m▅[38;2;82;24;52;48;2;90;22;45m▐[48;2;73;16;45m▘[38;2;55;13;39;48;2;62;17;39m▐[38;2;65;12;50;48;2;65;12;50m▔[38;2;76;30;52;48;2;65;20;42m▐[38;2;82;24;52;48;2;70;14;43m▍[38;2;76;9;33;48;2;96;26;36m▊[38;2;104;23;38;48;2;104;23;38m▔[48;2;95;22;42m▀[38;2;81;27;43;48;2;96;26;36m▐[38;2;62;17;39;48;2;62;17;39m▔[48;2;52;12;40m▍[38;2;49;11;44;48;2;41;11;41m▍▂[38;2;39;10;50;48;2;0;89;98m▊[38;2;11;110;175;48;2;3;131;204m▘[38;2;0;146;192;48;2;0;124;217m▅[38;2;4;120;219;48;2;0;141;198m▀[38;2;3;131;204;48;2;3;124;213m▅[38;2;0;136;202;48;2;0;124;217m▆[38;2;45;91;222;48;2;18;116;210m▝[38;2;4;110;159;48;2;3;131;204m▝[38;2;40;42;40;48;2;20;15;57m▖[38;2;0;141;198;48;2;8;87;109m▐[38;2;0;124;217;48;2;0;146;192m▀[38;2;0;136;202;48;2;4;120;219m▃[38;2;4;120;219;48;2;3;126;209m▀[38;2;49;90;208;48;2;0;124;217m▐[38;2;4;120;219;48;2;65;24;55m▃[38;2;66;12;24;48;2;66;12;20m▁[38;2;1;67;113;48;2;52;12;40m▝[38;2;6;97;134;48;2;0;130;212m▍[38;2;45;91;222;48;2;8;86;125m▊[38;2;11;23;36;48;2;15;83;138m▊[38;2;31;86;136;48;2;22;86;125m▔[48;2;8;87;109m▂[38;2;21;88;144;48;2;8;86;125m▅[38;2;31;86;136;48;2;40;84;172m▀[38;2;59;81;190;48;2;59;81;190m▔[38;2;17;169;189;48;2;0;146;192m▗[38;2;75;171;227;48;2;2;167;181m▅[38;2;180;184;224;48;2;17;169;189m▅[38;2;181;177;186m▅[38;2;173;182;188m▅[38;2;17;169;189;48;2;181;177;186m▀[38;2;181;177;186;48;2;43;171;212m▁[38;2;173;182;188;48;2;21;171;197m▅[38;2;188;177;159;48;2;29;171;204m▅[0m
[38;2;40;84;172;48;2;59;81;190m▀[38;2;51;83;160;48;2;62;80;200m▀[38;2;59;81;190;48;2;40;84;172m▃[38;2;51;83;160;48;2;59;81;190m▝[38;2;59;81;190;48;2;51;83;160m▃[38;2;40;84;172;48;2;21;88;144m▃[48;2;31;85;158m▃[38;2;21;88;144;48;2;40;84;172m▀[38;2;8;86;125;48;2;13;20;53m▍[38;2;34;62;97;48;2;31;85;158m▘[38;2;45;84;183;48;2;51;83;160m▂[38;2;25;87;149;48;2;40;84;172m▀[38;2;45;84;183;48;2;25;87;149m▃[38;2;62;80;200;48;2;40;84;172m▂[38;2;73;77;215;48;2;59;81;190m▂[38;2;62;80;200;48;2;73;77;215m▘[38;2;66;79;206;48;2;66;79;206m▔[48;2;32;34;31m▅[38;2;0;130;212;48;2;24;12;44m▃[38;2;0;124;217;48;2;35;10;35m▂[38;2;19;17;41;48;2;19;17;41m▔[38;2;24;12;44;48;2;49;19;50m▍[38;2;76;30;52;48;2;45;12;29m▂[38;2;70;14;43;48;2;106;34;52m▘[38;2;106;25;39;48;2;112;34;45m▘[38;2;104;23;38;48;2;104;23;38m▔[38;2;99;22;38m▃[38;2;106;34;52;48;2;98;26;44m▔[38;2;96;26;36;48;2;106;34;52m▝[48;2;112;34;45m▘[38;2;112;34;45m▔[38;2;107;27;40m▃[38;2;96;26;36;48;2;96;26;36m▔[38;2;86;23;44;48;2;81;27;43m▊[38;2;70;14;43;48;2;70;14;43m▔[38;2;76;30;52;48;2;81;27;43m▘[38;2;78;24;41;48;2;78;24;41m▔[38;2;90;22;45;48;2;81;27;43m▗[38;2;92;21;39;48;2;90;22;45m▂[38;2;104;11;35;48;2;104;11;35m▔[38;2;92;21;39;48;2;100;29;47m▐[38;2;70;14;43;48;2;90;22;45m▐[38;2;62;17;39;48;2;70;14;43m▝[48;2;52;12;40m▘[38;2;47;11;38;48;2;35;10;35m▍[38;2;45;10;46;48;2;39;10;50m▍[38;2;49;11;44;48;2;30;64;110m▊[38;2;66;79;206;48;2;0;164;165m▍[38;2;21;164;172;48;2;7;155;180m▁[38;2;0;140;196;48;2;0;152;179m▞[38;2;0;143;193;48;2;0;136;202m▗[38;2;0;130;212;48;2;0;136;203m▍[38;2;4;120;219;48;2;0;141;198m▂[38;2;0;141;198;48;2;0;144;193m▅[38;2;20;15;57;48;2;0;124;217m▐[38;2;13;20;53;48;2;0;141;198m▊[38;2;0;164;165;48;2;0;142;194m▍[38;2;0;124;217;48;2;0;146;192m▖[48;2;0;136;202m▁[38;2;0;136;202;48;2;0;129;210m▆[38;2;0;124;217;48;2;3;131;204m▝[38;2;0;141;198;48;2;20;15;57m▅[38;2;66;14;31;48;2;66;14;31m▔[38;2;60;23;70;48;2;0;141;198m▊[38;2;0;124;217;48;2;12;88;119m▊[38;2;20;15;57;48;2;3;131;204m▊[38;2;5;104;167;48;2;4;120;219m▝[38;2;31;86;136;48;2;60;79;194m▀[38;2;45;84;183;48;2;31;85;158m▃[48;2;59;81;190m▀[38;2;73;77;215;48;2;33;99;219m▘[38;2;0;146;193;48;2;0;130;212m▝[38;2;54;172;219;48;2;2;167;181m▝[38;2;180;184;224;48;2;129;157;243m▝[38;2;181;177;186;48;2;181;177;186m▔[38;2;207;193;188;48;2;207;193;188m▔[38;2;208;188;172m▆[38;2;207;193;188m▔[38;2;173;154;145;48;2;208;188;172m▘[38;2;210;184;157;48;2;217;190;162m▖[0m
[38;2;3;131;204;48;2;3;131;204m▔▔▔▔[38;2;20;107;221;48;2;20;107;221m▔[38;2;0;130;212;48;2;0;130;212m▔[38;2;14;113;210;48;2;59;81;190m▍[38;2;40;84;172;48;2;0;130;212m▀[38;2;10;108;190;48;2;4;120;219m▀[38;2;31;86;136;48;2;52;81;179m▅[38;2;0;124;217;48;2;0;124;217m▔[38;2;0;130;212;48;2;0;130;212m▔[38;2;0;141;198;48;2;0;141;198m▔[38;2;0;130;212;48;2;0;130;212m▔[38;2;0;124;217;48;2;0;124;217m▔[38;2;0;130;212;48;2;0;130;212m▔▔[38;2;0;141;198;48;2;0;141;198m▔[38;2;3;131;204;48;2;3;131;204m▔[38;2;0;124;217;48;2;0;124;217m▔[38;2;8;87;109;48;2;0;130;212m▀[38;2;0;141;198;48;2;41;11;41m▃[38;2;82;24;52;48;2;82;24;52m▔[38;2;39;10;50;48;2;104;16;50m▂[38;2;98;18;48;48;2;90;22;45m▘[38;2;96;26;36;48;2;106;34;52m▁[38;2;104;23;38;48;2;104;16;50m▅[38;2;112;34;45m▅[48;2;112;34;45m▔[38;2;110;32;43;48;2;104;23;38m▆[38;2;106;34;52;48;2;106;34;52m▔[38;2;104;16;50;48;2;105;27;51m▔[38;2;96;26;36;48;2;106;34;52m▀[38;2;106;34;52;48;2;90;22;45m▘[38;2;65;12;50;48;2;82;24;52m▐[38;2;60;44;70;48;2;66;14;31m▗[38;2;92;26;48;48;2;70;14;43m▖[38;2;70;14;43;48;2;82;24;52m▊[38;2;90;22;45;48;2;90;22;45m▔[38;2;100;17;48m▀[38;2;90;22;45m▔[38;2;77;20;48;48;2;70;14;43m▖[38;2;49;11;44;48;2;65;12;50m▂[38;2;46;11;42;48;2;41;11;41m▘[38;2;41;11;41;48;2;49;11;44m▂[38;2;35;10;35m▂[38;2;24;12;44m▁[38;2;0;74;135;48;2;0;146;192m▍[38;2;0;165;172;48;2;0;165;172m▔[38;2;0;164;165;48;2;0;164;165m▔▔[38;2;0;157;173;48;2;0;157;173m▔▔▔[38;2;31;85;158m▀[38;2;0;57;104;48;2;0;30;53m▖[38;2;0;102;123;48;2;0;141;198m▍[38;2;0;141;198m▔▔▔[38;2;45;84;183;48;2;0;146;192m▁[38;2;0;152;179;48;2;41;106;195m▔[38;2;31;110;164;48;2;0;157;173m▝[38;2;23;78;123;48;2;0;146;192m▀[38;2;59;81;190;48;2;0;150;186m▀[38;2;0;136;202;48;2;20;72;95m▅[48;2;0;136;202m▔[38;2;35;89;184;48;2;20;107;221m▀[38;2;59;81;190;48;2;8;86;125m▞[38;2;73;77;215;48;2;73;77;215m▔▔[38;2;66;79;206;48;2;3;131;204m▀[38;2;0;157;173;48;2;0;157;173m▔[38;2;74;172;237;48;2;21;171;197m▗[38;2;181;177;186;48;2;181;177;186m▔[38;2;207;193;188;48;2;187;156;139m▅[48;2;173;156;151m▅▅[38;2;217;190;162;48;2;177;155;141m▅[38;2;222;190;150;48;2;181;159;127m▅[0m
[38;2;54;172;219;48;2;0;150;186m▃[38;2;60;172;226;48;2;0;152;179m▃[38;2;75;171;227;48;2;0;150;186m▃[38;2;60;172;226;48;2;0;152;179m▃[38;2;37;164;208m▃[38;2;89;169;246;48;2;0;146;192m▃[38;2;74;172;237;48;2;0;152;179m▃[38;2;75;171;227m▃[38;2;54;172;219;48;2;0;150;186m▃[38;2;60;172;226;48;2;0;152;179m▃[38;2;75;171;227;48;2;0;157;173m▃[38;2;60;172;226m▃▃[38;2;75;171;227m▃[38;2;74;172;237m▃[38;2;113;165;245;48;2;0;164;165m▃[38;2;89;169;246;48;2;0;157;173m▃[38;2;60;172;226;48;2;0;164;165m▃[38;2;74;172;237;48;2;0;150;186m▂[38;2;21;164;172;48;2;54;172;219m▀[38;2;0;164;165;48;2;21;171;197m▀[38;2;2;167;181;48;2;0;152;179m▅[48;2;0;157;173m▅[38;2;29;40;103;48;2;2;167;181m▝[38;2;20;15;57;48;2;20;15;57m▔[38;2;24;12;44;48;2;62;17;39m▆[38;2;30;22;35;48;2;85;29;39m▅[38;2;76;30;52;48;2;41;11;41m▀[38;2;82;24;52;48;2;65;24;55m▀[48;2;82;24;52m▔[38;2;76;30;52;48;2;76;30;52m▔[38;2;17;169;189;48;2;65;24;55m▂[48;2;104;16;50m▁[38;2;51;83;160;48;2;90;22;45m▁[38;2;29;40;103;48;2;76;9;33m▁[38;2;60;23;70;48;2;0;150;186m▊[38;2;0;136;202;48;2;59;35;60m▍[38;2;91;15;47;48;2;70;14;43m▃[38;2;95;15;48m▁[38;2;69;19;43;48;2;82;24;52m▞[38;2;90;22;45;48;2;85;22;48m▔[38;2;70;14;43;48;2;70;14;43m▔[38;2;43;11;35;48;2;43;11;35m▔[38;2;49;11;44;48;2;49;11;44m▔▔[38;2;134;126;144;48;2;61;23;31m▗[38;2;49;11;44;48;2;134;126;144m▀[38;2;9;72;142;48;2;0;124;217m▘[38;2;0;157;173;48;2;17;169;189m▆[38;2;0;124;217;48;2;10;152;199m▁[38;2;134;126;144;48;2;50;128;186m▗[38;2;87;114;148;48;2;0;124;217m▃[38;2;117;111;125;48;2;84;64;80m▖[38;2;94;54;74;48;2;31;85;158m▆[38;2;0;124;217;48;2;6;140;206m▆[38;2;45;91;222;48;2;45;91;222m▔[38;2;94;90;110;48;2;94;90;110m▔[38;2;73;33;40;48;2;17;169;189m▆[38;2;136;77;40m▆[38;2;113;67;47;48;2;2;167;181m▅[38;2;111;53;23;48;2;4;120;219m▅[38;2;59;81;190;48;2;113;67;47m▀[48;2;85;44;51m▀[38;2;66;79;206;48;2;31;85;158m▐[48;2;66;79;206m▔[38;2;59;81;190;48;2;0;136;202m▂[38;2;25;87;149;48;2;0;124;217m▅[38;2;8;86;125;48;2;62;80;200m▂[38;2;45;84;183;48;2;31;86;136m▀[38;2;51;83;160;48;2;8;86;125m▀[38;2;12;88;119;48;2;66;79;206m▆[38;2;21;88;144;48;2;0;130;212m▆[38;2;3;131;204;48;2;31;85;158m▀[38;2;74;172;237;48;2;20;168;195m▃[38;2;191;165;161;48;2;191;165;161m▔[38;2;208;188;172;48;2;195;181;163m▐[38;2;217;190;162;48;2;217;190;162m▔▔▔[38;2;222;190;150;48;2;222;190;150m▔[0m
[38;2;114;209;209;48;2;113;165;245m▅[38;2;181;175;169;48;2;91;174;243m▅[38;2;114;209;209;48;2;143;152;247m▆[38;2;51;204;231;48;2;31;234;235m▝[38;2;173;182;188;48;2;54;172;219m▆[38;2;181;175;169;48;2;58;203;250m▆[38;2;186;196;209;48;2;47;213;250m▆[38;2;173;182;188;48;2;34;238;247m▅[38;2;47;213;250;48;2;173;182;188m▀[38;2;119;201;205;48;2;31;234;235m▃[38;2;47;213;250;48;2;150;197;197m▔[38;2;74;172;237;48;2;31;234;235m▁[38;2;75;171;227m▂[38;2;43;171;212;48;2;47;213;250m▂[48;2;31;234;235m▃[38;2;21;171;197;48;2;47;213;250m▃[38;2;47;213;250;48;2;21;171;197m▀[38;2;17;169;189;48;2;101;160;229m▅[48;2;113;165;245m▅[48;2;38;170;207m▆[48;2;19;170;194m▞[38;2;2;167;181;48;2;2;167;181m▔[38;2;17;169;189;48;2;59;35;60m▀[38;2;59;35;60m▔[38;2;65;24;55m▆[38;2;71;27;53;48;2;65;24;55m▀[38;2;62;17;39;48;2;51;14;37m▅[38;2;59;35;60;48;2;44;19;44m▞[38;2;43;11;35;48;2;85;44;51m▅[38;2;61;32;46;48;2;61;32;46m▔[38;2;38;38;82;48;2;17;169;189m▘[38;2;1;166;177;48;2;0;165;172m▀[38;2;5;164;166;48;2;5;164;166m▔[38;2;0;157;173;48;2;21;164;172m▐[38;2;0;124;217;48;2;0;157;173m▝[38;2;0;150;186;48;2;27;122;196m▆[38;2;0;141;198;48;2;0;141;198m▔[38;2;23;16;81;48;2;0;157;173m▀[38;2;0;165;172;48;2;82;24;52m▃[38;2;0;164;165;48;2;104;16;50m▃[38;2;21;164;172;48;2;60;23;70m▅[38;2;29;171;204;48;2;34;124;148m▆[38;2;24;62;96;48;2;28;13;36m▍[38;2;43;11;35;48;2;62;17;39m▔[38;2;50;8;31m▔[38;2;129;107;122;48;2;112;34;45m▐[38;2;21;88;144;48;2;7;131;162m▃[38;2;51;83;160;48;2;117;111;125m▘[38;2;134;126;144;48;2;69;64;71m▘[38;2;78;72;95;48;2;107;100;129m▀[38;2;104;83;103;48;2;120;112;143m▊[38;2;94;90;110;48;2;116;110;128m▞[48;2;134;126;144m▞[38;2;84;64;80;48;2;97;82;103m▃[38;2;95;79;105;48;2;117;111;125m▃[38;2;0;141;198;48;2;87;118;143m▝[38;2;94;90;110;48;2;94;90;110m▔[38;2;51;8;0;48;2;76;30;52m▐[38;2;136;77;40;48;2;151;79;36m▀[38;2;111;53;23;48;2;148;72;41m▘[38;2;145;78;38;48;2;161;81;35m▖[38;2;117;56;26;48;2;153;75;44m▐[38;2;173;135;98;48;2;113;67;47m▂[38;2;201;152;130;48;2;106;81;76m▃[38;2;207;193;188;48;2;62;80;200m▂[38;2;0;141;198;48;2;36;99;170m▀[38;2;19;101;178;48;2;0;130;212m▃[38;2;0;157;173;48;2;40;84;172m▂[38;2;0;136;202;48;2;45;84;183m▃[38;2;0;141;198;48;2;31;86;136m▃[38;2;5;115;198;48;2;21;88;144m▃[38;2;0;150;186;48;2;12;88;119m▆[38;2;27;117;172;48;2;21;171;197m▘[38;2;21;171;197;48;2;143;152;247m▂[38;2;157;141;114;48;2;191;165;161m▐[38;2;217;190;162;48;2;200;175;149m▐[48;2;217;190;162m▔▔▔[38;2;197;172;147m▐[0m
[38;2;129;157;243;48;2;186;196;209m▂[38;2;186;196;209;48;2;74;172;237m▀[38;2;114;209;209;48;2;70;182;216m▝[38;2;181;175;169;48;2;60;170;211m▀[38;2;114;209;209;48;2;54;172;219m▀[38;2;54;172;219;48;2;114;209;209m▅[38;2;46;196;229;48;2;34;238;247m▆[38;2;31;234;235;48;2;54;172;219m▂[38;2;139;222;255;48;2;60;172;226m▂[38;2;201;199;203;48;2;54;172;219m▃[38;2;43;171;212;48;2;139;222;255m▀[48;2;150;197;197m▀[38;2;100;159;230;48;2;29;171;204m▆[38;2;17;169;189m▃[38;2;21;164;172;48;2;2;167;181m▅[38;2;1;157;187m▖[38;2;0;149;184;48;2;0;164;165m▘[38;2;21;164;172;48;2;17;169;189m▂[38;2;0;165;172m▃[38;2;17;169;189;48;2;0;165;172m▀[38;2;59;35;60;48;2;21;171;197m▆[38;2;106;34;52;48;2;54;39;75m▆[38;2;85;44;51;48;2;58;23;41m▁[38;2;98;44;75;48;2;84;39;64m▃[38;2;59;35;60;48;2;41;11;41m▂[48;2;59;35;60m▔[38;2;11;23;36;48;2;0;164;165m▀[38;2;0;146;192;48;2;38;49;63m▆[38;2;0;152;179;48;2;40;42;40m▆[38;2;0;146;192;48;2;0;146;192m▔[38;2;0;152;179;48;2;0;152;179m▔[38;2;31;85;158;48;2;21;164;172m▃[38;2;73;77;215;48;2;0;165;172m▂[38;2;0;165;172;48;2;0;164;165m▁[38;2;0;164;165m▔▔[38;2;2;167;181;48;2;0;165;172m▁[38;2;0;164;165;48;2;0;164;165m▔[38;2;21;164;172;48;2;21;164;172m▔[38;2;0;150;186;48;2;17;169;189m▁[48;2;2;167;181m▁[38;2;0;165;172;48;2;8;87;109m▊[38;2;59;81;190;48;2;65;24;55m▁[38;2;20;107;221;48;2;23;16;81m▂[38;2;39;10;50;48;2;92;21;39m▍[38;2;147;93;76;48;2;108;65;63m▐[38;2;94;90;110;48;2;117;111;125m▊[38;2;150;146;156;48;2;134;126;144m▗[48;2;44;48;55m▅[38;2;118;111;129;48;2;118;111;129m▔[38;2;116;104;133;48;2;104;83;103m▃[38;2;71;66;87;48;2;150;146;156m▘[38;2;141;137;148;48;2;117;111;125m▆[38;2;94;54;74;48;2;134;126;144m▐[38;2;83;61;93;48;2;83;61;93m▔[38;2;71;66;87;48;2;120;112;143m▁[38;2;117;111;125;48;2;107;90;108m▆[38;2;61;32;46;48;2;93;70;88m▝[38;2;161;81;35;48;2;45;12;29m▝[48;2;161;81;35m▔▔[38;2;172;105;68m▝[38;2;213;155;115m▔[38;2;113;67;47;48;2;113;67;47m▔[38;2;222;190;150;48;2;161;81;35m▝[38;2;75;53;53;48;2;155;95;55m▐[38;2;61;66;77;48;2;0;141;198m▍[38;2;62;93;104m▍[38;2;40;84;172;48;2;10;144;172m▔[38;2;79;120;153;48;2;21;164;172m▆[38;2;87;83;80;48;2;112;106;102m▘[38;2;99;122;133;48;2;60;172;226m▅[38;2;135;127;133;48;2;181;177;186m▐[48;2;208;188;172m▂[38;2;201;152;130m▂[38;2;173;135;98;48;2;222;190;150m▍[38;2;127;103;101m▁[48;2;208;188;172m▁[38;2;135;127;133m▁[38;2;150;146;156m▂[0m
[38;2;46;158;196;48;2;186;196;209m▀[38;2;186;196;209;48;2;43;171;212m▆[48;2;100;188;212m▆[38;2;181;177;186;48;2;121;172;180m▆[38;2;186;196;209;48;2;92;203;225m▆[48;2;107;188;212m▆[38;2;201;199;203;48;2;100;189;215m▆[48;2;133;188;200m▆[38;2;58;203;250;48;2;44;188;220m▆[38;2;113;165;245;48;2;70;160;220m▆[38;2;107;159;201;48;2;21;171;197m▔[38;2;21;171;197;48;2;30;138;191m▆[48;2;24;138;182m▆[38;2;21;164;172;48;2;24;134;166m▆[38;2;0;150;186;48;2;59;81;190m▗[38;2;0;152;179;48;2;20;107;221m▆[38;2;40;84;172;48;2;0;157;173m▔[38;2;59;81;190m▔[38;2;45;84;183;48;2;0;152;179m▔[48;2;0;164;165m▔[38;2;21;164;172;48;2;13;20;53m▆[38;2;37;15;27;48;2;0;164;165m▀[38;2;0;165;172;48;2;106;34;52m▃[38;2;98;44;75;48;2;0;165;172m▀[38;2;21;164;172;48;2;38;38;82m▆[38;2;31;85;158;48;2;21;164;172m▔[48;2;0;164;165m▔[38;2;45;84;183;48;2;0;157;173m▔[38;2;0;136;202;48;2;35;90;134m▁[38;2;147;143;171;48;2;12;88;119m▂[48;2;40;84;172m▁[38;2;124;128;195;48;2;94;90;110m▝[38;2;17;169;189m▘[38;2;5;118;191;48;2;21;84;128m▐[38;2;8;87;109;48;2;21;164;172m▔[48;2;0;165;172m▔[38;2;12;88;119m▔[38;2;8;87;109m▔[38;2;0;165;172;48;2;0;136;144m▆[38;2;129;107;122;48;2;59;145;163m▗[38;2;155;126;91;48;2;127;103;101m▝[38;2;180;124;60;48;2;98;92;100m▅[38;2;2;167;181;48;2;127;103;101m▀[38;2;137;91;88;48;2;29;171;204m▅[38;2;153;75;44;48;2;118;55;53m▆[38;2;159;92;35;48;2;159;92;35m▔[38;2;117;72;66;48;2;147;93;76m▅[38;2;102;148;160;48;2;150;146;156m▘[38;2;158;140;154;48;2;158;140;154m▔[38;2;147;143;171;48;2;147;143;171m▔[38;2;84;64;80;48;2;158;140;154m▔[38;2;112;153;185;48;2;125;136;159m▀[38;2;125;119;132;48;2;150;146;156m▐[38;2;136;115;130;48;2;158;140;154m▝[38;2;104;83;103;48;2;96;61;81m▞[38;2;134;126;144;48;2;104;83;103m▔[38;2;98;92;100;48;2;109;103;115m▗[38;2;135;127;133;48;2;95;88;104m▅[48;2;73;33;40m▅[38;2;61;23;31;48;2;127;103;101m▀[38;2;108;63;60;48;2;179;120;88m▅[38;2;181;123;83;48;2;155;95;55m▍[38;2;136;77;40;48;2;111;53;23m▃[38;2;161;81;35;48;2;161;81;35m▔[38;2;159;92;35;48;2;136;57;24m▃[38;2;176;123;96;48;2;136;77;40m▗[38;2;165;131;115;48;2;217;190;162m▘[38;2;93;85;83;48;2;157;141;114m▝[38;2;25;87;149;48;2;163;131;126m▍[38;2;181;177;186;48;2;137;91;88m▔[38;2;208;188;172;48;2;21;164;172m▝[38;2;150;146;156;48;2;0;157;173m▘[38;2;164;146;147;48;2;149;136;140m▘[38;2;173;143;139;48;2;191;165;161m▃[38;2;191;167;142;48;2;174;154;128m▝[38;2;191;165;161;48;2;210;183;161m▖[38;2;208;188;172;48;2;207;193;188m▀[38;2;207;193;188m▔▔[38;2;181;177;186;48;2;181;175;169m▆[0m
[38;2;201;199;203;48;2;201;199;203m▔[48;2;191;197;206m▃[48;2;201;199;203m▔▔▔▔[48;2;204;206;216m▖[38;2;186;196;209;48;2;47;213;250m▊[38;2;113;165;245;48;2;54;172;219m▂[38;2;74;172;237;48;2;29;171;204m▁[38;2;43;171;212;48;2;21;171;197m▂[38;2;29;171;204;48;2;17;169;189m▃[38;2;11;169;189;48;2;21;171;197m▗[38;2;41;127;200m▞[38;2;17;169;189;48;2;21;164;172m▆[38;2;21;164;172;48;2;21;171;197m▀[48;2;29;171;204m▀[38;2;0;165;172;48;2;43;171;212m▀[38;2;2;167;181m▀[38;2;43;171;212;48;2;17;169;189m▃[38;2;17;169;189;48;2;43;171;212m▀▀[38;2;74;172;237;48;2;29;171;204m▂[38;2;17;169;189;48;2;60;172;226m▀[38;2;74;172;237;48;2;29;171;204m▃[38;2;89;169;246;48;2;43;171;212m▂[38;2;29;171;204;48;2;59;81;190m▍[38;2;32;34;31;48;2;45;91;222m▔[38;2;46;47;44;48;2;73;77;215m▀[38;2;94;90;110;48;2;184;169;184m▆[38;2;84;64;80;48;2;84;64;80m▔[38;2;98;92;100;48;2;98;92;100m▔[38;2;57;63;94;48;2;29;171;204m▀[38;2;21;171;197;48;2;21;171;197m▔[38;2;29;171;204;48;2;24;171;199m▃[38;2;17;169;189;48;2;43;171;212m▀[48;2;173;135;98m▀[38;2;192;129;82;48;2;60;170;211m▅[38;2;179;120;88;48;2;187;125;84m▘[38;2;192;129;82;48;2;155;95;55m▁[38;2;155;95;55;48;2;192;129;82m▀[38;2;192;129;82;48;2;168;107;65m▍[38;2;173;104;52;48;2;189;113;52m▀[38;2;192;129;82;48;2;136;77;40m▂[38;2;189;113;52;48;2;207;133;69m▝[38;2;136;77;40;48;2;189;113;52m▁[38;2;147;93;76;48;2;184;133;82m▖[38;2;184;169;184;48;2;136;126;153m▗[38;2;89;90;122;48;2;147;143;171m▖[38;2;147;143;171;48;2;138;132;154m▃[48;2;112;153;185m▃[38;2;104;83;103;48;2;134;126;144m▁[38;2;49;40;53;48;2;29;171;204m▁[38;2;71;66;87;48;2;158;140;154m▂[38;2;69;64;71m▂[48;2;135;127;133m▂[38;2;94;90;110m▂[48;2;158;140;154m▂▃[38;2;104;83;103;48;2;153;134;129m▃[38;2;115;96;102;48;2;84;64;80m▍[38;2;127;103;101;48;2;85;58;66m▔[38;2;155;95;55;48;2;110;75;70m▀[38;2;112;96;88;48;2;112;96;88m▔[38;2;117;111;125;48;2;155;95;55m▃[38;2;129;107;122;48;2;113;67;47m▅[38;2;112;106;102;48;2;112;106;102m▔[38;2;127;103;101;48;2;163;131;126m▅[38;2;157;141;114;48;2;157;141;114m▔[38;2;197;162;122;48;2;176;134;111m▝[38;2;191;165;161;48;2;127;103;101m▗[38;2;188;177;159;48;2;88;64;61m▅[38;2;127;103;101;48;2;181;175;169m▘[38;2;88;64;61;48;2;150;146;156m▀[38;2;181;177;186;48;2;88;64;61m▖[38;2;114;101;104;48;2;191;165;161m▍[38;2;184;179;186;48;2;207;193;188m▃[38;2;181;177;186;48;2;181;177;186m▔▔[38;2;173;182;188;48;2;173;182;188m▔[0m
[38;2;201;199;203;48;2;201;199;203m▔[38;2;188;185;192m▁[38;2;201;199;203m▔▔[48;2;183;188;193m▅[38;2;186;196;209;48;2;186;196;209m▔[48;2;205;209;221m▅[38;2;205;209;221m▔[38;2;212;203;217;48;2;160;203;236m▆[38;2;205;209;221;48;2;31;234;235m▆[48;2;129;157;243m▅[48;2;75;171;227m▆[38;2;43;171;212;48;2;205;209;221m▀[38;2;205;209;221;48;2;129;157;243m▅▅[38;2;212;203;217;48;2;91;174;243m▅[48;2;113;165;245m▆[48;2;91;174;243m▅[38;2;205;209;221;48;2;47;213;250m▅▆[48;2;114;209;209m▅[38;2;212;203;217;48;2;173;182;188m▅[48;2;150;197;197m▆[38;2;205;209;221;48;2;114;209;209m▆[48;2;150;197;197m▆[38;2;150;197;197;48;2;74;172;237m▍[38;2;21;171;197;48;2;21;171;197m▔[38;2;17;169;189;48;2;0;89;98m▃[38;2;75;171;227;48;2;51;83;160m▂[38;2;113;165;245;48;2;89;90;122m▂[38;2;180;184;224;48;2;25;87;149m▅[38;2;60;172;226;48;2;180;184;224m▀[38;2;163;131;126;48;2;143;152;247m▂[38;2;155;191;220;48;2;60;172;226m▅[38;2;60;172;226;48;2;155;191;220m▀[38;2;75;171;227;48;2;180;184;224m▀[38;2;180;184;224;48;2;176;134;111m▂[38;2;143;152;247;48;2;139;102;59m▂[38;2;180;184;224;48;2;192;129;82m▁[38;2;184;169;184;48;2;180;124;60m▂[38;2;147;226;252;48;2;218;146;80m▂[38;2;186;196;209;48;2;189;113;52m▂[38;2;212;203;217;48;2;176;134;111m▂[38;2;179;120;88;48;2;186;196;209m▀[38;2;31;234;235;48;2;192;129;82m▃[38;2;91;174;243;48;2;189;113;52m▃[38;2;160;203;236;48;2;127;103;101m▃[38;2;88;64;61;48;2;113;165;245m▀[38;2;58;103;143;48;2;60;172;226m▀[38;2;29;171;204;48;2;55;105;130m▅[38;2;21;171;197;48;2;49;40;53m▅[38;2;29;171;204;48;2;15;118;144m▂[38;2;21;171;197;48;2;46;108;127m▂[38;2;43;171;212;48;2;65;119;162m▂[38;2;21;171;197;48;2;98;92;100m▂[38;2;78;99;168;48;2;134;126;144m▃[38;2;21;84;128m▃[38;2;51;83;160m▃[38;2;94;90;110;48;2;94;90;110m▔[38;2;59;81;190;48;2;59;81;190m▔[38;2;0;165;172;48;2;0;165;172m▔[38;2;73;77;215;48;2;129;107;122m▃[38;2;68;66;86;48;2;117;111;125m▃[38;2;112;106;102;48;2;112;106;102m▔[38;2;117;111;125;48;2;117;111;125m▔[38;2;90;103;146;48;2;135;127;133m▅[38;2;94;90;110;48;2;94;90;110m▔[38;2;75;127;167;48;2;0;130;212m▀[38;2;134;126;144;48;2;115;102;120m▊[38;2;108;65;63;48;2;159;116;99m▃[38;2;153;110;115;48;2;129;107;122m▍[38;2;170;85;101;48;2;183;136;126m▅[48;2;181;175;169m▖[38;2;184;169;184;48;2;153;142;152m▍[48;2;152;142;159m▅[48;2;96;169;195m▖[48;2;181;177;186m▏[38;2;181;177;186m▔[38;2;181;175;169;48;2;181;175;169m▔[38;2;181;177;186;48;2;181;177;186m▔[0m
