[38;2;253;253;253;48;2;1;1;1m[38;2;13;24;20;48;2;25;23;7m▘[38;2;25;23;7m▃[38;2;42;39;19m▂ [38;2;19;17;14;48;2;0;4;0m▍[38;2;56;38;20;48;2;15;10;9m▗[38;2;68;48;22;48;2;28;15;0m▞[38;2;42;39;19;48;2;19;17;14m▗[38;2;28;15;0;48;2;56;38;20m▗[38;2;40;33;24;48;2;25;23;7m▏[38;2;88;69;39;48;2;19;17;14m▁[38;2;42;39;19;48;2;42;39;19m▊[38;2;56;55;26;48;2;28;15;0m▕[38;2;25;23;7;48;2;68;48;22m▗[48;2;56;55;26m▅[38;2;42;39;19m▖[38;2;80;71;56;48;2;25;23;7m▔[48;2;40;33;24m▔[38;2;149;134;98;48;2;40;20;7m▂[48;2;25;23;7m▃[38;2;25;23;7;48;2;118;103;82m▀[38;2;40;33;24m▀[38;2;42;39;19;48;2;95;85;57m▀[38;2;68;48;22;48;2;102;70;36m▆[38;2;56;38;20;48;2;109;84;28m▅[38;2;40;20;7m▅[38;2;147;114;49;48;2;51;25;13m▝[38;2;71;54;20;48;2;133;106;57m▝[48;2;56;38;20m▂[38;2;95;85;57;48;2;71;54;20m▍[38;2;61;48;11;48;2;28;15;0m▏[38;2;15;10;9;48;2;25;23;7m▔[38;2;42;39;19m▝[38;2;56;38;20;48;2;28;15;0m▐[38;2;40;20;7m▘[38;2;28;15;0;48;2;56;38;20m▆[38;2;56;38;20;48;2;24;8;4m▝[48;2;28;15;0m▀[48;2;88;69;39m▅[38;2;71;54;20;48;2;56;38;20m▘[38;2;51;25;13;48;2;71;54;20m▂[38;2;68;48;22;48;2;102;70;36m▔[38;2;102;70;36;48;2;40;20;7m▆[48;2;109;84;28m [38;2;133;106;57;48;2;71;54;20m▘[38;2;40;20;7;48;2;88;69;39m▆[38;2;136;133;104;48;2;42;39;19m▂[48;2;40;33;24m [38;2;19;17;14;48;2;59;70;51m▅[38;2;56;55;26;48;2;72;69;31m▃[38;2;46;53;24;48;2;85;83;43m▔[38;2;42;39;19m▔[38;2;253;253;253;48;2;1;1;1m
[38;2;42;39;19;48;2;42;39;19m▏[38;2;5;10;3m▔[38;2;56;55;26;48;2;25;23;7m▁[38;2;88;69;39;48;2;28;15;0m▂[38;2;25;23;7;48;2;70;56;39m▀[38;2;68;48;22;48;2;28;15;0m▀[38;2;88;69;39;48;2;15;10;9m▃[48;2;27;23;21m▃[38;2;68;48;22;48;2;40;33;24m▃[38;2;40;33;24;48;2;28;15;0m▘[48;2;88;69;39m▆[38;2;70;56;39;48;2;25;23;7m▝[38;2;40;33;24m▏[38;2;70;56;39;48;2;19;17;14m▔[38;2;56;55;26;48;2;42;39;19m▔[48;2;25;23;7m▗[38;2;25;23;7;48;2;105;96;64m▘[38;2;136;119;72;48;2;71;54;20m▀[38;2;149;134;98m▔[38;2;56;38;20;48;2;88;69;39m▂[38;2;42;39;19;48;2;71;54;20m▔[38;2;56;38;20;48;2;88;69;39m▃[38;2;28;15;0m▁▁[38;2;24;8;4;48;2;71;54;20m▁[38;2;28;15;0;48;2;70;56;39m▂[38;2;24;8;4;48;2;68;48;22m▃[38;2;88;69;39;48;2;56;38;20m▔[38;2;68;48;22;48;2;117;85;50m▖[38;2;133;106;57;48;2;68;48;22m▖[38;2;42;39;19;48;2;56;55;26m▀[38;2;83;106;71;48;2;46;53;24m▗[38;2;20;38;5;48;2;47;81;44m▔[38;2;112;142;80;48;2;24;37;22m▅[38;2;76;123;86;48;2;42;39;19m▅[38;2;24;37;22;48;2;50;86;76m▔[38;2;88;101;46;48;2;25;23;7m▅[38;2;105;130;107;48;2;40;20;7m▃[38;2;86;100;79;48;2;28;15;0m▁[38;2;68;48;22;48;2;42;39;19m▔[48;2;56;38;20m [38;2;40;20;7m▃[38;2;56;38;20;48;2;71;54;20m▅[38;2;51;25;13;48;2;68;48;22m▝[38;2;88;69;39;48;2;71;54;20m▂[38;2;95;85;57;48;2;42;39;19m▂[38;2;107;106;79;48;2;28;15;0m▔[38;2;70;56;39;48;2;25;23;7m▞[38;2;121;101;56;48;2;28;15;0m▂[38;2;136;119;72;48;2;42;39;19m▂[38;2;88;69;39m▃[38;2;107;106;79;48;2;61;48;11m▔[38;2;253;253;253;48;2;1;1;1m
[38;2;19;17;14;48;2;40;33;24m▁[38;2;42;39;19;48;2;28;15;0m▀[38;2;88;69;39;48;2;40;33;24m▔[38;2;71;54;20;48;2;28;15;0m▂[38;2;40;33;24;48;2;19;17;14m▀[38;2;88;69;39;48;2;42;39;19m▝[38;2;56;38;20;48;2;70;56;39m▗[38;2;100;70;53;48;2;28;15;0m▔[38;2;88;69;39;48;2;56;38;20m▘[38;2;68;48;22;48;2;28;15;0m▀[38;2;70;56;39;48;2;19;17;14m▀[38;2;28;15;0;48;2;61;48;11m▃[38;2;24;8;4;48;2;56;38;20m▃[38;2;28;15;0;48;2;70;56;39m▅[38;2;36;25;21;48;2;15;10;9m▏[38;2;57;52;40;48;2;112;120;76m▍[38;2;88;69;39;48;2;68;48;22m▏[38;2;56;38;20;48;2;61;48;11m▗[38;2;61;48;11;48;2;24;8;4m▀[38;2;42;39;19;48;2;40;20;7m▖[38;2;88;69;39;48;2;28;15;0m▖[38;2;42;39;19;48;2;15;10;9m▗[38;2;56;38;20;48;2;28;15;0m▅[38;2;87;70;18m▗[48;2;61;48;11m▖[38;2;95;85;57;48;2;68;48;22m▃[38;2;28;15;0;48;2;87;70;18m▀[38;2;42;39;19;48;2;28;15;0m▗[38;2;68;48;22;48;2;40;20;7m▞[38;2;133;106;57;48;2;56;38;20m▝[38;2;109;84;28;48;2;87;70;18m▆[38;2;112;120;76;48;2;88;101;46m▂[38;2;170;178;90;48;2;106;126;50m▗[38;2;140;141;78;48;2;113;140;48m▃[38;2;106;126;50;48;2;140;141;78m▀▀[38;2;170;178;90;48;2;112;142;80m▂[38;2;76;123;86;48;2;122;152;103m▀[38;2;136;172;113;48;2;83;106;71m▅[38;2;160;163;117;48;2;85;83;43m▅[38;2;112;120;76;48;2;68;48;22m▖[38;2;68;48;22;48;2;71;54;20m▞[38;2;56;38;20;48;2;56;38;20m▘[48;2;40;20;7m▂[38;2;28;15;0;48;2;71;54;20m▆[38;2;88;69;39;48;2;28;15;0m▀[38;2;40;20;7;48;2;87;70;18m▃[38;2;121;101;56;48;2;56;38;20m▀[38;2;88;69;39m▀[38;2;56;38;20;48;2;88;69;39m▅▍[38;2;56;55;26;48;2;105;96;64m▀[38;2;253;253;253;48;2;1;1;1m
[38;2;28;15;0;48;2;56;38;20m▍[38;2;71;54;20;48;2;40;20;7m▐[38;2;68;48;22;48;2;24;8;4m▍[38;2;24;8;4;48;2;56;38;20m▘[38;2;40;20;7;48;2;71;54;20m▐[38;2;25;23;7;48;2;42;39;19m▘[38;2;42;39;19;48;2;40;33;24m▕[38;2;70;56;39;48;2;28;15;0m▔[38;2;28;15;0;48;2;42;39;19m▞[38;2;42;39;19;48;2;24;8;4m▍[38;2;71;54;20;48;2;19;17;14m▅[38;2;68;48;22;48;2;42;39;19m▀[38;2;57;52;40;48;2;40;33;24m▁[38;2;40;33;24;48;2;28;15;0m▗[38;2;57;52;40;48;2;19;17;14m▘[38;2;105;96;64m▝[38;2;19;17;14;48;2;70;56;39m▂[38;2;88;69;39;48;2;61;48;11m▘[38;2;68;48;22;48;2;88;69;39m▃[38;2;42;39;19;48;2;70;56;39m▃[38;2;68;48;22;48;2;40;33;24m▁[38;2;87;70;18;48;2;56;38;20m▂[38;2;68;48;22;48;2;40;20;7m▞[38;2;121;101;56m▝[38;2;71;54;20;48;2;109;84;28m▃[38;2;40;20;7;48;2;85;83;43m▂[48;2;121;101;56m▃[38;2;133;106;57;48;2;56;38;20m▃[38;2;87;70;18;48;2;121;101;56m▝[48;2;68;48;22m▁[38;2;71;54;20;48;2;133;106;57m▏[38;2;160;163;117;48;2;140;141;78m▂[48;2;194;201;154m▘[38;2;176;181;144;48;2;227;226;184m▀[38;2;227;226;184;48;2;194;201;154m▆[38;2;244;233;198;48;2;178;172;115m▅[48;2;190;192;132m▃[38;2;170;178;90m▀[38;2;230;221;142;48;2;170;178;90m▂[38;2;217;208;155;48;2;190;192;132m▆[38;2;160;163;117;48;2;217;208;155m▝[38;2;140;141;78;48;2;85;83;43m▅[38;2;112;120;76;48;2;71;54;20m▂ [48;2;68;48;22m [38;2;68;48;22m▃[48;2;40;20;7m▆[38;2;56;38;20;48;2;68;48;22m▀[38;2;71;54;20;48;2;56;38;20m▝[48;2;71;54;20m▗[38;2;117;85;50m▗[38;2;95;85;57;48;2;68;48;22m▔[38;2;253;253;253;48;2;1;1;1m
[38;2;68;48;22;48;2;28;15;0m▆[38;2;56;38;20m▅[38;2;28;15;0;48;2;42;39;19m▀[38;2;88;69;39;48;2;40;20;7m▂[38;2;95;85;57;48;2;51;25;13m▁[38;2;40;33;24;48;2;68;48;22m▀[48;2;61;48;11m▀[38;2;88;69;39;48;2;40;20;7m▁[38;2;70;56;39m▃[38;2;88;69;39;48;2;42;39;19m▞[38;2;70;56;39m▂[38;2;88;69;39m▅[38;2;28;15;0;48;2;80;71;56m▂[38;2;24;8;4;48;2;87;70;18m▂[38;2;40;20;7;48;2;88;69;39m▃[38;2;28;15;0m▃[38;2;88;69;39;48;2;28;15;0m▀[38;2;56;38;20;48;2;15;10;9m▀[48;2;28;15;0m▗[48;2;88;69;39m▀[38;2;95;85;57;48;2;71;54;20m▗[38;2;87;70;18;48;2;15;10;9m▘[38;2;24;8;4;48;2;61;48;11m▀[38;2;56;38;20;48;2;25;23;7m▝[38;2;42;39;19;48;2;68;48;22m▃[38;2;70;56;39;48;2;88;69;39m▀[38;2;136;119;72;48;2;71;54;20m▃[48;2;88;69;39m▃[38;2;121;101;56;48;2;61;48;11m▅[38;2;160;163;117;48;2;121;101;56m▂[38;2;136;119;72;48;2;176;181;144m▘[38;2;176;181;144;48;2;211;201;171m▘[38;2;229;214;179;48;2;229;214;179m▍[38;2;244;233;198m▐[48;2;244;233;198m▍▍▊[38;2;170;178;90;48;2;217;208;155m▐[38;2;190;192;132;48;2;170;178;90m▐[38;2;217;208;155;48;2;227;226;184m▏[38;2;209;201;141;48;2;190;192;132m▍[38;2;170;178;90;48;2;148;165;69m▍[38;2;106;126;50;48;2;136;172;113m▀[48;2;88;101;46m▆[38;2;112;120;76;48;2;56;38;20m▖[38;2;40;33;24;48;2;24;8;4m▅[48;2;28;15;0m▗[48;2;68;48;22m▆[38;2;68;48;22;48;2;88;69;39m▞[38;2;28;15;0m▆[38;2;95;85;57;48;2;40;20;7m▔[38;2;88;69;39m▂[38;2;253;253;253;48;2;1;1;1m
[38;2;56;38;20;48;2;15;10;9m▔[38;2;28;15;0;48;2;68;48;22m▆[38;2;15;10;9;48;2;56;38;20m▅[38;2;56;38;20;48;2;15;10;9m▀[38;2;71;54;20;48;2;24;8;4m▀[38;2;24;8;4;48;2;70;56;39m▃[38;2;28;15;0m▃[38;2;88;69;39;48;2;56;38;20m▀[38;2;28;15;0;48;2;88;69;39m▅[38;2;70;56;39;48;2;19;17;14m▐[38;2;40;33;24;48;2;95;85;57m▍[38;2;24;8;4;48;2;105;96;64m▊[38;2;133;106;57;48;2;85;83;43m▅[38;2;28;15;0;48;2;56;38;20m▀[38;2;88;69;39;48;2;28;15;0m▃[38;2;117;85;50;48;2;56;38;20m▁[38;2;121;101;56;48;2;28;15;0m▁[38;2;88;69;39;48;2;15;10;9m▃[38;2;56;38;20;48;2;28;15;0m▞[38;2;87;70;18;48;2;56;38;20m▝[38;2;61;48;11;48;2;71;54;20m▃[38;2;28;15;0;48;2;56;55;26m▂[38;2;85;83;43;48;2;28;15;0m▘[38;2;42;39;19m▞[38;2;56;55;26m▂[38;2;88;101;46m▂[38;2;42;39;19;48;2;85;83;43m▀[38;2;140;141;78;48;2;56;55;26m▅[38;2;105;96;64;48;2;160;163;117m▔[38;2;178;172;115;48;2;178;172;115m▘[38;2;194;201;154;48;2;194;201;154m▘[38;2;211;201;171;48;2;229;214;179m▍[38;2;229;214;179m▍[38;2;244;233;198;48;2;227;226;184m▐[48;2;244;233;198m▍▕[38;2;217;208;155m▗[48;2;190;192;132m▆[38;2;178;172;115;48;2;209;201;141m▂[38;2;190;192;132;48;2;217;208;155m▖[38;2;170;178;90;48;2;190;192;132m▐[38;2;113;140;48m▔[38;2;209;201;141;48;2;140;141;78m▅[38;2;140;141;78;48;2;190;192;132m▀[48;2;88;101;46m▅[38;2;85;83;43;48;2;25;23;7m▍[38;2;56;38;20;48;2;56;38;20m▗[48;2;28;15;0m▃[38;2;68;48;22;48;2;40;20;7m▝[48;2;88;69;39m▞[38;2;88;69;39;48;2;28;15;0m▂[38;2;68;48;22;48;2;40;33;24m▝[38;2;253;253;253;48;2;1;1;1m
[38;2;56;38;20;48;2;28;15;0m▝[48;2;24;8;4m▅[38;2;68;48;22;48;2;28;15;0m▅[38;2;56;38;20;48;2;56;38;20m▃[38;2;68;48;22;48;2;40;20;7m▃[48;2;28;15;0m▞[38;2;24;8;4;48;2;56;38;20m▅[38;2;40;20;7;48;2;87;70;18m▀[38;2;71;54;20;48;2;28;15;0m▅[38;2;42;39;19;48;2;19;17;14m▏[38;2;19;17;14;48;2;42;39;19m▆[38;2;15;10;9;48;2;80;71;56m▅[38;2;70;56;39;48;2;28;15;0m▘[38;2;10;1;1;48;2;88;69;39m▗[38;2;15;10;9;48;2;56;38;20m▅[38;2;88;69;39;48;2;40;33;24m▔[38;2;117;85;50m▔[38;2;56;38;20;48;2;28;15;0m▂[38;2;24;8;4;48;2;61;48;11m▘[38;2;40;20;7;48;2;56;55;26m▊[38;2;61;48;11;48;2;72;69;31m▆[38;2;56;55;26;48;2;42;39;19m▊[38;2;42;39;19;48;2;25;23;7m▅[38;2;56;55;26;48;2;42;39;19m▝[38;2;85;83;43;48;2;56;55;26m▂[38;2;72;69;31;48;2;85;83;43m▍[38;2;112;120;76;48;2;136;119;72m▘[38;2;160;163;117;48;2;164;150;104m▗[48;2;176;181;144m▘[38;2;194;201;154;48;2;194;201;154m▅[48;2;211;201;171m▘[38;2;229;214;179;48;2;229;214;179m▃▘[38;2;244;233;198m▅[48;2;244;233;198m▔▁[38;2;178;172;115;48;2;227;226;184m▝[38;2;217;208;155;48;2;170;178;90m▖[38;2;140;141;78;48;2;190;192;132m▊[38;2;217;208;155;48;2;244;233;198m▍[38;2;227;226;184;48;2;249;246;219m▔[48;2;227;226;184m▝[48;2;217;208;155m▅[38;2;194;201;154;48;2;227;226;184m▀[38;2;160;163;117;48;2;194;201;154m▝[38;2;46;53;24;48;2;140;141;78m▐[38;2;19;17;14;48;2;28;15;0m▏[38;2;40;20;7;48;2;56;38;20m▅[38;2;68;48;22;48;2;40;20;7m▅[38;2;88;69;39m▂[38;2;56;38;20;48;2;88;69;39m▆[38;2;88;69;39;48;2;70;56;39m▀[38;2;253;253;253;48;2;1;1;1m
[38;2;40;33;24;48;2;19;17;14m▔[38;2;15;10;9;48;2;56;38;20m▆[38;2;10;1;1m▆[38;2;40;33;24;48;2;28;15;0m▘[38;2;57;52;40;48;2;88;69;39m▏[38;2;88;69;39;48;2;40;33;24m▖[38;2;70;56;39;48;2;15;10;9m▂[38;2;71;54;20;48;2;19;17;14m▀[38;2;19;17;14;48;2;61;48;11m▁[38;2;70;56;39;48;2;25;23;7m▂[48;2;28;15;0m▃[48;2;15;10;9m▅[38;2;24;8;4;48;2;70;56;39m▃[48;2;19;17;14m [38;2;57;52;40;48;2;40;33;24m▕[38;2;28;15;0;48;2;70;56;39m▐▅[38;2;88;69;39;48;2;56;38;20m▕[48;2;61;48;11m▊[38;2;40;33;24m▃[38;2;56;55;26;48;2;25;23;7m▂[38;2;42;39;19;48;2;42;39;19m▞[38;2;72;69;31m▂[38;2;85;83;43;48;2;72;69;31m▂[38;2;72;69;31;48;2;112;120;76m▀[38;2;105;96;64;48;2;149;134;98m▘[38;2;136;119;72;48;2;164;150;104m▀[38;2;149;134;98;48;2;160;163;117m▀[48;2;164;150;104m▀[38;2;176;181;144m▔[38;2;112;120;76;48;2;211;201;171m▆[38;2;105;96;64m▅[38;2;229;214;179;48;2;85;83;43m▀[38;2;121;101;56;48;2;229;214;179m▃[38;2;164;150;104m▃[38;2;190;192;132;48;2;227;226;184m▃[38;2;217;208;155m▂▕[38;2;227;226;184;48;2;230;221;142m▂[38;2;217;208;155;48;2;227;226;184m▍▂[38;2;190;192;132m▁[38;2;160;163;117m▁▁[48;2;194;201;154m▁[38;2;85;83;43;48;2;176;181;144m▐[38;2;28;15;0;48;2;40;33;24m▊[38;2;42;39;19;48;2;19;17;14m▔[38;2;61;48;11;48;2;28;15;0m▗[38;2;40;20;7;48;2;71;54;20m▅[38;2;102;70;36;48;2;56;38;20m▘[38;2;88;69;39m▗[38;2;253;253;253;48;2;1;1;1m
[38;2;15;10;9;48;2;25;23;7m▀[38;2;19;17;14;48;2;15;10;9m▍[38;2;1;1;1m▞[38;2;28;15;0;48;2;40;33;24m▊[38;2;40;20;7;48;2;56;38;20m▊[38;2;117;85;50m▀[38;2;42;39;19;48;2;88;69;39m▂[38;2;28;15;0;48;2;68;48;22m▁[48;2;56;38;20m▂[38;2;40;20;7;48;2;88;69;39m▆[38;2;88;69;39;48;2;42;39;19m▔[48;2;28;15;0m▂[38;2;40;20;7;48;2;88;69;39m▀[38;2;71;54;20;48;2;56;38;20m▅[38;2;24;8;4;48;2;70;56;39m▂[38;2;56;38;20;48;2;88;69;39m▃[38;2;28;15;0;48;2;71;54;20m▃[38;2;95;85;57;48;2;40;20;7m▀[38;2;71;54;20m▗[38;2;56;55;26;48;2;28;15;0m▞[38;2;95;85;57;48;2;42;39;19m▖[38;2;56;55;26;48;2;25;23;7m▝[38;2;72;69;31;48;2;42;39;19m▐[38;2;85;83;43;48;2;72;69;31m▀[38;2;105;96;64m▀[38;2;72;69;31;48;2;105;96;64m▃[38;2;149;134;98;48;2;95;85;57m▀[38;2;164;150;104;48;2;85;83;43m▀[38;2;56;55;26;48;2;160;163;117m▁[38;2;107;106;79m▁[38;2;194;201;154;48;2;149;134;98m▁[38;2;105;96;64;48;2;112;120;76m▝[48;2;105;96;64m▔[48;2;85;83;43m▆[38;2;136;119;72;48;2;121;101;56m▐[38;2;178;172;115;48;2;136;119;72m▝[48;2;217;208;155m▍[38;2;217;208;155;48;2;227;226;184m▍[38;2;244;233;198m▐[38;2;160;163;117m▗[38;2;121;101;56;48;2;160;163;117m▅[38;2;140;141;78;48;2;121;101;56m▔[48;2;112;120;76m▅[38;2;178;172;115m▆[38;2;194;201;154m▅[38;2;105;96;64;48;2;160;163;117m▕[38;2;56;55;26;48;2;19;17;14m▏[38;2;70;56;39;48;2;40;20;7m▗[38;2;42;39;19;48;2;28;15;0m▝[38;2;70;56;39;48;2;40;33;24m▝[38;2;28;15;0;48;2;56;38;20m▂[38;2;24;8;4m▂[38;2;253;253;253;48;2;1;1;1m
[38;2;36;25;21;48;2;28;15;0m▍[38;2;19;17;14;48;2;15;10;9m▍▃[38;2;15;10;9;48;2;19;17;14m▀[38;2;10;1;1;48;2;40;33;24m▆[38;2;42;39;19;48;2;15;10;9m▀[38;2;57;52;40;48;2;19;17;14m▀[38;2;56;55;26;48;2;28;15;0m▀[38;2;28;15;0;48;2;57;52;40m▅[48;2;70;56;39m▆[48;2;68;48;22m▘[38;2;19;17;14;48;2;88;69;39m▆[38;2;70;56;39;48;2;27;23;21m▗[38;2;71;54;20;48;2;56;38;20m▁[38;2;88;69;39m▖[38;2;56;38;20;48;2;68;48;22m▃[38;2;88;69;39;48;2;56;38;20m▖[38;2;56;38;20;48;2;68;48;22m▍[48;2;28;15;0m▍[38;2;61;48;11;48;2;25;23;7m▂[38;2;42;39;19;48;2;72;69;31m▀[38;2;65;79;22;48;2;56;55;26m▗[38;2;88;101;46m▖[38;2;95;85;57m▁[38;2;56;55;26m▊[38;2;59;70;51;48;2;42;39;19m▂[38;2;70;86;49m▗[48;2;25;23;7m▃[38;2;86;100;79;48;2;46;53;24m▝[38;2;147;169;145;48;2;24;37;22m▆[38;2;75;80;69;48;2;149;149;115m▀[38;2;95;85;57;48;2;136;119;72m▗[38;2;105;96;64;48;2;105;96;64m▘[38;2;149;134;98m▖[38;2;121;101;56;48;2;136;119;72m▍[38;2;136;119;72m▐[38;2;209;201;141;48;2;164;150;104m▐[38;2;217;208;155;48;2;227;226;184m▍[38;2;194;201;154m▕[38;2;160;163;117;48;2;72;69;31m▘[38;2;42;39;19;48;2;85;83;43m▃[38;2;105;96;64;48;2;8;22;6m▀[38;2;136;133;104;48;2;59;72;69m▀[38;2;42;39;19;48;2;164;150;104m▃[38;2;80;71;56;48;2;160;163;117m▅[38;2;160;163;117;48;2;42;39;19m▘[38;2;19;17;14;48;2;19;17;14m▍[38;2;28;15;0;48;2;70;56;39m▊[38;2;15;10;9m▝[38;2;56;38;20;48;2;19;17;14m▖[38;2;42;39;19;48;2;25;23;7m▐[38;2;28;15;0;48;2;42;39;19m▆[38;2;253;253;253;48;2;1;1;1m
[38;2;19;17;14;48;2;19;17;14m▂▂[38;2;40;33;24m▃[38;2;15;10;9;48;2;25;23;7m▐[38;2;40;33;24;48;2;15;10;9m▗[48;2;70;56;39m▘[48;2;42;39;19m▝[48;2;28;15;0m▕[38;2;61;48;11m▞[38;2;28;15;0;48;2;5;10;3m▏[38;2;40;33;24;48;2;68;48;22m▏[38;2;15;10;9;48;2;42;39;19m▘[38;2;70;56;39;48;2;40;20;7m▕[38;2;40;20;7;48;2;68;48;22m▃[38;2;56;38;20;48;2;88;69;39m▁[38;2;40;20;7;48;2;71;54;20m▁[38;2;71;54;20;48;2;56;38;20m▀[38;2;68;48;22m▗[38;2;70;56;39;48;2;25;23;7m▖[38;2;85;83;43;48;2;42;39;19m▘[38;2;121;101;56;48;2;61;48;11m▁[38;2;72;69;31;48;2;56;55;26m▗[48;2;121;101;56m▘[38;2;105;96;64;48;2;167;139;106m▀[48;2;164;150;104m▀[38;2;164;150;104;48;2;105;96;64m▃[38;2;107;106;79;48;2;85;83;43m▅[38;2;105;96;64;48;2;136;119;72m▘[38;2;136;119;72;48;2;149;149;115m▆[38;2;179;200;178;48;2;164;150;104m▔[38;2;184;164;126;48;2;184;164;126m▘[38;2;149;149;115;48;2;205;181;140m▔[38;2;176;181;144;48;2;149;134;98m▆[38;2;149;134;98;48;2;164;150;104m▝[38;2;136;119;72;48;2;149;134;98m▘▀[38;2;184;164;126;48;2;164;150;104m▐[38;2;205;181;140;48;2;227;226;184m▍[38;2;211;201;171m▕[38;2;136;133;104;48;2;85;83;43m▆[38;2;107;106;79;48;2;149;149;115m▘[38;2;149;149;115;48;2;59;70;51m▅[48;2;105;130;107m▆[38;2;119;117;96;48;2;176;181;144m▔[38;2;149;149;115;48;2;56;55;26m▖[38;2;57;52;40;48;2;19;17;14m▏▁[38;2;19;17;14m▕[38;2;28;15;0;48;2;68;48;22m▖[38;2;56;38;20;48;2;88;69;39m▝[38;2;19;17;14;48;2;56;38;20m▀[38;2;42;39;19;48;2;24;8;4m▀[38;2;253;253;253;48;2;1;1;1m
[38;2;42;39;19;48;2;25;23;7m▅[48;2;40;33;24m▝[38;2;80;71;56;48;2;25;23;7m▂[48;2;5;10;3m▅[38;2;51;42;39;48;2;80;71;56m▂[38;2;57;52;40;48;2;36;25;21m▀[38;2;34;29;27;48;2;15;10;9m▍[38;2;95;85;57;48;2;36;25;21m▐[38;2;28;15;0;48;2;72;69;31m▐[38;2;19;17;14;48;2;40;33;24m▍[38;2;57;52;40;48;2;15;10;9m▂[38;2;28;15;0;48;2;68;48;22m▅[38;2;68;48;22;48;2;56;38;20m▆[38;2;25;23;7m▆▅[38;2;28;15;0;48;2;68;48;22m▅[38;2;72;69;31;48;2;40;33;24m▖[38;2;56;55;26;48;2;25;23;7m▗[38;2;25;23;7;48;2;56;55;26m▊[38;2;42;39;19;48;2;72;69;31m▀[38;2;117;85;50;48;2;87;70;18m▅[38;2;145;119;85;48;2;117;85;50m▆[38;2;167;119;88;48;2;167;139;106m▘[38;2;199;151;114;48;2;199;151;114m▐[38;2;215;167;128;48;2;215;167;128m▐[38;2;215;182;152;48;2;205;181;140m▅[38;2;205;181;140;48;2;184;164;126m▅▆[38;2;211;201;171m▆[48;2;205;181;140m▆[48;2;211;201;171m▀▖[38;2;184;164;126;48;2;205;181;140m▐[38;2;164;150;104;48;2;164;150;104m▐[38;2;149;134;98;48;2;149;134;98m▀▗[38;2;164;150;104;48;2;164;150;104m▊[38;2;211;201;171;48;2;205;181;140m▐[38;2;229;214;179;48;2;244;233;198m▍[38;2;176;181;144;48;2;211;201;171m▝[38;2;211;201;171;48;2;112;120;76m▅[38;2;136;133;104;48;2;211;201;171m▀▀[38;2;211;201;171;48;2;149;149;115m▅[38;2;57;52;40;48;2;211;201;171m▐[38;2;70;56;39;48;2;28;15;0m▗[38;2;57;52;40;48;2;25;23;7m▖[38;2;15;10;9m▍[38;2;19;17;14m▊[38;2;100;70;53m▝[38;2;68;48;22;48;2;88;69;39m▐[38;2;56;38;20;48;2;56;38;20m▔[38;2;253;253;253;48;2;1;1;1m
[38;2;28;15;0;48;2;70;56;39m▃[38;2;40;33;24;48;2;95;85;57m▅[38;2;19;17;14;48;2;104;99;76m▆[48;2;56;38;20m▆[38;2;25;23;7;48;2;19;17;14m▝[38;2;40;33;24;48;2;15;10;9m▘[38;2;15;10;9;48;2;1;1;1m▕[38;2;42;39;19;48;2;40;33;24m▕[38;2;121;101;56;48;2;42;39;19m▀▆[38;2;105;96;64;48;2;28;15;0m▅[38;2;88;69;39;48;2;40;20;7m▅[48;2;70;56;39m▘[38;2;68;48;22;48;2;42;39;19m▘[38;2;61;48;11;48;2;25;23;7m▕[38;2;28;15;0;48;2;72;69;31m▅[38;2;25;23;7;48;2;42;39;19m▂[38;2;42;39;19;48;2;5;10;3m▅[38;2;68;48;22;48;2;40;33;24m▐[38;2;102;70;36;48;2;117;85;50m▍[38;2;117;85;50;48;2;158;110;73m▍[38;2;158;110;73m▐[48;2;167;119;88m▖[38;2;199;151;114;48;2;199;151;114m▖[38;2;215;167;128m▐[38;2;215;182;152;48;2;231;182;142m▐[48;2;215;182;152m▐[38;2;229;214;179;48;2;229;214;179m▐▅▅▊[38;2;211;201;171;48;2;211;201;171m▊[38;2;184;164;126;48;2;205;181;140m▐[38;2;149;134;98;48;2;164;150;104m▗[48;2;136;119;72m▀[38;2;136;119;72;48;2;121;101;56m▀[38;2;164;150;104;48;2;136;119;72m▐[38;2;211;201;171;48;2;184;164;126m▐[48;2;229;214;179m▍[38;2;229;214;179;48;2;244;233;198m▞[48;2;211;201;171m▅[48;2;229;214;179m▆▆[38;2;211;201;171m▗[48;2;80;71;56m▊[38;2;5;10;3;48;2;40;33;24m▍[38;2;70;56;39m▗[38;2;25;23;7;48;2;42;39;19m▐[48;2;56;38;20m▘[38;2;57;52;40;48;2;28;15;0m▏[38;2;42;39;19;48;2;88;69;39m▍[38;2;95;85;57;48;2;28;15;0m▐[38;2;253;253;253;48;2;1;1;1m
[38;2;25;23;7m▔[48;2;10;1;1m▆[48;2;5;10;3m▘[38;2;40;33;24;48;2;19;17;14m▖[38;2;25;23;7;48;2;5;10;3m▃[48;2;19;17;14m [48;2;15;10;9m [38;2;19;17;14m▖[38;2;5;10;3;48;2;40;33;24m▆[38;2;25;23;7;48;2;42;39;19m▅[38;2;5;10;3m▅[38;2;19;17;14m▅[38;2;57;52;40m▃[38;2;19;17;14;48;2;40;33;24m▃[38;2;56;38;20;48;2;72;69;31m▆[48;2;88;69;39m▆[38;2;68;48;22;48;2;25;23;7m▖[38;2;25;23;7;48;2;42;39;19m▞[38;2;68;48;22;48;2;88;69;39m▍[38;2;117;85;50;48;2;102;70;36m▐[48;2;133;87;61m▍[38;2;158;110;73;48;2;158;110;73m▐▐[38;2;190;136;106;48;2;167;119;88m▐[38;2;199;151;114;48;2;199;151;114m▝[38;2;215;182;152;48;2;215;167;128m▝[48;2;205;181;140m▖[48;2;215;182;152m▖[38;2;229;214;179;48;2;211;201;171m▀[38;2;211;201;171;48;2;229;214;179m▃[48;2;211;201;171m▗[48;2;205;181;140m▊[38;2;85;83;43;48;2;184;164;126m▗[38;2;105;96;64;48;2;136;119;72m▞[38;2;121;101;56;48;2;149;134;98m▀[48;2;136;119;72m▀[38;2;145;119;85;48;2;121;101;56m▐[38;2;184;164;126;48;2;205;181;140m▍[38;2;211;201;171;48;2;229;214;179m▍[38;2;229;214;179;48;2;211;201;171m▞[48;2;229;214;179m▂▀[48;2;211;201;171m▀[38;2;211;201;171m▕[38;2;176;181;144;48;2;57;52;40m▘[38;2;70;56;39;48;2;28;15;0m▞[38;2;28;15;0;48;2;88;69;39m▅[38;2;40;20;7;48;2;68;48;22m▞[38;2;28;15;0;48;2;88;69;39m▀[38;2;88;69;39;48;2;42;39;19m▞[38;2;118;103;82;48;2;40;20;7m▂[38;2;28;15;0;48;2;80;71;56m▗[38;2;253;253;253;48;2;1;1;1m
[38;2;15;10;9;48;2;40;33;24m▍[38;2;25;23;7;48;2;25;23;7m▍[38;2;57;52;40;48;2;15;10;9m▐[48;2;25;23;7m▗[38;2;40;33;24;48;2;19;17;14m▘[38;2;25;23;7m▖[38;2;19;17;14m▞[38;2;25;23;7m▗[38;2;42;39;19;48;2;25;23;7m▗[48;2;19;17;14m▘▗[38;2;19;17;14;48;2;70;56;39m▗[38;2;42;39;19;48;2;25;23;7m▘[38;2;25;23;7;48;2;19;17;14m▞[38;2;88;69;39;48;2;34;29;27m▝[48;2;42;39;19m▕[38;2;72;69;31m▏[38;2;42;39;19;48;2;70;56;39m▘[38;2;88;69;39;48;2;80;71;56m▐[38;2;117;85;50;48;2;117;85;50m▐▐[48;2;158;110;73m▍[38;2;158;110;73m▐[38;2;167;119;88;48;2;167;119;88m▐[38;2;183;151;119;48;2;167;139;106m▐[48;2;199;151;114m▍[38;2;205;181;140;48;2;184;164;126m▐[38;2;215;182;152;48;2;205;181;140m▀▀[38;2;205;181;140;48;2;211;201;171m▂[38;2;211;201;171;48;2;205;181;140m▀[38;2;184;164;126;48;2;149;134;98m▊[38;2;136;119;72;48;2;71;54;20m▏[38;2;88;69;39;48;2;136;119;72m▅[38;2;70;56;39;48;2;145;119;85m▆[48;2;105;96;64m▆[38;2;105;96;64;48;2;71;54;20m▀[38;2;149;134;98;48;2;95;85;57m▀[38;2;211;201;171;48;2;149;134;98m▀▀[38;2;176;181;144;48;2;211;201;171m▏[38;2;211;201;171m▗▗[38;2;42;39;19;48;2;176;181;144m▐[38;2;56;38;20;48;2;68;48;22m▕[38;2;40;20;7;48;2;42;39;19m▍[38;2;95;85;57;48;2;28;15;0m▃[38;2;88;69;39;48;2;68;48;22m▖[38;2;112;88;71;48;2;40;33;24m▀[38;2;5;10;3;48;2;136;133;104m▅[38;2;19;17;14;48;2;95;85;57m▆[38;2;28;15;0;48;2;28;15;0m▍[38;2;253;253;253;48;2;1;1;1m
[38;2;80;71;56;48;2;25;23;7m▖[38;2;40;33;24;48;2;19;17;14m▍[38;2;57;52;40m▐[38;2;42;39;19;48;2;57;52;40m▊[38;2;40;33;24;48;2;19;17;14m▏[38;2;25;23;7;48;2;5;10;3m▔[38;2;5;10;3;48;2;42;39;19m▀[38;2;19;17;14;48;2;40;33;24m▗[38;2;42;39;19;48;2;5;10;3m▘[48;2;19;17;14m▗[38;2;19;17;14;48;2;42;39;19m▗[48;2;19;17;14m▔[38;2;25;23;7;48;2;56;38;20m▘[38;2;40;33;24;48;2;19;17;14m▗[38;2;19;17;14;48;2;40;33;24m▘[38;2;42;39;19;48;2;42;39;19m▃[38;2;56;55;26m▝[48;2;80;71;56m▏[38;2;95;85;57;48;2;95;85;57m▐[48;2;105;96;64m▘[38;2;138;110;82;48;2;117;85;50m▐[48;2;145;119;85m▍[38;2;145;119;85m▍▐[38;2;167;139;106;48;2;167;139;106m▐[38;2;183;151;119m▐[38;2;184;164;126;48;2;184;164;126m▀[38;2;205;181;140m▀▀▀[38;2;184;164;126m▀[48;2;164;150;104m▊[38;2;164;150;104;48;2;149;134;98m▆[48;2;105;96;64m▆[38;2;149;134;98m▆▅[38;2;95;85;57;48;2;149;134;98m▀[38;2;176;181;144;48;2;88;69;39m▅[38;2;211;201;171m▅[48;2;229;214;179m▔▐[48;2;211;201;171m▗[38;2;149;149;115;48;2;176;181;144m▗[38;2;80;71;56;48;2;40;33;24m▘[38;2;70;56;39;48;2;56;38;20m▐[38;2;56;38;20;48;2;95;85;57m▍[38;2;95;85;57;48;2;36;25;21m▘[38;2;42;39;19;48;2;19;17;14m▘[38;2;27;23;21;48;2;5;10;3m▖[38;2;19;17;14;48;2;15;10;9m▍[38;2;42;39;19;48;2;28;15;0m▕[38;2;57;52;40m▖[38;2;253;253;253;48;2;1;1;1m
[38;2;80;71;56;48;2;95;85;57m▔[38;2;42;39;19;48;2;25;23;7m▏[48;2;19;17;14m [38;2;25;23;7;48;2;80;71;56m▞[38;2;5;10;3;48;2;40;33;24m▝[38;2;40;33;24;48;2;15;10;9m▞[38;2;5;10;3;48;2;25;23;7m▆[38;2;19;17;14;48;2;5;10;3m▖[38;2;40;33;24;48;2;19;17;14m▖[48;2;57;52;40m▘[38;2;56;55;26;48;2;19;17;14m▏[38;2;5;10;3m▍[38;2;25;23;7;48;2;56;38;20m▖[48;2;42;39;19m▘[38;2;42;39;19m▐[38;2;72;69;31m▃[48;2;56;55;26m▆[38;2;95;85;57;48;2;42;39;19m▐[48;2;105;96;64m▍[38;2;105;96;64m▍[38;2;107;106;79m▗[38;2;105;96;64;48;2;145;119;85m▍[38;2;145;119;85;48;2;149;134;98m▍[38;2;149;134;98m▃▃▝[48;2;184;164;126m▅▅[38;2;149;149;115m▅[38;2;184;164;126;48;2;164;150;104m▀▀[38;2;164;150;104;48;2;184;164;126m▆[38;2;184;164;126;48;2;160;163;117m▁[38;2;117;85;50;48;2;164;150;104m▂[38;2;102;70;36;48;2;149;149;115m▃[38;2;100;70;53;48;2;160;163;117m▃[38;2;135;102;77;48;2;211;201;171m▁[38;2;167;139;106m▂[38;2;211;201;171m▁▃▀[38;2;149;149;115m▗[48;2;40;33;24m▘[38;2;40;33;24;48;2;15;10;9m▐[38;2;68;48;22;48;2;56;38;20m▐[38;2;95;85;57m▝[38;2;80;71;56;48;2;19;17;14m▖[38;2;40;33;24m▝[38;2;19;17;14;48;2;40;33;24m▝[38;2;15;10;9;48;2;19;17;14m▐[38;2;1;1;1;48;2;40;33;24m▖[38;2;70;56;39;48;2;24;8;4m▊[38;2;253;253;253;48;2;1;1;1m
[38;2;40;33;24;48;2;80;71;56m▏[38;2;80;71;56;48;2;25;23;7m▏[38;2;40;33;24m▖[38;2;19;17;14;48;2;5;10;3m▔[38;2;57;52;40m▀[38;2;42;39;19;48;2;40;33;24m▕[38;2;40;33;24;48;2;5;10;3m▖[38;2;19;17;14;48;2;42;39;19m▊[38;2;57;52;40;48;2;19;17;14m▏[38;2;42;39;19;48;2;71;54;20m▊[38;2;70;56;39;48;2;25;23;7m▖[38;2;40;33;24;48;2;15;10;9m▃[48;2;19;17;14m▝[38;2;28;15;0;48;2;56;38;20m▂[38;2;56;38;20;48;2;56;55;26m▆[38;2;42;39;19m▍[48;2;70;56;39m▀[38;2;70;56;39;48;2;80;71;56m▏[38;2;95;85;57;48;2;105;96;64m▍[38;2;107;106;79;48;2;107;106;79m▐▍[38;2;136;133;104m▐[48;2;136;133;104m▍▝▀▅[38;2;149;134;98m▀[48;2;149;134;98m▆[38;2;149;149;115;48;2;149;149;115m▆[48;2;136;133;104m▊[38;2;136;133;104;48;2;69;57;52m▃[38;2;145;119;85;48;2;100;70;53m▂[38;2;135;102;77;48;2;70;56;39m▃[48;2;69;57;52m▃[38;2;151;135;119m▃[38;2;199;167;142;48;2;100;70;53m▂[38;2;167;136;118;48;2;85;58;54m▂[38;2;70;56;39;48;2;112;88;71m▆[38;2;167;152;129;48;2;95;85;57m▂[38;2;136;133;104;48;2;149;149;115m▍[38;2;184;164;126m▀[38;2;15;10;9;48;2;119;117;96m▗[38;2;28;15;0;48;2;40;33;24m▍[38;2;40;33;24;48;2;19;17;14m▁[38;2;28;15;0;48;2;40;20;7m▞[38;2;68;48;22;48;2;40;33;24m▀[38;2;56;38;20;48;2;68;48;22m▘[38;2;88;69;39;48;2;42;39;19m▂[38;2;95;85;57;48;2;40;20;7m▁[38;2;25;23;7;48;2;42;39;19m▀[48;2;19;17;14m [38;2;80;71;56;48;2;40;33;24m▝[38;2;253;253;253;48;2;1;1;1m
[38;2;70;56;39;48;2;42;39;19m▊[38;2;19;17;14m▞[38;2;40;33;24;48;2;25;23;7m▘▂[38;2;19;17;14;48;2;28;15;0m▖[38;2;40;33;24;48;2;19;17;14m▔[38;2;5;10;3;48;2;42;39;19m▖[38;2;40;33;24;48;2;25;23;7m▖[38;2;28;15;0;48;2;57;52;40m▞[38;2;42;39;19;48;2;70;56;39m▞[48;2;71;54;20m▃[48;2;88;69;39m▀[38;2;19;17;14;48;2;42;39;19m▔[38;2;28;15;0;48;2;15;10;9m▞[38;2;56;38;20;48;2;25;23;7m▝[48;2;56;38;20m [38;2;42;39;19;48;2;70;56;39m▖[38;2;80;71;56m▃[38;2;95;85;57;48;2;80;71;56m▝[38;2;105;96;64m▀[38;2;95;85;57;48;2;107;106;79m▃[38;2;107;106;79m▁[38;2;136;133;104;48;2;119;117;96m▀[38;2;119;117;96;48;2;136;133;104m▃[38;2;136;133;104m▅▖▅▀[38;2;149;149;115m▀▀[38;2;136;133;104;48;2;149;149;115m▃[38;2;149;134;98;48;2;136;133;104m▔[38;2;136;133;104;48;2;149;134;98m▗[38;2;105;96;64;48;2;138;110;82m▂[38;2;138;110;82;48;2;151;104;80m▃[38;2;199;152;134;48;2;167;139;106m▔[38;2;167;139;106;48;2;190;136;106m▁[38;2;184;164;126m▆[38;2;176;181;144;48;2;176;181;144m▁[38;2;160;163;117m▐[38;2;25;23;7;48;2;149;149;115m▗[38;2;28;15;0;48;2;15;10;9m▏[38;2;27;23;21m▔[38;2;57;52;40m▀[38;2;15;10;9;48;2;56;38;20m▂[48;2;42;39;19m▁[38;2;56;38;20;48;2;56;38;20m▃[48;2;68;48;22m▆[48;2;87;70;18m▆[48;2;102;70;36m▅[38;2;24;8;4;48;2;68;48;22m▔[38;2;15;10;9;48;2;56;38;20m▀[38;2;253;253;253;48;2;1;1;1m
[38;2;57;52;40;48;2;19;17;14m▘[38;2;19;17;14;48;2;40;33;24m▗[38;2;57;52;40;48;2;25;23;7m▂[38;2;25;23;7m▝[38;2;40;33;24m▁[38;2;42;39;19;48;2;19;17;14m▝[38;2;56;55;26m▖[38;2;40;33;24;48;2;28;15;0m▀[38;2;25;23;7;48;2;19;17;14m▔[38;2;19;17;14;48;2;70;56;39m▅▃[48;2;61;48;11m▂[38;2;28;15;0;48;2;70;56;39m▁[38;2;70;56;39;48;2;42;39;19m▖[38;2;40;33;24;48;2;19;17;14m▞[38;2;42;39;19;48;2;28;15;0m▞[48;2;42;39;19m▞[38;2;56;55;26;48;2;80;71;56m▏[38;2;80;71;56m▅[38;2;59;70;51m▀[48;2;59;70;51m▂[48;2;104;99;76m▆[38;2;107;106;79;48;2;80;71;56m▀[38;2;95;85;57;48;2;119;117;96m▂[38;2;107;106;79m▁[38;2;136;133;104;48;2;136;133;104m▅▀▃▊[48;2;149;134;98m▀[38;2;164;150;104m▃[38;2;160;163;117;48;2;136;133;104m▃[38;2;176;181;144;48;2;149;134;98m▃[38;2;211;201;171;48;2;105;96;64m▃[38;2;95;85;57;48;2;211;201;171m▀[38;2;105;96;64m▀[38;2;136;119;72;48;2;176;181;144m▀[38;2;176;181;144;48;2;149;149;115m▅[38;2;149;149;115;48;2;184;164;126m▁[48;2;15;10;9m▀[38;2;40;33;24m▔[38;2;27;23;21;48;2;5;10;3m▖[38;2;19;17;14;48;2;42;39;19m▘[38;2;40;33;24;48;2;5;10;3m▏[38;2;15;10;9;48;2;40;33;24m▀[38;2;40;33;24;48;2;28;15;0m▅[38;2;25;23;7;48;2;25;23;7m▀[38;2;56;55;26;48;2;28;15;0m▗[38;2;42;39;19;48;2;25;23;7m▖[38;2;56;38;20;48;2;28;15;0m▔[38;2;28;15;0;48;2;57;52;40m▞[48;2;42;39;19m▅[38;2;253;253;253;48;2;1;1;1m
[38;2;5;10;3;48;2;42;39;19m▗[38;2;25;23;7;48;2;19;17;14m▕[38;2;40;20;7;48;2;80;71;56m▝[38;2;25;23;7;48;2;5;10;3m▃[38;2;19;17;14;48;2;40;33;24m▊[38;2;57;52;40;48;2;19;17;14m▍[38;2;5;10;3;48;2;70;56;39m▐[38;2;42;39;19;48;2;15;10;9m▐[38;2;25;23;7;48;2;19;17;14m▖[38;2;27;23;21;48;2;5;10;3m▞[38;2;25;23;7;48;2;19;17;14m▞[38;2;19;17;14;48;2;25;23;7m▔[38;2;42;39;19;48;2;19;17;14m▖[38;2;70;56;39;48;2;25;23;7m▝[48;2;42;39;19m▖[38;2;40;33;24;48;2;28;15;0m▊[38;2;42;39;19;48;2;40;33;24m▕[38;2;56;55;26;48;2;59;70;51m▍[38;2;95;85;57;48;2;95;85;57m▗▀▃[48;2;59;70;51m▅[38;2;59;70;51;48;2;80;71;56m▀[48;2;56;55;26m▔[38;2;56;55;26;48;2;104;99;76m▅[38;2;107;106;79;48;2;56;55;26m▀[38;2;95;85;57;48;2;107;106;79m▂[38;2;107;106;79;48;2;136;133;104m▃[38;2;149;134;98;48;2;112;120;76m▀[48;2;149;134;98m▃[48;2;164;150;104m▃[38;2;164;150;104;48;2;184;164;126m▖[38;2;176;181;144;48;2;211;201;171m▃[38;2;211;201;171;48;2;229;214;179m▃▃[48;2;211;201;171m▃▂[38;2;136;133;104m▗[48;2;5;10;3m▘[38;2;19;17;14m▗[38;2;25;23;7m▊[38;2;15;10;9;48;2;40;33;24m▍[38;2;40;33;24;48;2;70;56;39m▗[38;2;95;85;57;48;2;40;33;24m▗[38;2;70;56;39;48;2;56;38;20m▏[38;2;15;10;9;48;2;28;15;0m▊[38;2;40;33;24m▂[38;2;25;23;7;48;2;42;39;19m▂[38;2;42;39;19;48;2;56;55;26m▊[48;2;19;17;14m▊[38;2;15;10;9;48;2;42;39;19m▘[38;2;19;17;14;48;2;25;23;7m▊[38;2;253;253;253;48;2;1;1;1m
[38;2;40;33;24;48;2;28;15;0m▔[38;2;15;10;9m▗[38;2;56;55;26m▝[38;2;72;69;31;48;2;27;23;21m▀[38;2;88;69;39;48;2;25;23;7m▀[38;2;19;17;14;48;2;70;56;39m▅[38;2;28;15;0;48;2;15;10;9m▔[38;2;42;39;19;48;2;19;17;14m▐[48;2;5;10;3m▍[38;2;25;23;7m▍[38;2;40;33;24m▊[38;2;25;23;7;48;2;25;23;7m▗[38;2;15;10;9;48;2;42;39;19m▐[38;2;42;39;19;48;2;19;17;14m▗[38;2;25;23;7;48;2;42;39;19m▞[38;2;42;39;19;48;2;25;23;7m▘[38;2;56;55;26;48;2;40;33;24m▗[48;2;95;85;57m▍[38;2;95;85;57;48;2;104;99;76m▀[38;2;104;99;76;48;2;95;85;57m▃[38;2;95;85;57;48;2;104;99;76m▀[48;2;95;85;57m▀▀[48;2;59;70;51m▃[38;2;59;70;51m▀[38;2;56;55;26;48;2;56;55;26m▀[38;2;59;70;51;48;2;59;70;51m▂[48;2;95;85;57m▆[48;2;105;96;64m▅[38;2;56;55;26;48;2;107;106;79m▃[38;2;88;69;39;48;2;136;119;72m▂[38;2;149;134;98;48;2;105;96;64m▀[38;2;149;149;115;48;2;136;133;104m▀[38;2;184;164;126;48;2;149;134;98m▀▀[38;2;80;71;56;48;2;184;164;126m▁[38;2;28;15;0;48;2;185;179;161m▃[38;2;119;117;96;48;2;25;23;7m▘[38;2;25;23;7;48;2;5;10;3m▅[38;2;56;55;26;48;2;19;17;14m▁[38;2;42;39;19;48;2;15;10;9m▅[38;2;25;23;7;48;2;42;39;19m▊[38;2;95;85;57m▗[38;2;138;110;82;48;2;57;52;40m▍[38;2;42;39;19;48;2;28;15;0m▏[38;2;19;17;14;48;2;15;10;9m▏[38;2;40;33;24;48;2;19;17;14m▔[38;2;28;15;0;48;2;56;38;20m▅[38;2;42;39;19;48;2;19;17;14m▀[38;2;19;17;14;48;2;42;39;19m▅[38;2;28;15;0;48;2;19;17;14m▏[38;2;70;56;39;48;2;15;10;9m▗[38;2;253;253;253;48;2;1;1;1m
[38;2;0;4;0;48;2;25;23;7m▀[38;2;42;39;19;48;2;5;10;3m▘[38;2;0;4;0;48;2;42;39;19m▘[38;2;57;52;40m▆[38;2;15;10;9;48;2;40;33;24m▂[38;2;57;52;40;48;2;25;23;7m▂[48;2;27;23;21m▗[38;2;25;23;7;48;2;42;39;19m▗[48;2;5;10;3m▝[38;2;15;10;9;48;2;40;33;24m▀[38;2;5;10;3m▂[38;2;25;23;7;48;2;42;39;19m▃[38;2;15;10;9;48;2;40;33;24m▁[38;2;19;17;14;48;2;42;39;19m▃[38;2;40;33;24;48;2;19;17;14m▁[48;2;70;56;39m▀[38;2;59;70;51;48;2;56;55;26m▗[48;2;86;100;79m▘[38;2;86;100;79m▅[48;2;104;99;76m▅[48;2;86;100;79m▆[38;2;104;99;76;48;2;104;99;76m▝[48;2;95;85;57m▖[38;2;95;85;57m▖[38;2;59;70;51m▝[48;2;59;70;51m▅[48;2;95;85;57m▀[38;2;85;83;43;48;2;59;70;51m▃[38;2;70;86;49m▃[38;2;107;106;79;48;2;95;85;57m▃[38;2;149;149;115;48;2;72;69;31m▅[38;2;176;181;144;48;2;85;83;43m▅[48;2;95;85;57m▆[38;2;25;23;7;48;2;107;106;79m▐[38;2;104;99;76;48;2;19;17;14m▔[38;2;56;55;26;48;2;25;23;7m▗[38;2;42;39;19m▞[48;2;19;17;14m▃[38;2;25;23;7;48;2;56;55;26m▆[38;2;56;55;26;48;2;40;33;24m▔[38;2;40;33;24;48;2;19;17;14m▖[38;2;24;8;4;48;2;42;39;19m▍[38;2;105;96;64;48;2;40;20;7m▐[38;2;56;38;20;48;2;80;71;56m▊[38;2;42;39;19;48;2;19;17;14m▖[38;2;19;17;14;48;2;42;39;19m▞[38;2;56;38;20;48;2;24;8;4m▃[38;2;57;52;40;48;2;15;10;9m▅[48;2;19;17;14m▂[38;2;28;15;0;48;2;42;39;19m▞[38;2;51;42;39;48;2;28;15;0m▕[38;2;68;48;22;48;2;80;71;56m▕[38;2;253;253;253;48;2;1;1;1m
[38;2;42;39;19;48;2;19;17;14m▀[38;2;57;52;40;48;2;42;39;19m▂[38;2;40;33;24m▖[38;2;42;39;19;48;2;19;17;14m▀[48;2;56;55;26m▆[38;2;25;23;7;48;2;42;39;19m▘[38;2;5;10;3m▃[38;2;34;29;27;48;2;19;17;14m▂[38;2;57;52;40;48;2;5;10;3m▞[38;2;28;15;0m▕[38;2;25;23;7;48;2;40;33;24m▊[38;2;42;39;19;48;2;25;23;7m▖[48;2;19;17;14m▂[38;2;80;71;56;48;2;25;23;7m▃[38;2;112;88;71;48;2;70;56;39m▖[38;2;42;39;19;48;2;75;80;69m▞[38;2;59;70;51m▘[38;2;86;100;79;48;2;86;100;79m▔▐▅▃▝[38;2;104;99;76m▝[38;2;95;85;57;48;2;104;99;76m▀[48;2;86;100;79m▀[38;2;107;106;79;48;2;95;85;57m▃[38;2;95;85;57;48;2;107;106;79m▀[38;2;107;106;79;48;2;136;133;104m▀[38;2;149;149;115;48;2;112;120;76m▅[48;2;176;181;144m▀[38;2;176;181;144;48;2;211;201;171m▀[38;2;211;201;171m▆[38;2;176;181;144;48;2;194;201;154m▐[38;2;136;133;104;48;2;42;39;19m▍[38;2;85;83;43m▗[38;2;72;69;31;48;2;25;23;7m▍[38;2;105;96;64;48;2;42;39;19m▗[38;2;72;69;31;48;2;15;10;9m▀[38;2;28;15;0;48;2;88;69;39m▆[38;2;42;39;19;48;2;19;17;14m▔[38;2;40;33;24m▁[38;2;28;15;0;48;2;70;56;39m▍[38;2;117;85;50;48;2;40;20;7m▐[38;2;88;69;39;48;2;56;38;20m▖[38;2;95;85;57;48;2;28;15;0m▀[38;2;28;15;0;48;2;40;33;24m▕[38;2;57;52;40;48;2;19;17;14m▃[38;2;51;42;39;48;2;28;15;0m▔[38;2;28;15;0;48;2;57;52;40m▆[38;2;15;10;9;48;2;40;33;24m▗[38;2;40;33;24;48;2;80;71;56m▊[38;2;88;69;39;48;2;28;15;0m▊[38;2;253;253;253;48;2;1;1;1m
[38;2;25;23;7;48;2;42;39;19m▊[38;2;70;56;39;48;2;19;17;14m▍[38;2;27;23;21m▞[38;2;57;52;40;48;2;25;23;7m▖[38;2;15;10;9;48;2;42;39;19m▆[38;2;25;23;7;48;2;15;10;9m▔[38;2;5;10;3;48;2;40;33;24m▍[38;2;40;33;24;48;2;5;10;3m▐[38;2;5;10;3m▁[38;2;57;52;40m▐[38;2;15;10;9;48;2;70;56;39m▍[38;2;71;54;20;48;2;25;23;7m▗[38;2;117;85;50;48;2;42;39;19m▞[38;2;42;39;19;48;2;105;96;64m▆[48;2;75;80;69m▀[38;2;75;80;69;48;2;86;100;79m▘[38;2;86;100;79m▝▐▐ ▃▀▀▀[38;2;107;106;79;48;2;119;117;96m▀[38;2;136;133;104;48;2;107;106;79m▅[48;2;149;149;115m▘[38;2;176;181;144m▗[38;2;149;149;115;48;2;176;181;144m▘[38;2;176;181;144;48;2;211;201;171m▘[38;2;211;201;171m▘[48;2;194;201;154m▊[38;2;149;149;115;48;2;176;181;144m▐[38;2;107;106;79;48;2;72;69;31m▏[38;2;105;96;64;48;2;25;23;7m▐[38;2;72;69;31;48;2;36;25;21m▏[38;2;5;10;3;48;2;105;96;64m▐[38;2;19;17;14;48;2;25;23;7m▍[38;2;56;55;26;48;2;5;10;3m▗[48;2;19;17;14m▞[38;2;40;33;24;48;2;25;23;7m▂[38;2;70;56;39;48;2;28;15;0m▝[38;2;42;39;19;48;2;25;23;7m▏[38;2;19;17;14;48;2;80;71;56m▖[38;2;95;85;57;48;2;40;33;24m▃[38;2;42;39;19;48;2;70;56;39m▃[38;2;70;56;39;48;2;40;33;24m▘[48;2;15;10;9m▊[38;2;10;1;1;48;2;28;15;0m▏[38;2;19;17;14;48;2;15;10;9m▘[38;2;15;10;9;48;2;42;39;19m▍[38;2;10;1;1;48;2;70;56;39m▖[38;2;253;253;253;48;2;1;1;1m
[38;2;1;1;1;48;2;27;23;21m▆[38;2;15;10;9;48;2;40;33;24m▖[38;2;57;52;40;48;2;19;17;14m▖[38;2;40;33;24;48;2;5;10;3m▀[38;2;0;4;0;48;2;25;23;7m▐[38;2;15;10;9;48;2;19;17;14m▍[38;2;19;17;14;48;2;57;52;40m▍[48;2;0;4;0m▗[38;2;5;10;3;48;2;25;23;7m▅[38;2;25;23;7;48;2;19;17;14m▔[38;2;70;56;39;48;2;40;33;24m▐[38;2;25;23;7;48;2;88;69;39m▍[38;2;88;69;39;48;2;42;39;19m▂[38;2;71;54;20;48;2;75;80;69m▂[48;2;86;100;79m▁[38;2;86;100;79m▏▂▐▐▗▀▃[38;2;105;130;107m▃[48;2;119;117;96m▅[38;2;125;136;117;48;2;125;136;117m▗[38;2;149;149;115m▗[38;2;176;181;144;48;2;149;149;115m▗[48;2;211;201;171m▘[38;2;211;201;171m▘[38;2;227;226;184;48;2;229;214;179m▘[38;2;211;201;171;48;2;211;201;171m▗[38;2;176;181;144m▐[38;2;149;149;115;48;2;176;181;144m▐[38;2;107;106;79;48;2;80;71;56m▏[38;2;70;56;39;48;2;25;23;7m▝[38;2;25;23;7;48;2;95;85;57m▐[48;2;80;71;56m▞[48;2;25;23;7m▕[38;2;70;56;39;48;2;42;39;19m▖[38;2;15;10;9;48;2;105;96;64m▘[38;2;118;103;82;48;2;28;15;0m▘[48;2;19;17;14m [38;2;28;15;0m▖[38;2;42;39;19m▁[38;2;70;56;39;48;2;27;23;21m▔[38;2;42;39;19;48;2;72;69;31m▅[38;2;57;52;40;48;2;95;85;57m▆[38;2;42;39;19;48;2;40;33;24m▍[48;2;19;17;14m▘[38;2;57;52;40;48;2;15;10;9m▗[38;2;15;10;9;48;2;42;39;19m▐[48;2;15;10;9m▗[38;2;253;253;253;48;2;1;1;1m
[38;2;15;10;9m▁▕[38;2;42;39;19;48;2;19;17;14m▊[38;2;15;10;9;48;2;25;23;7m▍[38;2;0;4;0;48;2;15;10;9m▊[38;2;5;10;3;48;2;19;17;14m▐[48;2;57;52;40m▍[48;2;5;10;3m▊[38;2;40;33;24;48;2;13;24;20m▁[38;2;42;39;19;48;2;15;10;9m▊[38;2;19;17;14;48;2;57;52;40m▘[38;2;36;53;41;48;2;25;23;7m▂[48;2;28;15;0m▆[48;2;57;52;40m▖[48;2;88;69;39m▆[38;2;59;70;51;48;2;80;71;56m▖[38;2;72;69;31;48;2;86;100;79m▖[38;2;86;100;79m▘▗▀[48;2;105;130;107m▀[38;2;105;130;107m▅▗[38;2;125;136;117;48;2;125;136;117m▗[38;2;147;169;145;48;2;149;149;115m▗[38;2;149;149;115;48;2;176;181;144m▘[38;2;176;181;144;48;2;194;201;154m▘[38;2;211;201;171;48;2;211;201;171m▍[38;2;229;214;179m▏[48;2;229;214;179m▕[38;2;211;201;171;48;2;211;201;171m▗[38;2;176;181;144;48;2;176;181;144m▐[38;2;149;149;115;48;2;160;163;117m▐[38;2;136;133;104;48;2;56;55;26m▍[38;2;95;85;57;48;2;42;39;19m▘[38;2;70;56;39;48;2;25;23;7m▝[38;2;42;39;19;48;2;28;15;0m▔[38;2;80;71;56;48;2;42;39;19m▂[38;2;149;149;115;48;2;56;55;26m▞[38;2;105;96;64;48;2;28;15;0m▘[38;2;119;117;96;48;2;25;23;7m▃[38;2;105;96;64;48;2;28;15;0m▅[38;2;71;54;20;48;2;57;52;40m▏[38;2;25;23;7;48;2;56;55;26m▅[38;2;149;134;98;48;2;42;39;19m▁[38;2;136;119;72;48;2;25;23;7m▂[38;2;121;101;56;48;2;15;10;9m▃[38;2;80;71;56;48;2;19;17;14m▅[38;2;19;17;14;48;2;70;56;39m▂[38;2;80;71;56;48;2;15;10;9m▘[38;2;57;52;40;48;2;5;10;3m▃▃[38;2;253;253;253;48;2;1;1;1m
[38;2;57;52;40m▃[48;2;25;23;7m▞[48;2;19;17;14m▘[38;2;19;17;14;48;2;0;4;0m▘▞[38;2;25;23;7;48;2;5;10;3m▖[38;2;5;10;3;48;2;42;39;19m▞[38;2;40;33;24;48;2;19;17;14m▅[38;2;24;37;22;48;2;57;52;40m▅[38;2;5;10;3;48;2;36;67;56m▘[38;2;36;67;56;48;2;36;53;41m▆[38;2;59;70;51;48;2;57;52;40m▅[48;2;59;70;51m▀▏[38;2;36;53;41m▀[38;2;59;70;51;48;2;42;39;19m▊[38;2;56;55;26;48;2;86;100;79m▊[38;2;85;102;104m▐[48;2;100;111;113m▍[38;2;105;130;107;48;2;105;130;107m▃▗▃[38;2;125;136;117;48;2;125;136;117m▗[48;2;147;169;145m▘[38;2;147;169;145;48;2;176;181;144m▘[38;2;176;181;144m▍[38;2;194;201;154;48;2;194;201;154m▍[38;2;227;226;184;48;2;227;226;184m▍[38;2;211;201;171;48;2;229;214;179m▂[48;2;211;201;171m▗[38;2;176;181;144;48;2;176;181;144m▗[38;2;149;149;115m▗[48;2;112;120;76m▘[38;2;86;100;79m▐[38;2;59;70;51;48;2;24;37;22m▖[38;2;56;55;26;48;2;42;39;19m▗[38;2;15;10;9;48;2;119;117;96m▘[38;2;107;106;79;48;2;19;17;14m▀[38;2;149;149;115m▗[38;2;104;99;76;48;2;149;134;98m▔[38;2;136;133;104;48;2;42;39;19m▘[38;2;80;71;56;48;2;28;15;0m▅[38;2;105;96;64;48;2;42;39;19m▞[38;2;19;17;14;48;2;105;96;64m▅[38;2;121;101;56;48;2;25;23;7m▔[38;2;104;99;76m▃[38;2;80;71;56;48;2;57;52;40m▝[38;2;100;111;113m▂[38;2;186;203;186;48;2;36;53;41m▃[38;2;75;80;69;48;2;179;190;168m▀[38;2;149;149;115;48;2;59;70;51m▅[38;2;59;70;51;48;2;179;190;168m▀[38;2;253;253;253;48;2;1;1;1m
[38;2;25;23;7;48;2;15;10;9m▔[38;2;19;17;14;48;2;5;10;3m▖▝[38;2;13;24;20;48;2;19;17;14m▃[38;2;6;39;39m▂[38;2;18;54;55;48;2;13;24;20m▃[48;2;25;23;7m▅[38;2;8;22;6;48;2;18;54;55m▔[38;2;36;67;56m▊[48;2;36;67;56m▗▖[38;2;75;80;69;48;2;59;70;51m▂[48;2;59;72;69m▆[38;2;56;55;26;48;2;50;86;76m▁[38;2;75;80;69;48;2;59;70;51m▀[38;2;74;87;87m▃[38;2;75;80;69;48;2;85;102;104m▘[38;2;85;102;104m▐[38;2;100;111;113;48;2;100;111;113m▗[38;2;125;136;117;48;2;105;130;107m▅[38;2;105;130;107m▀[38;2;125;136;117m▗[48;2;147;169;145m▘[38;2;149;149;115;48;2;176;181;144m▘[38;2;176;181;144m▐[38;2;194;201;154m▐[38;2;211;201;171;48;2;211;201;171m▐▃▃[38;2;176;181;144m▗[38;2;136;133;104;48;2;176;181;144m▗[38;2;149;149;115;48;2;112;120;76m▘[38;2;83;106;71;48;2;105;130;107m▍[38;2;59;70;51;48;2;86;100;79m▐[38;2;36;53;41;48;2;24;37;22m▘[38;2;136;119;72;48;2;72;69;31m▞[38;2;42;39;19;48;2;40;33;24m▘[38;2;72;69;31;48;2;15;10;9m▐[38;2;85;83;43;48;2;164;150;104m▍[38;2;42;39;19;48;2;105;96;64m▞[38;2;95;85;57;48;2;70;56;39m▘[38;2;28;15;0;48;2;95;85;57m▗[38;2;25;23;7;48;2;42;39;19m▘[38;2;38;38;37;48;2;25;23;7m▊[38;2;184;164;126m▗[38;2;149;149;115;48;2;36;53;41m▘[38;2;136;171;168;48;2;85;102;104m▗[38;2;136;133;104;48;2;153;152;139m▁[38;2;176;181;144;48;2;13;24;20m▀[38;2;8;22;6;48;2;227;226;184m▅[38;2;19;17;14;48;2;194;201;154m▅[38;2;38;38;37;48;2;227;226;184m▅[38;2;253;253;253;48;2;1;1;1m
[38;2;6;39;39m▃[38;2;24;35;41;48;2;0;4;0m▅[38;2;13;24;20;48;2;6;39;39m▀[38;2;18;54;55m▗[38;2;36;67;56;48;2;18;54;55m▃[38;2;50;86;76;48;2;50;86;76m▘[38;2;24;77;79;48;2;36;67;56m▏[38;2;18;54;55;48;2;50;86;76m▀[38;2;50;86;76m▗[38;2;59;72;69;48;2;74;87;87m▔[38;2;50;86;76;48;2;50;86;76m▔[38;2;74;87;87;48;2;75;80;69m▆▅[38;2;59;70;51;48;2;74;87;87m▔[38;2;85;102;104m▅[48;2;85;102;104m▀▅[38;2;100;111;113;48;2;100;111;113m▘[38;2;125;136;117;48;2;105;130;107m▐[38;2;147;169;145;48;2;125;136;117m▗[38;2;125;136;117;48;2;147;169;145m▀[48;2;125;136;117m▃[38;2;147;169;145;48;2;147;169;145m▐[38;2;176;181;144;48;2;176;181;144m▍▍[38;2;211;201;171m▐[48;2;211;201;171m▅▅[38;2;176;181;144;48;2;176;181;144m▗[38;2;160;163;117m▕[38;2;85;83;43;48;2;149;149;115m▖[38;2;136;133;104;48;2;83;106;71m▏[38;2;105;130;107;48;2;59;70;51m▘[38;2;57;52;40;48;2;42;39;19m▂[38;2;40;33;24;48;2;25;23;7m▍[38;2;42;39;19;48;2;105;96;64m▖[38;2;61;48;11;48;2;25;23;7m▖[38;2;19;17;14;48;2;57;52;40m▍[38;2;72;69;31;48;2;136;119;72m▏[38;2;104;99;76;48;2;40;20;7m▐[38;2;25;23;7;48;2;95;85;57m▍[38;2;70;56;39;48;2;46;53;24m▔[38;2;24;37;22;48;2;52;70;70m▀[38;2;5;10;3;48;2;40;54;54m▕[38;2;40;33;24;48;2;183;168;149m▍[38;2;107;106;79;48;2;36;53;41m▏[38;2;109;144;151;48;2;86;100;79m▍[38;2;107;106;79;48;2;36;53;41m▍[38;2;50;86;76;48;2;55;58;56m▂[38;2;59;70;51;48;2;50;86;76m▀[38;2;125;136;117;48;2;59;70;51m▗[38;2;136;133;104;48;2;24;37;22m▖[38;2;253;253;253;48;2;1;1;1m
[38;2;24;77;79;48;2;6;39;39m▏[38;2;6;39;39;48;2;18;54;55m▔▘[38;2;18;54;55;48;2;24;77;79m▊[38;2;24;77;79;48;2;50;86;76m▔[38;2;50;86;76m▗[38;2;40;109;109m▞[38;2;74;126;117m▗▖[38;2;50;86;76m▁[38;2;74;87;87m▀[38;2;123;156;129;48;2;85;102;104m▂[38;2;85;102;104m▔▀[38;2;100;111;113;48;2;74;126;117m▅[38;2;74;126;117;48;2;105;130;107m▀[48;2;100;111;113m▅▆[38;2;125;136;117;48;2;125;136;117m▐[48;2;147;169;145m▍[38;2;147;169;145m▝▀▐[38;2;176;181;144m▝[48;2;176;181;144m▐[38;2;179;190;168;48;2;179;190;168m▃[48;2;176;181;144m▀[38;2;176;181;144m▀▃[38;2;149;149;115;48;2;160;163;117m▗[48;2;70;86;49m▞[38;2;59;70;51;48;2;105;130;107m▂[38;2;70;56;39;48;2;42;39;19m▗[38;2;56;55;26;48;2;95;85;57m▍[38;2;36;53;41;48;2;3;16;7m▗[38;2;42;39;19;48;2;36;53;41m▔[48;2;105;96;64m▞[38;2;70;56;39;48;2;42;39;19m▝[38;2;149;134;98;48;2;72;69;31m▝[38;2;95;85;57;48;2;57;52;40m▃[38;2;28;15;0m▖[38;2;42;39;19m▔[38;2;24;77;79;48;2;68;48;22m▝[38;2;105;96;64;48;2;24;77;79m▃[38;2;119;117;96;48;2;51;42;39m▂[38;2;24;37;22;48;2;149;149;115m▃[38;2;74;87;87;48;2;160;163;117m▀[38;2;176;181;144;48;2;50;86;76m▂▂▂[38;2;149;149;115;48;2;59;72;69m▞[38;2;8;22;6;48;2;103;101;96m▞[38;2;253;253;253;48;2;1;1;1m
[38;2;24;77;79;48;2;18;54;55m▍[38;2;18;54;55m▂[38;2;24;77;79m▕[48;2;42;97;104m▀[38;2;40;109;109;48;2;24;77;79m▞[38;2;24;77;79;48;2;74;126;117m▃▞[38;2;74;126;117;48;2;40;109;109m▃[48;2;74;126;117m▗▖[48;2;67;115;88m▆[38;2;123;156;129;48;2;74;126;117m▀[38;2;105;130;107;48;2;123;156;129m▀[38;2;123;156;129;48;2;85;102;104m▖[38;2;100;111;113;48;2;123;156;129m▀[38;2;105;130;107;48;2;147;169;145m▀[38;2;123;156;129;48;2;105;130;107m▂[38;2;147;169;145m▂▂[38;2;153;152;139;48;2;125;136;117m▔[38;2;147;169;145m▀[48;2;147;169;145m▃▂▃▀[48;2;179;190;168m▃[38;2;149;149;115;48;2;176;181;144m▃[38;2;176;181;144;48;2;147;169;145m▀[38;2;149;149;115;48;2;149;149;115m▅[38;2;147;169;145m▖[48;2;136;133;104m▅[38;2;105;130;107;48;2;95;85;57m▆[38;2;95;85;57;48;2;42;39;19m▖[38;2;42;39;19;48;2;105;96;64m▖[48;2;36;53;41m▏[38;2;24;37;22;48;2;6;56;38m▗[38;2;105;96;64;48;2;36;53;41m▐[38;2;70;56;39;48;2;25;23;7m▊[38;2;19;17;14;48;2;40;33;24m▗[38;2;5;10;3;48;2;95;85;57m▖[38;2;25;23;7;48;2;80;71;56m▝[38;2;75;80;69;48;2;8;22;6m▔[38;2;12;33;30;48;2;36;53;41m▅[38;2;40;54;54;48;2;28;15;0m▅[38;2;95;85;57m▔[38;2;25;23;7;48;2;105;96;64m▃[38;2;136;133;104;48;2;24;37;22m▖[38;2;149;149;115;48;2;40;54;54m▔[48;2;52;70;70m▔[38;2;125;136;117;48;2;36;67;56m▂[38;2;86;100;79;48;2;24;37;22m▅[38;2;107;106;79;48;2;59;70;51m▁[38;2;253;253;253;48;2;1;1;1m
[38;2;24;77;79;48;2;18;54;55m▝[38;2;42;97;104m▖[38;2;24;77;79;48;2;24;77;79m▗[48;2;42;97;104m▅[48;2;24;77;79m▂[38;2;40;109;109;48;2;50;86;76m▞[38;2;50;86;76;48;2;74;126;117m▖▆[38;2;74;126;117m▊[38;2;50;86;76m▃[38;2;74;126;117;48;2;123;156;129m▆[48;2;74;126;117m▔[48;2;123;156;129m▆[48;2;105;130;107m▞[38;2;123;156;129;48;2;74;126;117m▃[48;2;105;130;107m▃[48;2;123;156;129m▝[38;2;105;130;107m▂[38;2;147;169;145m▀[38;2;179;200;178m▘[38;2;147;169;145;48;2;125;136;117m▗[38;2;125;136;117;48;2;147;169;145m▀[38;2;179;190;168m▆[38;2;179;200;178m▅[38;2;147;169;145;48;2;123;156;129m▂[48;2;147;169;145m▕[38;2;179;200;178m▁[38;2;147;169;145;48;2;123;156;129m▂[38;2;123;156;129;48;2;147;169;145m▐▞[38;2;105;130;107;48;2;123;156;129m▀[38;2;123;156;129;48;2;105;130;107m▖[38;2;105;130;107;48;2;59;70;51m▖[38;2;36;53;41;48;2;36;53;41m▁[38;2;25;23;7;48;2;80;71;56m▃[48;2;104;99;76m▊[38;2;42;39;19;48;2;136;119;72m▐[38;2;25;23;7;48;2;70;56;39m▐[38;2;80;71;56;48;2;25;23;7m▗▖[38;2;42;39;19;48;2;80;71;56m▍[38;2;24;37;22m▝[38;2;36;53;41;48;2;18;54;55m▍[38;2;18;54;55m▕[38;2;6;39;39;48;2;55;58;56m▖[38;2;38;38;37;48;2;25;23;7m▍[38;2;25;23;7;48;2;105;96;64m▏[38;2;41;68;84;48;2;149;149;115m▀[38;2;5;10;3;48;2;136;133;104m▃[38;2;13;24;20;48;2;119;117;96m▅[48;2;136;133;104m▆[38;2;107;106;79;48;2;24;37;22m▁[38;2;253;253;253;48;2;1;1;1m
[38;2;24;77;79;48;2;24;77;79m▆[38;2;42;97;104m▝[38;2;24;77;79m▏[38;2;40;109;109m▃[38;2;42;97;104m▂[38;2;24;77;79;48;2;40;109;109m▆▅[48;2;74;126;117m▆[38;2;50;86;76m▏[38;2;74;126;117m▂▖[38;2;67;115;88;48;2;105;130;107m▏[38;2;74;126;117m▆▅[38;2;123;156;129m▃[38;2;147;169;145;48;2;123;156;129m▔[38;2;123;156;129;48;2;105;130;107m▝[48;2;123;156;129m▔[48;2;105;130;107m▘[38;2;147;169;145;48;2;123;156;129m▃[38;2;123;156;129m▃[48;2;147;169;145m▗[48;2;123;156;129m▗[38;2;147;169;145m▀▘[38;2;105;130;107;48;2;147;169;145m▘[38;2;179;200;178;48;2;123;156;129m▔[38;2;123;156;129;48;2;147;169;145m▀[38;2;105;130;107;48;2;123;156;129m▁[38;2;67;115;88m▁[38;2;123;156;129;48;2;105;130;107m▊▀[38;2;105;130;107;48;2;50;86;76m▍[38;2;8;22;6;48;2;18;54;55m▝[38;2;36;53;41;48;2;56;55;26m▃[38;2;56;55;26;48;2;149;134;98m▊[38;2;145;119;85;48;2;57;52;40m▍[38;2;19;17;14;48;2;24;37;22m▊[38;2;56;55;26;48;2;95;85;57m▞[38;2;25;23;7;48;2;80;71;56m▞[48;2;57;52;40m [38;2;80;71;56;48;2;42;39;19m▝[38;2;57;52;40;48;2;36;53;41m▏[38;2;46;53;24;48;2;6;39;39m▂[38;2;38;38;37;48;2;18;54;55m▝[38;2;184;164;126;48;2;42;39;19m▗[38;2;5;10;3;48;2;136;133;104m▗[38;2;56;55;26;48;2;13;24;20m▔[38;2;12;33;30;48;2;12;33;30m▔[38;2;24;37;22m▁[38;2;57;52;40;48;2;107;106;79m▀[38;2;104;99;76;48;2;149;149;115m▅[38;2;253;253;253;48;2;1;1;1m
[38;2;24;77;79;48;2;18;54;55m▀[38;2;42;97;104;48;2;42;97;104m▂[48;2;24;77;79m▔[38;2;24;77;79m▏[48;2;42;97;104m▆▅[48;2;40;109;109m▆[38;2;42;97;104;48;2;24;77;79m▏[38;2;24;77;79;48;2;50;86;76m▊[38;2;74;126;117;48;2;24;77;79m▀[48;2;50;86;76m▁[48;2;74;126;117m▗[38;2;50;86;76m▀[38;2;105;130;107;48;2;50;86;76m▝[38;2;74;126;117;48;2;123;156;129m▃▅[38;2;123;156;129;48;2;74;126;117m▞[38;2;105;130;107;48;2;123;156;129m▅[38;2;74;126;117m▞[38;2;123;156;129m▍▞[38;2;67;115;88m▁[38;2;123;156;129;48;2;105;130;107m▀[38;2;179;200;178;48;2;123;156;129m▔[38;2;123;156;129;48;2;105;130;107m▊[38;2;179;200;178m▝▘[38;2;123;156;129m▗[38;2;74;126;117;48;2;123;156;129m▅[38;2;123;156;129;48;2;74;126;117m▘[48;2;42;97;104m▀[38;2;40;109;109;48;2;105;130;107m▅[48;2;24;77;79m▖[38;2;50;86;76m▃[38;2;36;67;56;48;2;18;54;55m▖[38;2;50;86;76;48;2;12;33;30m▖[38;2;56;55;26;48;2;136;133;104m▐[48;2;19;17;14m▏[38;2;25;23;7;48;2;104;99;76m▍[38;2;86;100;79;48;2;57;52;40m▃[38;2;36;53;41;48;2;18;54;55m▂[38;2;50;86;76;48;2;36;53;41m▃[38;2;18;54;55m▁[38;2;12;33;30;48;2;13;24;20m▅[38;2;25;23;7;48;2;119;117;96m▘[38;2;12;33;30;48;2;149;134;98m▗[38;2;13;24;20;48;2;40;54;54m▘[38;2;18;54;55;48;2;6;39;39m▖[38;2;13;24;20;48;2;24;35;41m▐[38;2;8;22;6;48;2;107;106;79m▘[38;2;95;85;57;48;2;136;133;104m▝[38;2;42;39;19;48;2;112;120;76m▞[38;2;253;253;253;48;2;1;1;1m
[38;2;24;77;79;48;2;18;54;55m▝▕[38;2;19;54;71;48;2;42;97;104m▅[38;2;24;77;79;48;2;18;54;55m▀[48;2;24;77;79m▘[38;2;42;97;104m▂▔[38;2;24;77;79m▝[38;2;42;97;104m▗[38;2;24;77;79m▕[38;2;40;109;109m▔[38;2;24;77;79;48;2;40;109;109m▆[48;2;74;126;117m▅▅▅[38;2;50;86;76;48;2;105;130;107m▖[38;2;105;130;107;48;2;67;115;88m▅[38;2;123;156;129;48;2;74;126;117m▃▝[38;2;74;126;117;48;2;123;156;129m▃[38;2;123;156;129;48;2;105;130;107m▘[38;2;147;169;145;48;2;74;126;117m▀[38;2;123;156;129m▘[38;2;74;126;117;48;2;147;169;145m▆[48;2;123;156;129m▊[48;2;74;126;117m▘▝[38;2;136;171;168m▗[38;2;105;130;107m▆[38;2;42;97;104;48;2;40;109;109m▁[38;2;24;77;79m▃[38;2;40;109;109;48;2;24;77;79m▀[38;2;24;77;79m▆[48;2;40;109;109m▅[38;2;18;54;55;48;2;86;100;79m▘[38;2;8;22;6;48;2;90;85;80m▞[38;2;38;38;37;48;2;80;71;56m▂[38;2;57;52;40;48;2;12;33;30m▏[38;2;25;23;7;48;2;3;16;7m▕[38;2;136;133;104;48;2;13;24;20m▀[38;2;149;149;115;48;2;86;100;79m▗[38;2;136;133;104;48;2;36;67;56m▖[38;2;36;67;56;48;2;18;54;55m▊[38;2;13;24;20;48;2;12;33;30m▐[38;2;121;101;56;48;2;178;172;115m▊[38;2;164;150;104;48;2;24;37;22m▍[38;2;59;72;69;48;2;12;33;30m▍[38;2;36;67;56;48;2;6;39;39m▆[38;2;36;53;41;48;2;12;33;30m▍[38;2;57;52;40;48;2;107;106;79m▏[38;2;105;96;64;48;2;149;134;98m▘[38;2;107;106;79;48;2;56;55;26m▝[38;2;253;253;253;48;2;1;1;1m
[38;2;18;54;55;48;2;18;54;55m▆[38;2;24;77;79;48;2;24;77;79m▝[48;2;18;54;55m▝[48;2;24;77;79m▕ [38;2;42;97;104;48;2;41;68;84m▁[38;2;24;77;79;48;2;42;97;104m▅[48;2;24;77;79m▝▕▖[48;2;40;109;109m▊[38;2;82;137;144;48;2;42;97;104m▁[38;2;24;77;79m▀[48;2;40;109;109m▐[38;2;40;109;109;48;2;24;77;79m▕[38;2;74;126;117;48;2;50;86;76m▖[38;2;42;97;104;48;2;74;126;117m▆[48;2;123;156;129m▆[38;2;50;86;76;48;2;105;130;107m▘[38;2;67;115;88m▅[38;2;74;126;117m▆[38;2;123;156;129;48;2;74;126;117m▝[38;2;50;86;76m▂▗[38;2;147;169;145;48;2;40;109;109m▁[38;2;176;181;144;48;2;50;86;76m▁[38;2;50;86;76;48;2;74;126;117m▆[48;2;50;86;76m▕[38;2;83;106;71;48;2;24;77;79m▁[38;2;149;149;115m▂[38;2;42;97;104;48;2;105;130;107m▀[38;2;167;152;129;48;2;86;100;79m▁[38;2;149;149;115;48;2;107;106;79m▂[38;2;57;52;40;48;2;105;130;107m▁[38;2;104;99;76;48;2;57;52;40m▖[38;2;119;117;96m▘[38;2;24;77;79;48;2;40;54;54m▗[38;2;18;54;55;48;2;24;77;79m▀[38;2;40;109;109;48;2;18;54;55m▃[38;2;18;54;55m▝[38;2;42;39;19;48;2;6;39;39m▔[38;2;3;16;7;48;2;136;133;104m▖[38;2;149;149;115;48;2;24;37;22m▖[38;2;36;53;41m▍[38;2;95;85;57;48;2;8;22;6m▝[38;2;149;134;98;48;2;95;85;57m▀[38;2;112;120;76;48;2;56;55;26m▅[38;2;164;150;104;48;2;59;72;69m▃[38;2;149;149;115;48;2;36;53;41m▂[38;2;136;133;104;48;2;24;37;22m▁[38;2;56;55;26;48;2;105;96;64m▃[38;2;149;134;98m▘[38;2;253;253;253;48;2;1;1;1m
[38;2;145;119;85;48;2;18;54;55m▃[38;2;136;119;72;48;2;36;67;56m▂[38;2;105;96;64;48;2;18;54;55m▂[38;2;18;54;55;48;2;57;52;40m▀[38;2;59;70;51;48;2;24;77;79m▃▁[38;2;24;77;79;48;2;18;54;55m▏[48;2;24;77;79m▔▕[38;2;42;97;104m▕▘[38;2;74;126;117;48;2;42;97;104m▁[38;2;42;97;104;48;2;40;109;109m▆[48;2;42;97;104m▊[48;2;40;109;109m▅[38;2;82;137;144;48;2;42;97;104m▘[38;2;40;109;109;48;2;74;126;117m▞[48;2;42;97;104m▍[38;2;74;126;117m▅[48;2;50;86;76m▗[38;2;50;86;76;48;2;24;77;79m▕[38;2;74;126;117m▁[38;2;125;136;117m▗[38;2;40;33;24;48;2;149;134;98m▗[38;2;160;163;117;48;2;42;39;19m▔[38;2;119;117;96;48;2;25;23;7m▔[38;2;42;39;19;48;2;160;163;117m▆[38;2;40;33;24;48;2;149;149;115m▅[38;2;38;38;37;48;2;160;163;117m▆[38;2;149;149;115;48;2;38;38;37m▔[38;2;119;117;96;48;2;55;58;56m▝[38;2;153;152;139;48;2;57;52;40m▔[38;2;57;52;40;48;2;25;23;7m▆[38;2;136;133;104;48;2;55;58;56m▁[38;2;107;106;79;48;2;59;70;51m▞[38;2;136;133;104;48;2;6;39;39m▘[38;2;42;97;104;48;2;18;54;55m▗[38;2;24;77;79;48;2;24;77;79m▂[38;2;42;97;104m▁[38;2;40;109;109;48;2;18;54;55m▁[38;2;24;77;79m▘[38;2;36;53;41;48;2;136;133;104m▊[38;2;149;149;115;48;2;46;53;24m▊[38;2;8;22;6;48;2;36;53;41m▏[38;2;24;37;22;48;2;24;37;22m▖[38;2;80;71;56;48;2;8;22;6m▝[38;2;25;23;7;48;2;57;52;40m▀[38;2;42;39;19;48;2;107;106;79m▆[48;2;112;120;76m▅[38;2;5;10;3;48;2;136;133;104m▃[38;2;72;69;31m▔[38;2;59;70;51;48;2;149;149;115m▀[38;2;253;253;253;48;2;1;1;1m
[38;2;57;52;40;48;2;28;15;0m▗[38;2;42;39;19;48;2;25;23;7m▔[38;2;46;53;24;48;2;42;39;19m▃[38;2;42;39;19;48;2;36;53;41m▀[38;2;24;37;22;48;2;42;39;19m▗[38;2;80;71;56m▝[38;2;59;70;51;48;2;36;53;41m▖[38;2;42;97;104;48;2;18;54;55m▝[38;2;24;77;79;48;2;50;86;76m▕[48;2;24;77;79m▃▝▕[48;2;40;109;109m▅[38;2;42;97;104;48;2;42;97;104m▗[38;2;74;126;117;48;2;24;77;79m▂[38;2;42;97;104m▏▃[38;2;74;126;117m▔[38;2;24;77;79;48;2;74;126;117m▆[38;2;18;54;55;48;2;42;97;104m▆[48;2;74;126;117m▆[38;2;6;39;39;48;2;50;86;76m▆[38;2;59;70;51;48;2;149;134;98m▍[38;2;72;69;31;48;2;56;55;26m▏[38;2;36;67;56;48;2;8;22;6m▗[38;2;12;33;30;48;2;36;67;56m▗[38;2;18;54;55;48;2;12;33;30m▔[38;2;24;77;79;48;2;136;133;104m▅[38;2;52;70;70;48;2;105;96;64m▂[38;2;125;136;117;48;2;25;23;7m▅[38;2;38;38;37;48;2;119;117;96m▀[38;2;119;117;96;48;2;42;39;19m▅[38;2;107;106;79;48;2;75;80;69m▘[38;2;42;39;19;48;2;136;133;104m▆[38;2;24;77;79;48;2;18;54;55m▃[48;2;24;77;79m▗[38;2;42;97;104m▃[38;2;24;77;79;48;2;18;54;55m▘▝[38;2;40;109;109;48;2;36;67;56m▔[38;2;107;106;79;48;2;36;53;41m▂[38;2;12;33;30;48;2;136;133;104m▘[38;2;149;134;98;48;2;12;33;30m▘[38;2;36;53;41;48;2;36;53;41m▘[48;2;6;39;39m▁[48;2;12;33;30m▖[38;2;42;39;19m▔[38;2;12;33;30;48;2;95;85;57m▅[38;2;25;23;7m▞[38;2;95;85;57;48;2;25;23;7m▖[38;2;38;38;37m▕[38;2;42;39;19;48;2;107;106;79m▖[38;2;253;253;253;48;2;1;1;1m

